4 5.0000000000e+01 5.0000000000e+01 1 1202 1201 0 -1 -1 1 -1
4 1.5000000000e+02 5.0000000000e+01 2 1203 1202 1 0 -1 2 -1
4 2.5000000000e+02 5.0000000000e+01 3 1204 1203 2 1 -1 3 -1
4 3.5000000000e+02 5.0000000000e+01 4 1205 1204 3 2 -1 4 -1
4 4.5000000000e+02 5.0000000000e+01 5 1206 1205 4 3 -1 5 -1
4 5.5000000000e+02 5.0000000000e+01 6 1207 1206 5 4 -1 6 -1
4 6.5000000000e+02 5.0000000000e+01 7 1208 1207 6 5 -1 7 -1
4 7.5000000000e+02 5.0000000000e+01 8 1209 1208 7 6 -1 8 -1
4 8.5000000000e+02 5.0000000000e+01 9 1210 1209 8 7 -1 9 -1
4 9.5000000000e+02 5.0000000000e+01 10 1211 1210 9 8 -1 10 -1
4 1.0500000000e+03 5.0000000000e+01 11 1212 1211 10 9 -1 11 -1
4 1.1500000000e+03 5.0000000000e+01 12 1213 1212 11 10 -1 12 -1
4 1.2500000000e+03 5.0000000000e+01 13 1214 1213 12 11 -1 13 -1
4 1.3500000000e+03 5.0000000000e+01 14 1215 1214 13 12 -1 14 -1
4 1.4500000000e+03 5.0000000000e+01 15 1216 1215 14 13 -1 15 -1
4 1.5500000000e+03 5.0000000000e+01 16 1217 1216 15 14 -1 16 -1
4 1.6500000000e+03 5.0000000000e+01 17 1218 1217 16 15 -1 17 -1
4 1.7500000000e+03 5.0000000000e+01 18 1219 1218 17 16 -1 18 -1
4 1.8500000000e+03 5.0000000000e+01 19 1220 1219 18 17 -1 19 -1
4 1.9500000000e+03 5.0000000000e+01 20 1221 1220 19 18 -1 20 -1
4 2.0500000000e+03 5.0000000000e+01 21 1222 1221 20 19 -1 21 -1
4 2.1500000000e+03 5.0000000000e+01 22 1223 1222 21 20 -1 22 -1
4 2.2500000000e+03 5.0000000000e+01 23 1224 1223 22 21 -1 23 -1
4 2.3500000000e+03 5.0000000000e+01 24 1225 1224 23 22 -1 24 -1
4 2.4500000000e+03 5.0000000000e+01 25 1226 1225 24 23 -1 25 -1
4 2.5500000000e+03 5.0000000000e+01 26 1227 1226 25 24 -1 26 -1
4 2.6500000000e+03 5.0000000000e+01 27 1228 1227 26 25 -1 27 -1
4 2.7500000000e+03 5.0000000000e+01 28 1229 1228 27 26 -1 28 -1
4 2.8500000000e+03 5.0000000000e+01 29 1230 1229 28 27 -1 29 -1
4 2.9500000000e+03 5.0000000000e+01 30 1231 1230 29 28 -1 30 -1
4 3.0500000000e+03 5.0000000000e+01 31 1232 1231 30 29 -1 31 -1
4 3.1500000000e+03 5.0000000000e+01 32 1233 1232 31 30 -1 32 -1
4 3.2500000000e+03 5.0000000000e+01 33 1234 1233 32 31 -1 33 -1
4 3.3500000000e+03 5.0000000000e+01 34 1235 1234 33 32 -1 34 -1
4 3.4500000000e+03 5.0000000000e+01 35 1236 1235 34 33 -1 35 -1
4 3.5500000000e+03 5.0000000000e+01 36 1237 1236 35 34 -1 36 -1
4 3.6500000000e+03 5.0000000000e+01 37 1238 1237 36 35 -1 37 -1
4 3.7500000000e+03 5.0000000000e+01 38 1239 1238 37 36 -1 38 -1
4 3.8500000000e+03 5.0000000000e+01 39 1240 1239 38 37 -1 39 -1
4 3.9500000000e+03 5.0000000000e+01 40 1241 1240 39 38 -1 40 -1
4 4.0500000000e+03 5.0000000000e+01 41 1242 1241 40 39 -1 41 -1
4 4.1500000000e+03 5.0000000000e+01 42 1243 1242 41 40 -1 42 -1
4 4.2500000000e+03 5.0000000000e+01 43 1244 1243 42 41 -1 43 -1
4 4.3500000000e+03 5.0000000000e+01 44 1245 1244 43 42 -1 44 -1
4 4.4500000000e+03 5.0000000000e+01 45 1246 1245 44 43 -1 45 -1
4 4.5500000000e+03 5.0000000000e+01 46 1247 1246 45 44 -1 46 -1
4 4.6500000000e+03 5.0000000000e+01 47 1248 1247 46 45 -1 47 -1
4 4.7500000000e+03 5.0000000000e+01 48 1249 1248 47 46 -1 48 -1
4 4.8500000000e+03 5.0000000000e+01 49 1250 1249 48 47 -1 49 -1
4 4.9500000000e+03 5.0000000000e+01 50 1251 1250 49 48 -1 50 -1
4 5.0500000000e+03 5.0000000000e+01 51 1252 1251 50 49 -1 51 -1
4 5.1500000000e+03 5.0000000000e+01 52 1253 1252 51 50 -1 52 -1
4 5.2500000000e+03 5.0000000000e+01 53 1254 1253 52 51 -1 53 -1
4 5.3500000000e+03 5.0000000000e+01 54 1255 1254 53 52 -1 54 -1
4 5.4500000000e+03 5.0000000000e+01 55 1256 1255 54 53 -1 55 -1
4 5.5500000000e+03 5.0000000000e+01 56 1257 1256 55 54 -1 56 -1
4 5.6500000000e+03 5.0000000000e+01 57 1258 1257 56 55 -1 57 -1
4 5.7500000000e+03 5.0000000000e+01 58 1259 1258 57 56 -1 58 -1
4 5.8500000000e+03 5.0000000000e+01 59 1260 1259 58 57 -1 59 -1
4 5.9500000000e+03 5.0000000000e+01 60 1261 1260 59 58 -1 60 -1
4 6.0500000000e+03 5.0000000000e+01 61 1262 1261 60 59 -1 61 -1
4 6.1500000000e+03 5.0000000000e+01 62 1263 1262 61 60 -1 62 -1
4 6.2500000000e+03 5.0000000000e+01 63 1264 1263 62 61 -1 63 -1
4 6.3500000000e+03 5.0000000000e+01 64 1265 1264 63 62 -1 64 -1
4 6.4500000000e+03 5.0000000000e+01 65 1266 1265 64 63 -1 65 -1
4 6.5500000000e+03 5.0000000000e+01 66 1267 1266 65 64 -1 66 -1
4 6.6500000000e+03 5.0000000000e+01 67 1268 1267 66 65 -1 67 -1
4 6.7500000000e+03 5.0000000000e+01 68 1269 1268 67 66 -1 68 -1
4 6.8500000000e+03 5.0000000000e+01 69 1270 1269 68 67 -1 69 -1
4 6.9500000000e+03 5.0000000000e+01 70 1271 1270 69 68 -1 70 -1
4 7.0500000000e+03 5.0000000000e+01 71 1272 1271 70 69 -1 71 -1
4 7.1500000000e+03 5.0000000000e+01 72 1273 1272 71 70 -1 72 -1
4 7.2500000000e+03 5.0000000000e+01 73 1274 1273 72 71 -1 73 -1
4 7.3500000000e+03 5.0000000000e+01 74 1275 1274 73 72 -1 74 -1
4 7.4500000000e+03 5.0000000000e+01 75 1276 1275 74 73 -1 75 -1
4 7.5500000000e+03 5.0000000000e+01 76 1277 1276 75 74 -1 76 -1
4 7.6500000000e+03 5.0000000000e+01 77 1278 1277 76 75 -1 77 -1
4 7.7500000000e+03 5.0000000000e+01 78 1279 1278 77 76 -1 78 -1
4 7.8500000000e+03 5.0000000000e+01 79 1280 1279 78 77 -1 79 -1
4 7.9500000000e+03 5.0000000000e+01 80 1281 1280 79 78 -1 80 -1
4 8.0500000000e+03 5.0000000000e+01 81 1282 1281 80 79 -1 81 -1
4 8.1500000000e+03 5.0000000000e+01 82 1283 1282 81 80 -1 82 -1
4 8.2500000000e+03 5.0000000000e+01 83 1284 1283 82 81 -1 83 -1
4 8.3500000000e+03 5.0000000000e+01 84 1285 1284 83 82 -1 84 -1
4 8.4500000000e+03 5.0000000000e+01 85 1286 1285 84 83 -1 85 -1
4 8.5500000000e+03 5.0000000000e+01 86 1287 1286 85 84 -1 86 -1
4 8.6500000000e+03 5.0000000000e+01 87 1288 1287 86 85 -1 87 -1
4 8.7500000000e+03 5.0000000000e+01 88 1289 1288 87 86 -1 88 -1
4 8.8500000000e+03 5.0000000000e+01 89 1290 1289 88 87 -1 89 -1
4 8.9500000000e+03 5.0000000000e+01 90 1291 1290 89 88 -1 90 -1
4 9.0500000000e+03 5.0000000000e+01 91 1292 1291 90 89 -1 91 -1
4 9.1500000000e+03 5.0000000000e+01 92 1293 1292 91 90 -1 92 -1
4 9.2500000000e+03 5.0000000000e+01 93 1294 1293 92 91 -1 93 -1
4 9.3500000000e+03 5.0000000000e+01 94 1295 1294 93 92 -1 94 -1
4 9.4500000000e+03 5.0000000000e+01 95 1296 1295 94 93 -1 95 -1
4 9.5500000000e+03 5.0000000000e+01 96 1297 1296 95 94 -1 96 -1
4 9.6500000000e+03 5.0000000000e+01 97 1298 1297 96 95 -1 97 -1
4 9.7500000000e+03 5.0000000000e+01 98 1299 1298 97 96 -1 98 -1
4 9.8500000000e+03 5.0000000000e+01 99 1300 1299 98 97 -1 99 -1
4 9.9500000000e+03 5.0000000000e+01 100 1301 1300 99 98 -1 100 -1
4 1.0050000000e+04 5.0000000000e+01 101 1302 1301 100 99 -1 101 -1
4 1.0150000000e+04 5.0000000000e+01 102 1303 1302 101 100 -1 102 -1
4 1.0250000000e+04 5.0000000000e+01 103 1304 1303 102 101 -1 103 -1
4 1.0350000000e+04 5.0000000000e+01 104 1305 1304 103 102 -1 104 -1
4 1.0450000000e+04 5.0000000000e+01 105 1306 1305 104 103 -1 105 -1
4 1.0550000000e+04 5.0000000000e+01 106 1307 1306 105 104 -1 106 -1
4 1.0650000000e+04 5.0000000000e+01 107 1308 1307 106 105 -1 107 -1
4 1.0750000000e+04 5.0000000000e+01 108 1309 1308 107 106 -1 108 -1
4 1.0850000000e+04 5.0000000000e+01 109 1310 1309 108 107 -1 109 -1
4 1.0950000000e+04 5.0000000000e+01 110 1311 1310 109 108 -1 110 -1
4 1.1050000000e+04 5.0000000000e+01 111 1312 1311 110 109 -1 111 -1
4 1.1150000000e+04 5.0000000000e+01 112 1313 1312 111 110 -1 112 -1
4 1.1250000000e+04 5.0000000000e+01 113 1314 1313 112 111 -1 113 -1
4 1.1350000000e+04 5.0000000000e+01 114 1315 1314 113 112 -1 114 -1
4 1.1450000000e+04 5.0000000000e+01 115 1316 1315 114 113 -1 115 -1
4 1.1550000000e+04 5.0000000000e+01 116 1317 1316 115 114 -1 116 -1
4 1.1650000000e+04 5.0000000000e+01 117 1318 1317 116 115 -1 117 -1
4 1.1750000000e+04 5.0000000000e+01 118 1319 1318 117 116 -1 118 -1
4 1.1850000000e+04 5.0000000000e+01 119 1320 1319 118 117 -1 119 -1
4 1.1950000000e+04 5.0000000000e+01 120 1321 1320 119 118 -1 120 -1
4 1.2050000000e+04 5.0000000000e+01 121 1322 1321 120 119 -1 121 -1
4 1.2150000000e+04 5.0000000000e+01 122 1323 1322 121 120 -1 122 -1
4 1.2250000000e+04 5.0000000000e+01 123 1324 1323 122 121 -1 123 -1
4 1.2350000000e+04 5.0000000000e+01 124 1325 1324 123 122 -1 124 -1
4 1.2450000000e+04 5.0000000000e+01 125 1326 1325 124 123 -1 125 -1
4 1.2550000000e+04 5.0000000000e+01 126 1327 1326 125 124 -1 126 -1
4 1.2650000000e+04 5.0000000000e+01 127 1328 1327 126 125 -1 127 -1
4 1.2750000000e+04 5.0000000000e+01 128 1329 1328 127 126 -1 128 -1
4 1.2850000000e+04 5.0000000000e+01 129 1330 1329 128 127 -1 129 -1
4 1.2950000000e+04 5.0000000000e+01 130 1331 1330 129 128 -1 130 -1
4 1.3050000000e+04 5.0000000000e+01 131 1332 1331 130 129 -1 131 -1
4 1.3150000000e+04 5.0000000000e+01 132 1333 1332 131 130 -1 132 -1
4 1.3250000000e+04 5.0000000000e+01 133 1334 1333 132 131 -1 133 -1
4 1.3350000000e+04 5.0000000000e+01 134 1335 1334 133 132 -1 134 -1
4 1.3450000000e+04 5.0000000000e+01 135 1336 1335 134 133 -1 135 -1
4 1.3550000000e+04 5.0000000000e+01 136 1337 1336 135 134 -1 136 -1
4 1.3650000000e+04 5.0000000000e+01 137 1338 1337 136 135 -1 137 -1
4 1.3750000000e+04 5.0000000000e+01 138 1339 1338 137 136 -1 138 -1
4 1.3850000000e+04 5.0000000000e+01 139 1340 1339 138 137 -1 139 -1
4 1.3950000000e+04 5.0000000000e+01 140 1341 1340 139 138 -1 140 -1
4 1.4050000000e+04 5.0000000000e+01 141 1342 1341 140 139 -1 141 -1
4 1.4150000000e+04 5.0000000000e+01 142 1343 1342 141 140 -1 142 -1
4 1.4250000000e+04 5.0000000000e+01 143 1344 1343 142 141 -1 143 -1
4 1.4350000000e+04 5.0000000000e+01 144 1345 1344 143 142 -1 144 -1
4 1.4450000000e+04 5.0000000000e+01 145 1346 1345 144 143 -1 145 -1
4 1.4550000000e+04 5.0000000000e+01 146 1347 1346 145 144 -1 146 -1
4 1.4650000000e+04 5.0000000000e+01 147 1348 1347 146 145 -1 147 -1
4 1.4750000000e+04 5.0000000000e+01 148 1349 1348 147 146 -1 148 -1
4 1.4850000000e+04 5.0000000000e+01 149 1350 1349 148 147 -1 149 -1
4 1.4950000000e+04 5.0000000000e+01 150 1351 1350 149 148 -1 150 -1
4 1.5050000000e+04 5.0000000000e+01 151 1352 1351 150 149 -1 151 -1
4 1.5150000000e+04 5.0000000000e+01 152 1353 1352 151 150 -1 152 -1
4 1.5250000000e+04 5.0000000000e+01 153 1354 1353 152 151 -1 153 -1
4 1.5350000000e+04 5.0000000000e+01 154 1355 1354 153 152 -1 154 -1
4 1.5450000000e+04 5.0000000000e+01 155 1356 1355 154 153 -1 155 -1
4 1.5550000000e+04 5.0000000000e+01 156 1357 1356 155 154 -1 156 -1
4 1.5650000000e+04 5.0000000000e+01 157 1358 1357 156 155 -1 157 -1
4 1.5750000000e+04 5.0000000000e+01 158 1359 1358 157 156 -1 158 -1
4 1.5850000000e+04 5.0000000000e+01 159 1360 1359 158 157 -1 159 -1
4 1.5950000000e+04 5.0000000000e+01 160 1361 1360 159 158 -1 160 -1
4 1.6050000000e+04 5.0000000000e+01 161 1362 1361 160 159 -1 161 -1
4 1.6150000000e+04 5.0000000000e+01 162 1363 1362 161 160 -1 162 -1
4 1.6250000000e+04 5.0000000000e+01 163 1364 1363 162 161 -1 163 -1
4 1.6350000000e+04 5.0000000000e+01 164 1365 1364 163 162 -1 164 -1
4 1.6450000000e+04 5.0000000000e+01 165 1366 1365 164 163 -1 165 -1
4 1.6550000000e+04 5.0000000000e+01 166 1367 1366 165 164 -1 166 -1
4 1.6650000000e+04 5.0000000000e+01 167 1368 1367 166 165 -1 167 -1
4 1.6750000000e+04 5.0000000000e+01 168 1369 1368 167 166 -1 168 -1
4 1.6850000000e+04 5.0000000000e+01 169 1370 1369 168 167 -1 169 -1
4 1.6950000000e+04 5.0000000000e+01 170 1371 1370 169 168 -1 170 -1
4 1.7050000000e+04 5.0000000000e+01 171 1372 1371 170 169 -1 171 -1
4 1.7150000000e+04 5.0000000000e+01 172 1373 1372 171 170 -1 172 -1
4 1.7250000000e+04 5.0000000000e+01 173 1374 1373 172 171 -1 173 -1
4 1.7350000000e+04 5.0000000000e+01 174 1375 1374 173 172 -1 174 -1
4 1.7450000000e+04 5.0000000000e+01 175 1376 1375 174 173 -1 175 -1
4 1.7550000000e+04 5.0000000000e+01 176 1377 1376 175 174 -1 176 -1
4 1.7650000000e+04 5.0000000000e+01 177 1378 1377 176 175 -1 177 -1
4 1.7750000000e+04 5.0000000000e+01 178 1379 1378 177 176 -1 178 -1
4 1.7850000000e+04 5.0000000000e+01 179 1380 1379 178 177 -1 179 -1
4 1.7950000000e+04 5.0000000000e+01 180 1381 1380 179 178 -1 180 -1
4 1.8050000000e+04 5.0000000000e+01 181 1382 1381 180 179 -1 181 -1
4 1.8150000000e+04 5.0000000000e+01 182 1383 1382 181 180 -1 182 -1
4 1.8250000000e+04 5.0000000000e+01 183 1384 1383 182 181 -1 183 -1
4 1.8350000000e+04 5.0000000000e+01 184 1385 1384 183 182 -1 184 -1
4 1.8450000000e+04 5.0000000000e+01 185 1386 1385 184 183 -1 185 -1
4 1.8550000000e+04 5.0000000000e+01 186 1387 1386 185 184 -1 186 -1
4 1.8650000000e+04 5.0000000000e+01 187 1388 1387 186 185 -1 187 -1
4 1.8750000000e+04 5.0000000000e+01 188 1389 1388 187 186 -1 188 -1
4 1.8850000000e+04 5.0000000000e+01 189 1390 1389 188 187 -1 189 -1
4 1.8950000000e+04 5.0000000000e+01 190 1391 1390 189 188 -1 190 -1
4 1.9050000000e+04 5.0000000000e+01 191 1392 1391 190 189 -1 191 -1
4 1.9150000000e+04 5.0000000000e+01 192 1393 1392 191 190 -1 192 -1
4 1.9250000000e+04 5.0000000000e+01 193 1394 1393 192 191 -1 193 -1
4 1.9350000000e+04 5.0000000000e+01 194 1395 1394 193 192 -1 194 -1
4 1.9450000000e+04 5.0000000000e+01 195 1396 1395 194 193 -1 195 -1
4 1.9550000000e+04 5.0000000000e+01 196 1397 1396 195 194 -1 196 -1
4 1.9650000000e+04 5.0000000000e+01 197 1398 1397 196 195 -1 197 -1
4 1.9750000000e+04 5.0000000000e+01 198 1399 1398 197 196 -1 198 -1
4 1.9850000000e+04 5.0000000000e+01 199 1400 1399 198 197 -1 199 -1
4 1.9950000000e+04 5.0000000000e+01 200 1401 1400 199 198 -1 200 -1
4 2.0050000000e+04 5.0000000000e+01 201 1402 1401 200 199 -1 201 -1
4 2.0150000000e+04 5.0000000000e+01 202 1403 1402 201 200 -1 202 -1
4 2.0250000000e+04 5.0000000000e+01 203 1404 1403 202 201 -1 203 -1
4 2.0350000000e+04 5.0000000000e+01 204 1405 1404 203 202 -1 204 -1
4 2.0450000000e+04 5.0000000000e+01 205 1406 1405 204 203 -1 205 -1
4 2.0550000000e+04 5.0000000000e+01 206 1407 1406 205 204 -1 206 -1
4 2.0650000000e+04 5.0000000000e+01 207 1408 1407 206 205 -1 207 -1
4 2.0750000000e+04 5.0000000000e+01 208 1409 1408 207 206 -1 208 -1
4 2.0850000000e+04 5.0000000000e+01 209 1410 1409 208 207 -1 209 -1
4 2.0950000000e+04 5.0000000000e+01 210 1411 1410 209 208 -1 210 -1
4 2.1050000000e+04 5.0000000000e+01 211 1412 1411 210 209 -1 211 -1
4 2.1150000000e+04 5.0000000000e+01 212 1413 1412 211 210 -1 212 -1
4 2.1250000000e+04 5.0000000000e+01 213 1414 1413 212 211 -1 213 -1
4 2.1350000000e+04 5.0000000000e+01 214 1415 1414 213 212 -1 214 -1
4 2.1450000000e+04 5.0000000000e+01 215 1416 1415 214 213 -1 215 -1
4 2.1550000000e+04 5.0000000000e+01 216 1417 1416 215 214 -1 216 -1
4 2.1650000000e+04 5.0000000000e+01 217 1418 1417 216 215 -1 217 -1
4 2.1750000000e+04 5.0000000000e+01 218 1419 1418 217 216 -1 218 -1
4 2.1850000000e+04 5.0000000000e+01 219 1420 1419 218 217 -1 219 -1
4 2.1950000000e+04 5.0000000000e+01 220 1421 1420 219 218 -1 220 -1
4 2.2050000000e+04 5.0000000000e+01 221 1422 1421 220 219 -1 221 -1
4 2.2150000000e+04 5.0000000000e+01 222 1423 1422 221 220 -1 222 -1
4 2.2250000000e+04 5.0000000000e+01 223 1424 1423 222 221 -1 223 -1
4 2.2350000000e+04 5.0000000000e+01 224 1425 1424 223 222 -1 224 -1
4 2.2450000000e+04 5.0000000000e+01 225 1426 1425 224 223 -1 225 -1
4 2.2550000000e+04 5.0000000000e+01 226 1427 1426 225 224 -1 226 -1
4 2.2650000000e+04 5.0000000000e+01 227 1428 1427 226 225 -1 227 -1
4 2.2750000000e+04 5.0000000000e+01 228 1429 1428 227 226 -1 228 -1
4 2.2850000000e+04 5.0000000000e+01 229 1430 1429 228 227 -1 229 -1
4 2.2950000000e+04 5.0000000000e+01 230 1431 1430 229 228 -1 230 -1
4 2.3050000000e+04 5.0000000000e+01 231 1432 1431 230 229 -1 231 -1
4 2.3150000000e+04 5.0000000000e+01 232 1433 1432 231 230 -1 232 -1
4 2.3250000000e+04 5.0000000000e+01 233 1434 1433 232 231 -1 233 -1
4 2.3350000000e+04 5.0000000000e+01 234 1435 1434 233 232 -1 234 -1
4 2.3450000000e+04 5.0000000000e+01 235 1436 1435 234 233 -1 235 -1
4 2.3550000000e+04 5.0000000000e+01 236 1437 1436 235 234 -1 236 -1
4 2.3650000000e+04 5.0000000000e+01 237 1438 1437 236 235 -1 237 -1
4 2.3750000000e+04 5.0000000000e+01 238 1439 1438 237 236 -1 238 -1
4 2.3850000000e+04 5.0000000000e+01 239 1440 1439 238 237 -1 239 -1
4 2.3950000000e+04 5.0000000000e+01 240 1441 1440 239 238 -1 240 -1
4 2.4050000000e+04 5.0000000000e+01 241 1442 1441 240 239 -1 241 -1
4 2.4150000000e+04 5.0000000000e+01 242 1443 1442 241 240 -1 242 -1
4 2.4250000000e+04 5.0000000000e+01 243 1444 1443 242 241 -1 243 -1
4 2.4350000000e+04 5.0000000000e+01 244 1445 1444 243 242 -1 244 -1
4 2.4450000000e+04 5.0000000000e+01 245 1446 1445 244 243 -1 245 -1
4 2.4550000000e+04 5.0000000000e+01 246 1447 1446 245 244 -1 246 -1
4 2.4650000000e+04 5.0000000000e+01 247 1448 1447 246 245 -1 247 -1
4 2.4750000000e+04 5.0000000000e+01 248 1449 1448 247 246 -1 248 -1
4 2.4850000000e+04 5.0000000000e+01 249 1450 1449 248 247 -1 249 -1
4 2.4950000000e+04 5.0000000000e+01 250 1451 1450 249 248 -1 250 -1
4 2.5050000000e+04 5.0000000000e+01 251 1452 1451 250 249 -1 251 -1
4 2.5150000000e+04 5.0000000000e+01 252 1453 1452 251 250 -1 252 -1
4 2.5250000000e+04 5.0000000000e+01 253 1454 1453 252 251 -1 253 -1
4 2.5350000000e+04 5.0000000000e+01 254 1455 1454 253 252 -1 254 -1
4 2.5450000000e+04 5.0000000000e+01 255 1456 1455 254 253 -1 255 -1
4 2.5550000000e+04 5.0000000000e+01 256 1457 1456 255 254 -1 256 -1
4 2.5650000000e+04 5.0000000000e+01 257 1458 1457 256 255 -1 257 -1
4 2.5750000000e+04 5.0000000000e+01 258 1459 1458 257 256 -1 258 -1
4 2.5850000000e+04 5.0000000000e+01 259 1460 1459 258 257 -1 259 -1
4 2.5950000000e+04 5.0000000000e+01 260 1461 1460 259 258 -1 260 -1
4 2.6050000000e+04 5.0000000000e+01 261 1462 1461 260 259 -1 261 -1
4 2.6150000000e+04 5.0000000000e+01 262 1463 1462 261 260 -1 262 -1
4 2.6250000000e+04 5.0000000000e+01 263 1464 1463 262 261 -1 263 -1
4 2.6350000000e+04 5.0000000000e+01 264 1465 1464 263 262 -1 264 -1
4 2.6450000000e+04 5.0000000000e+01 265 1466 1465 264 263 -1 265 -1
4 2.6550000000e+04 5.0000000000e+01 266 1467 1466 265 264 -1 266 -1
4 2.6650000000e+04 5.0000000000e+01 267 1468 1467 266 265 -1 267 -1
4 2.6750000000e+04 5.0000000000e+01 268 1469 1468 267 266 -1 268 -1
4 2.6850000000e+04 5.0000000000e+01 269 1470 1469 268 267 -1 269 -1
4 2.6950000000e+04 5.0000000000e+01 270 1471 1470 269 268 -1 270 -1
4 2.7050000000e+04 5.0000000000e+01 271 1472 1471 270 269 -1 271 -1
4 2.7150000000e+04 5.0000000000e+01 272 1473 1472 271 270 -1 272 -1
4 2.7250000000e+04 5.0000000000e+01 273 1474 1473 272 271 -1 273 -1
4 2.7350000000e+04 5.0000000000e+01 274 1475 1474 273 272 -1 274 -1
4 2.7450000000e+04 5.0000000000e+01 275 1476 1475 274 273 -1 275 -1
4 2.7550000000e+04 5.0000000000e+01 276 1477 1476 275 274 -1 276 -1
4 2.7650000000e+04 5.0000000000e+01 277 1478 1477 276 275 -1 277 -1
4 2.7750000000e+04 5.0000000000e+01 278 1479 1478 277 276 -1 278 -1
4 2.7850000000e+04 5.0000000000e+01 279 1480 1479 278 277 -1 279 -1
4 2.7950000000e+04 5.0000000000e+01 280 1481 1480 279 278 -1 280 -1
4 2.8050000000e+04 5.0000000000e+01 281 1482 1481 280 279 -1 281 -1
4 2.8150000000e+04 5.0000000000e+01 282 1483 1482 281 280 -1 282 -1
4 2.8250000000e+04 5.0000000000e+01 283 1484 1483 282 281 -1 283 -1
4 2.8350000000e+04 5.0000000000e+01 284 1485 1484 283 282 -1 284 -1
4 2.8450000000e+04 5.0000000000e+01 285 1486 1485 284 283 -1 285 -1
4 2.8550000000e+04 5.0000000000e+01 286 1487 1486 285 284 -1 286 -1
4 2.8650000000e+04 5.0000000000e+01 287 1488 1487 286 285 -1 287 -1
4 2.8750000000e+04 5.0000000000e+01 288 1489 1488 287 286 -1 288 -1
4 2.8850000000e+04 5.0000000000e+01 289 1490 1489 288 287 -1 289 -1
4 2.8950000000e+04 5.0000000000e+01 290 1491 1490 289 288 -1 290 -1
4 2.9050000000e+04 5.0000000000e+01 291 1492 1491 290 289 -1 291 -1
4 2.9150000000e+04 5.0000000000e+01 292 1493 1492 291 290 -1 292 -1
4 2.9250000000e+04 5.0000000000e+01 293 1494 1493 292 291 -1 293 -1
4 2.9350000000e+04 5.0000000000e+01 294 1495 1494 293 292 -1 294 -1
4 2.9450000000e+04 5.0000000000e+01 295 1496 1495 294 293 -1 295 -1
4 2.9550000000e+04 5.0000000000e+01 296 1497 1496 295 294 -1 296 -1
4 2.9650000000e+04 5.0000000000e+01 297 1498 1497 296 295 -1 297 -1
4 2.9750000000e+04 5.0000000000e+01 298 1499 1498 297 296 -1 298 -1
4 2.9850000000e+04 5.0000000000e+01 299 1500 1499 298 297 -1 299 -1
4 2.9950000000e+04 5.0000000000e+01 300 1501 1500 299 298 -1 300 -1
4 3.0050000000e+04 5.0000000000e+01 301 1502 1501 300 299 -1 301 -1
4 3.0150000000e+04 5.0000000000e+01 302 1503 1502 301 300 -1 302 -1
4 3.0250000000e+04 5.0000000000e+01 303 1504 1503 302 301 -1 303 -1
4 3.0350000000e+04 5.0000000000e+01 304 1505 1504 303 302 -1 304 -1
4 3.0450000000e+04 5.0000000000e+01 305 1506 1505 304 303 -1 305 -1
4 3.0550000000e+04 5.0000000000e+01 306 1507 1506 305 304 -1 306 -1
4 3.0650000000e+04 5.0000000000e+01 307 1508 1507 306 305 -1 307 -1
4 3.0750000000e+04 5.0000000000e+01 308 1509 1508 307 306 -1 308 -1
4 3.0850000000e+04 5.0000000000e+01 309 1510 1509 308 307 -1 309 -1
4 3.0950000000e+04 5.0000000000e+01 310 1511 1510 309 308 -1 310 -1
4 3.1050000000e+04 5.0000000000e+01 311 1512 1511 310 309 -1 311 -1
4 3.1150000000e+04 5.0000000000e+01 312 1513 1512 311 310 -1 312 -1
4 3.1250000000e+04 5.0000000000e+01 313 1514 1513 312 311 -1 313 -1
4 3.1350000000e+04 5.0000000000e+01 314 1515 1514 313 312 -1 314 -1
4 3.1450000000e+04 5.0000000000e+01 315 1516 1515 314 313 -1 315 -1
4 3.1550000000e+04 5.0000000000e+01 316 1517 1516 315 314 -1 316 -1
4 3.1650000000e+04 5.0000000000e+01 317 1518 1517 316 315 -1 317 -1
4 3.1750000000e+04 5.0000000000e+01 318 1519 1518 317 316 -1 318 -1
4 3.1850000000e+04 5.0000000000e+01 319 1520 1519 318 317 -1 319 -1
4 3.1950000000e+04 5.0000000000e+01 320 1521 1520 319 318 -1 320 -1
4 3.2050000000e+04 5.0000000000e+01 321 1522 1521 320 319 -1 321 -1
4 3.2150000000e+04 5.0000000000e+01 322 1523 1522 321 320 -1 322 -1
4 3.2250000000e+04 5.0000000000e+01 323 1524 1523 322 321 -1 323 -1
4 3.2350000000e+04 5.0000000000e+01 324 1525 1524 323 322 -1 324 -1
4 3.2450000000e+04 5.0000000000e+01 325 1526 1525 324 323 -1 325 -1
4 3.2550000000e+04 5.0000000000e+01 326 1527 1526 325 324 -1 326 -1
4 3.2650000000e+04 5.0000000000e+01 327 1528 1527 326 325 -1 327 -1
4 3.2750000000e+04 5.0000000000e+01 328 1529 1528 327 326 -1 328 -1
4 3.2850000000e+04 5.0000000000e+01 329 1530 1529 328 327 -1 329 -1
4 3.2950000000e+04 5.0000000000e+01 330 1531 1530 329 328 -1 330 -1
4 3.3050000000e+04 5.0000000000e+01 331 1532 1531 330 329 -1 331 -1
4 3.3150000000e+04 5.0000000000e+01 332 1533 1532 331 330 -1 332 -1
4 3.3250000000e+04 5.0000000000e+01 333 1534 1533 332 331 -1 333 -1
4 3.3350000000e+04 5.0000000000e+01 334 1535 1534 333 332 -1 334 -1
4 3.3450000000e+04 5.0000000000e+01 335 1536 1535 334 333 -1 335 -1
4 3.3550000000e+04 5.0000000000e+01 336 1537 1536 335 334 -1 336 -1
4 3.3650000000e+04 5.0000000000e+01 337 1538 1537 336 335 -1 337 -1
4 3.3750000000e+04 5.0000000000e+01 338 1539 1538 337 336 -1 338 -1
4 3.3850000000e+04 5.0000000000e+01 339 1540 1539 338 337 -1 339 -1
4 3.3950000000e+04 5.0000000000e+01 340 1541 1540 339 338 -1 340 -1
4 3.4050000000e+04 5.0000000000e+01 341 1542 1541 340 339 -1 341 -1
4 3.4150000000e+04 5.0000000000e+01 342 1543 1542 341 340 -1 342 -1
4 3.4250000000e+04 5.0000000000e+01 343 1544 1543 342 341 -1 343 -1
4 3.4350000000e+04 5.0000000000e+01 344 1545 1544 343 342 -1 344 -1
4 3.4450000000e+04 5.0000000000e+01 345 1546 1545 344 343 -1 345 -1
4 3.4550000000e+04 5.0000000000e+01 346 1547 1546 345 344 -1 346 -1
4 3.4650000000e+04 5.0000000000e+01 347 1548 1547 346 345 -1 347 -1
4 3.4750000000e+04 5.0000000000e+01 348 1549 1548 347 346 -1 348 -1
4 3.4850000000e+04 5.0000000000e+01 349 1550 1549 348 347 -1 349 -1
4 3.4950000000e+04 5.0000000000e+01 350 1551 1550 349 348 -1 350 -1
4 3.5050000000e+04 5.0000000000e+01 351 1552 1551 350 349 -1 351 -1
4 3.5150000000e+04 5.0000000000e+01 352 1553 1552 351 350 -1 352 -1
4 3.5250000000e+04 5.0000000000e+01 353 1554 1553 352 351 -1 353 -1
4 3.5350000000e+04 5.0000000000e+01 354 1555 1554 353 352 -1 354 -1
4 3.5450000000e+04 5.0000000000e+01 355 1556 1555 354 353 -1 355 -1
4 3.5550000000e+04 5.0000000000e+01 356 1557 1556 355 354 -1 356 -1
4 3.5650000000e+04 5.0000000000e+01 357 1558 1557 356 355 -1 357 -1
4 3.5750000000e+04 5.0000000000e+01 358 1559 1558 357 356 -1 358 -1
4 3.5850000000e+04 5.0000000000e+01 359 1560 1559 358 357 -1 359 -1
4 3.5950000000e+04 5.0000000000e+01 360 1561 1560 359 358 -1 360 -1
4 3.6050000000e+04 5.0000000000e+01 361 1562 1561 360 359 -1 361 -1
4 3.6150000000e+04 5.0000000000e+01 362 1563 1562 361 360 -1 362 -1
4 3.6250000000e+04 5.0000000000e+01 363 1564 1563 362 361 -1 363 -1
4 3.6350000000e+04 5.0000000000e+01 364 1565 1564 363 362 -1 364 -1
4 3.6450000000e+04 5.0000000000e+01 365 1566 1565 364 363 -1 365 -1
4 3.6550000000e+04 5.0000000000e+01 366 1567 1566 365 364 -1 366 -1
4 3.6650000000e+04 5.0000000000e+01 367 1568 1567 366 365 -1 367 -1
4 3.6750000000e+04 5.0000000000e+01 368 1569 1568 367 366 -1 368 -1
4 3.6850000000e+04 5.0000000000e+01 369 1570 1569 368 367 -1 369 -1
4 3.6950000000e+04 5.0000000000e+01 370 1571 1570 369 368 -1 370 -1
4 3.7050000000e+04 5.0000000000e+01 371 1572 1571 370 369 -1 371 -1
4 3.7150000000e+04 5.0000000000e+01 372 1573 1572 371 370 -1 372 -1
4 3.7250000000e+04 5.0000000000e+01 373 1574 1573 372 371 -1 373 -1
4 3.7350000000e+04 5.0000000000e+01 374 1575 1574 373 372 -1 374 -1
4 3.7450000000e+04 5.0000000000e+01 375 1576 1575 374 373 -1 375 -1
4 3.7550000000e+04 5.0000000000e+01 376 1577 1576 375 374 -1 376 -1
4 3.7650000000e+04 5.0000000000e+01 377 1578 1577 376 375 -1 377 -1
4 3.7750000000e+04 5.0000000000e+01 378 1579 1578 377 376 -1 378 -1
4 3.7850000000e+04 5.0000000000e+01 379 1580 1579 378 377 -1 379 -1
4 3.7950000000e+04 5.0000000000e+01 380 1581 1580 379 378 -1 380 -1
4 3.8050000000e+04 5.0000000000e+01 381 1582 1581 380 379 -1 381 -1
4 3.8150000000e+04 5.0000000000e+01 382 1583 1582 381 380 -1 382 -1
4 3.8250000000e+04 5.0000000000e+01 383 1584 1583 382 381 -1 383 -1
4 3.8350000000e+04 5.0000000000e+01 384 1585 1584 383 382 -1 384 -1
4 3.8450000000e+04 5.0000000000e+01 385 1586 1585 384 383 -1 385 -1
4 3.8550000000e+04 5.0000000000e+01 386 1587 1586 385 384 -1 386 -1
4 3.8650000000e+04 5.0000000000e+01 387 1588 1587 386 385 -1 387 -1
4 3.8750000000e+04 5.0000000000e+01 388 1589 1588 387 386 -1 388 -1
4 3.8850000000e+04 5.0000000000e+01 389 1590 1589 388 387 -1 389 -1
4 3.8950000000e+04 5.0000000000e+01 390 1591 1590 389 388 -1 390 -1
4 3.9050000000e+04 5.0000000000e+01 391 1592 1591 390 389 -1 391 -1
4 3.9150000000e+04 5.0000000000e+01 392 1593 1592 391 390 -1 392 -1
4 3.9250000000e+04 5.0000000000e+01 393 1594 1593 392 391 -1 393 -1
4 3.9350000000e+04 5.0000000000e+01 394 1595 1594 393 392 -1 394 -1
4 3.9450000000e+04 5.0000000000e+01 395 1596 1595 394 393 -1 395 -1
4 3.9550000000e+04 5.0000000000e+01 396 1597 1596 395 394 -1 396 -1
4 3.9650000000e+04 5.0000000000e+01 397 1598 1597 396 395 -1 397 -1
4 3.9750000000e+04 5.0000000000e+01 398 1599 1598 397 396 -1 398 -1
4 3.9850000000e+04 5.0000000000e+01 399 1600 1599 398 397 -1 399 -1
4 3.9950000000e+04 5.0000000000e+01 400 1601 1600 399 398 -1 400 -1
4 4.0050000000e+04 5.0000000000e+01 401 1602 1601 400 399 -1 401 -1
4 4.0150000000e+04 5.0000000000e+01 402 1603 1602 401 400 -1 402 -1
4 4.0250000000e+04 5.0000000000e+01 403 1604 1603 402 401 -1 403 -1
4 4.0350000000e+04 5.0000000000e+01 404 1605 1604 403 402 -1 404 -1
4 4.0450000000e+04 5.0000000000e+01 405 1606 1605 404 403 -1 405 -1
4 4.0550000000e+04 5.0000000000e+01 406 1607 1606 405 404 -1 406 -1
4 4.0650000000e+04 5.0000000000e+01 407 1608 1607 406 405 -1 407 -1
4 4.0750000000e+04 5.0000000000e+01 408 1609 1608 407 406 -1 408 -1
4 4.0850000000e+04 5.0000000000e+01 409 1610 1609 408 407 -1 409 -1
4 4.0950000000e+04 5.0000000000e+01 410 1611 1610 409 408 -1 410 -1
4 4.1050000000e+04 5.0000000000e+01 411 1612 1611 410 409 -1 411 -1
4 4.1150000000e+04 5.0000000000e+01 412 1613 1612 411 410 -1 412 -1
4 4.1250000000e+04 5.0000000000e+01 413 1614 1613 412 411 -1 413 -1
4 4.1350000000e+04 5.0000000000e+01 414 1615 1614 413 412 -1 414 -1
4 4.1450000000e+04 5.0000000000e+01 415 1616 1615 414 413 -1 415 -1
4 4.1550000000e+04 5.0000000000e+01 416 1617 1616 415 414 -1 416 -1
4 4.1650000000e+04 5.0000000000e+01 417 1618 1617 416 415 -1 417 -1
4 4.1750000000e+04 5.0000000000e+01 418 1619 1618 417 416 -1 418 -1
4 4.1850000000e+04 5.0000000000e+01 419 1620 1619 418 417 -1 419 -1
4 4.1950000000e+04 5.0000000000e+01 420 1621 1620 419 418 -1 420 -1
4 4.2050000000e+04 5.0000000000e+01 421 1622 1621 420 419 -1 421 -1
4 4.2150000000e+04 5.0000000000e+01 422 1623 1622 421 420 -1 422 -1
4 4.2250000000e+04 5.0000000000e+01 423 1624 1623 422 421 -1 423 -1
4 4.2350000000e+04 5.0000000000e+01 424 1625 1624 423 422 -1 424 -1
4 4.2450000000e+04 5.0000000000e+01 425 1626 1625 424 423 -1 425 -1
4 4.2550000000e+04 5.0000000000e+01 426 1627 1626 425 424 -1 426 -1
4 4.2650000000e+04 5.0000000000e+01 427 1628 1627 426 425 -1 427 -1
4 4.2750000000e+04 5.0000000000e+01 428 1629 1628 427 426 -1 428 -1
4 4.2850000000e+04 5.0000000000e+01 429 1630 1629 428 427 -1 429 -1
4 4.2950000000e+04 5.0000000000e+01 430 1631 1630 429 428 -1 430 -1
4 4.3050000000e+04 5.0000000000e+01 431 1632 1631 430 429 -1 431 -1
4 4.3150000000e+04 5.0000000000e+01 432 1633 1632 431 430 -1 432 -1
4 4.3250000000e+04 5.0000000000e+01 433 1634 1633 432 431 -1 433 -1
4 4.3350000000e+04 5.0000000000e+01 434 1635 1634 433 432 -1 434 -1
4 4.3450000000e+04 5.0000000000e+01 435 1636 1635 434 433 -1 435 -1
4 4.3550000000e+04 5.0000000000e+01 436 1637 1636 435 434 -1 436 -1
4 4.3650000000e+04 5.0000000000e+01 437 1638 1637 436 435 -1 437 -1
4 4.3750000000e+04 5.0000000000e+01 438 1639 1638 437 436 -1 438 -1
4 4.3850000000e+04 5.0000000000e+01 439 1640 1639 438 437 -1 439 -1
4 4.3950000000e+04 5.0000000000e+01 440 1641 1640 439 438 -1 440 -1
4 4.4050000000e+04 5.0000000000e+01 441 1642 1641 440 439 -1 441 -1
4 4.4150000000e+04 5.0000000000e+01 442 1643 1642 441 440 -1 442 -1
4 4.4250000000e+04 5.0000000000e+01 443 1644 1643 442 441 -1 443 -1
4 4.4350000000e+04 5.0000000000e+01 444 1645 1644 443 442 -1 444 -1
4 4.4450000000e+04 5.0000000000e+01 445 1646 1645 444 443 -1 445 -1
4 4.4550000000e+04 5.0000000000e+01 446 1647 1646 445 444 -1 446 -1
4 4.4650000000e+04 5.0000000000e+01 447 1648 1647 446 445 -1 447 -1
4 4.4750000000e+04 5.0000000000e+01 448 1649 1648 447 446 -1 448 -1
4 4.4850000000e+04 5.0000000000e+01 449 1650 1649 448 447 -1 449 -1
4 4.4950000000e+04 5.0000000000e+01 450 1651 1650 449 448 -1 450 -1
4 4.5050000000e+04 5.0000000000e+01 451 1652 1651 450 449 -1 451 -1
4 4.5150000000e+04 5.0000000000e+01 452 1653 1652 451 450 -1 452 -1
4 4.5250000000e+04 5.0000000000e+01 453 1654 1653 452 451 -1 453 -1
4 4.5350000000e+04 5.0000000000e+01 454 1655 1654 453 452 -1 454 -1
4 4.5450000000e+04 5.0000000000e+01 455 1656 1655 454 453 -1 455 -1
4 4.5550000000e+04 5.0000000000e+01 456 1657 1656 455 454 -1 456 -1
4 4.5650000000e+04 5.0000000000e+01 457 1658 1657 456 455 -1 457 -1
4 4.5750000000e+04 5.0000000000e+01 458 1659 1658 457 456 -1 458 -1
4 4.5850000000e+04 5.0000000000e+01 459 1660 1659 458 457 -1 459 -1
4 4.5950000000e+04 5.0000000000e+01 460 1661 1660 459 458 -1 460 -1
4 4.6050000000e+04 5.0000000000e+01 461 1662 1661 460 459 -1 461 -1
4 4.6150000000e+04 5.0000000000e+01 462 1663 1662 461 460 -1 462 -1
4 4.6250000000e+04 5.0000000000e+01 463 1664 1663 462 461 -1 463 -1
4 4.6350000000e+04 5.0000000000e+01 464 1665 1664 463 462 -1 464 -1
4 4.6450000000e+04 5.0000000000e+01 465 1666 1665 464 463 -1 465 -1
4 4.6550000000e+04 5.0000000000e+01 466 1667 1666 465 464 -1 466 -1
4 4.6650000000e+04 5.0000000000e+01 467 1668 1667 466 465 -1 467 -1
4 4.6750000000e+04 5.0000000000e+01 468 1669 1668 467 466 -1 468 -1
4 4.6850000000e+04 5.0000000000e+01 469 1670 1669 468 467 -1 469 -1
4 4.6950000000e+04 5.0000000000e+01 470 1671 1670 469 468 -1 470 -1
4 4.7050000000e+04 5.0000000000e+01 471 1672 1671 470 469 -1 471 -1
4 4.7150000000e+04 5.0000000000e+01 472 1673 1672 471 470 -1 472 -1
4 4.7250000000e+04 5.0000000000e+01 473 1674 1673 472 471 -1 473 -1
4 4.7350000000e+04 5.0000000000e+01 474 1675 1674 473 472 -1 474 -1
4 4.7450000000e+04 5.0000000000e+01 475 1676 1675 474 473 -1 475 -1
4 4.7550000000e+04 5.0000000000e+01 476 1677 1676 475 474 -1 476 -1
4 4.7650000000e+04 5.0000000000e+01 477 1678 1677 476 475 -1 477 -1
4 4.7750000000e+04 5.0000000000e+01 478 1679 1678 477 476 -1 478 -1
4 4.7850000000e+04 5.0000000000e+01 479 1680 1679 478 477 -1 479 -1
4 4.7950000000e+04 5.0000000000e+01 480 1681 1680 479 478 -1 480 -1
4 4.8050000000e+04 5.0000000000e+01 481 1682 1681 480 479 -1 481 -1
4 4.8150000000e+04 5.0000000000e+01 482 1683 1682 481 480 -1 482 -1
4 4.8250000000e+04 5.0000000000e+01 483 1684 1683 482 481 -1 483 -1
4 4.8350000000e+04 5.0000000000e+01 484 1685 1684 483 482 -1 484 -1
4 4.8450000000e+04 5.0000000000e+01 485 1686 1685 484 483 -1 485 -1
4 4.8550000000e+04 5.0000000000e+01 486 1687 1686 485 484 -1 486 -1
4 4.8650000000e+04 5.0000000000e+01 487 1688 1687 486 485 -1 487 -1
4 4.8750000000e+04 5.0000000000e+01 488 1689 1688 487 486 -1 488 -1
4 4.8850000000e+04 5.0000000000e+01 489 1690 1689 488 487 -1 489 -1
4 4.8950000000e+04 5.0000000000e+01 490 1691 1690 489 488 -1 490 -1
4 4.9050000000e+04 5.0000000000e+01 491 1692 1691 490 489 -1 491 -1
4 4.9150000000e+04 5.0000000000e+01 492 1693 1692 491 490 -1 492 -1
4 4.9250000000e+04 5.0000000000e+01 493 1694 1693 492 491 -1 493 -1
4 4.9350000000e+04 5.0000000000e+01 494 1695 1694 493 492 -1 494 -1
4 4.9450000000e+04 5.0000000000e+01 495 1696 1695 494 493 -1 495 -1
4 4.9550000000e+04 5.0000000000e+01 496 1697 1696 495 494 -1 496 -1
4 4.9650000000e+04 5.0000000000e+01 497 1698 1697 496 495 -1 497 -1
4 4.9750000000e+04 5.0000000000e+01 498 1699 1698 497 496 -1 498 -1
4 4.9850000000e+04 5.0000000000e+01 499 1700 1699 498 497 -1 499 -1
4 4.9950000000e+04 5.0000000000e+01 500 1701 1700 499 498 -1 500 -1
4 5.0050000000e+04 5.0000000000e+01 501 1702 1701 500 499 -1 501 -1
4 5.0150000000e+04 5.0000000000e+01 502 1703 1702 501 500 -1 502 -1
4 5.0250000000e+04 5.0000000000e+01 503 1704 1703 502 501 -1 503 -1
4 5.0350000000e+04 5.0000000000e+01 504 1705 1704 503 502 -1 504 -1
4 5.0450000000e+04 5.0000000000e+01 505 1706 1705 504 503 -1 505 -1
4 5.0550000000e+04 5.0000000000e+01 506 1707 1706 505 504 -1 506 -1
4 5.0650000000e+04 5.0000000000e+01 507 1708 1707 506 505 -1 507 -1
4 5.0750000000e+04 5.0000000000e+01 508 1709 1708 507 506 -1 508 -1
4 5.0850000000e+04 5.0000000000e+01 509 1710 1709 508 507 -1 509 -1
4 5.0950000000e+04 5.0000000000e+01 510 1711 1710 509 508 -1 510 -1
4 5.1050000000e+04 5.0000000000e+01 511 1712 1711 510 509 -1 511 -1
4 5.1150000000e+04 5.0000000000e+01 512 1713 1712 511 510 -1 512 -1
4 5.1250000000e+04 5.0000000000e+01 513 1714 1713 512 511 -1 513 -1
4 5.1350000000e+04 5.0000000000e+01 514 1715 1714 513 512 -1 514 -1
4 5.1450000000e+04 5.0000000000e+01 515 1716 1715 514 513 -1 515 -1
4 5.1550000000e+04 5.0000000000e+01 516 1717 1716 515 514 -1 516 -1
4 5.1650000000e+04 5.0000000000e+01 517 1718 1717 516 515 -1 517 -1
4 5.1750000000e+04 5.0000000000e+01 518 1719 1718 517 516 -1 518 -1
4 5.1850000000e+04 5.0000000000e+01 519 1720 1719 518 517 -1 519 -1
4 5.1950000000e+04 5.0000000000e+01 520 1721 1720 519 518 -1 520 -1
4 5.2050000000e+04 5.0000000000e+01 521 1722 1721 520 519 -1 521 -1
4 5.2150000000e+04 5.0000000000e+01 522 1723 1722 521 520 -1 522 -1
4 5.2250000000e+04 5.0000000000e+01 523 1724 1723 522 521 -1 523 -1
4 5.2350000000e+04 5.0000000000e+01 524 1725 1724 523 522 -1 524 -1
4 5.2450000000e+04 5.0000000000e+01 525 1726 1725 524 523 -1 525 -1
4 5.2550000000e+04 5.0000000000e+01 526 1727 1726 525 524 -1 526 -1
4 5.2650000000e+04 5.0000000000e+01 527 1728 1727 526 525 -1 527 -1
4 5.2750000000e+04 5.0000000000e+01 528 1729 1728 527 526 -1 528 -1
4 5.2850000000e+04 5.0000000000e+01 529 1730 1729 528 527 -1 529 -1
4 5.2950000000e+04 5.0000000000e+01 530 1731 1730 529 528 -1 530 -1
4 5.3050000000e+04 5.0000000000e+01 531 1732 1731 530 529 -1 531 -1
4 5.3150000000e+04 5.0000000000e+01 532 1733 1732 531 530 -1 532 -1
4 5.3250000000e+04 5.0000000000e+01 533 1734 1733 532 531 -1 533 -1
4 5.3350000000e+04 5.0000000000e+01 534 1735 1734 533 532 -1 534 -1
4 5.3450000000e+04 5.0000000000e+01 535 1736 1735 534 533 -1 535 -1
4 5.3550000000e+04 5.0000000000e+01 536 1737 1736 535 534 -1 536 -1
4 5.3650000000e+04 5.0000000000e+01 537 1738 1737 536 535 -1 537 -1
4 5.3750000000e+04 5.0000000000e+01 538 1739 1738 537 536 -1 538 -1
4 5.3850000000e+04 5.0000000000e+01 539 1740 1739 538 537 -1 539 -1
4 5.3950000000e+04 5.0000000000e+01 540 1741 1740 539 538 -1 540 -1
4 5.4050000000e+04 5.0000000000e+01 541 1742 1741 540 539 -1 541 -1
4 5.4150000000e+04 5.0000000000e+01 542 1743 1742 541 540 -1 542 -1
4 5.4250000000e+04 5.0000000000e+01 543 1744 1743 542 541 -1 543 -1
4 5.4350000000e+04 5.0000000000e+01 544 1745 1744 543 542 -1 544 -1
4 5.4450000000e+04 5.0000000000e+01 545 1746 1745 544 543 -1 545 -1
4 5.4550000000e+04 5.0000000000e+01 546 1747 1746 545 544 -1 546 -1
4 5.4650000000e+04 5.0000000000e+01 547 1748 1747 546 545 -1 547 -1
4 5.4750000000e+04 5.0000000000e+01 548 1749 1748 547 546 -1 548 -1
4 5.4850000000e+04 5.0000000000e+01 549 1750 1749 548 547 -1 549 -1
4 5.4950000000e+04 5.0000000000e+01 550 1751 1750 549 548 -1 550 -1
4 5.5050000000e+04 5.0000000000e+01 551 1752 1751 550 549 -1 551 -1
4 5.5150000000e+04 5.0000000000e+01 552 1753 1752 551 550 -1 552 -1
4 5.5250000000e+04 5.0000000000e+01 553 1754 1753 552 551 -1 553 -1
4 5.5350000000e+04 5.0000000000e+01 554 1755 1754 553 552 -1 554 -1
4 5.5450000000e+04 5.0000000000e+01 555 1756 1755 554 553 -1 555 -1
4 5.5550000000e+04 5.0000000000e+01 556 1757 1756 555 554 -1 556 -1
4 5.5650000000e+04 5.0000000000e+01 557 1758 1757 556 555 -1 557 -1
4 5.5750000000e+04 5.0000000000e+01 558 1759 1758 557 556 -1 558 -1
4 5.5850000000e+04 5.0000000000e+01 559 1760 1759 558 557 -1 559 -1
4 5.5950000000e+04 5.0000000000e+01 560 1761 1760 559 558 -1 560 -1
4 5.6050000000e+04 5.0000000000e+01 561 1762 1761 560 559 -1 561 -1
4 5.6150000000e+04 5.0000000000e+01 562 1763 1762 561 560 -1 562 -1
4 5.6250000000e+04 5.0000000000e+01 563 1764 1763 562 561 -1 563 -1
4 5.6350000000e+04 5.0000000000e+01 564 1765 1764 563 562 -1 564 -1
4 5.6450000000e+04 5.0000000000e+01 565 1766 1765 564 563 -1 565 -1
4 5.6550000000e+04 5.0000000000e+01 566 1767 1766 565 564 -1 566 -1
4 5.6650000000e+04 5.0000000000e+01 567 1768 1767 566 565 -1 567 -1
4 5.6750000000e+04 5.0000000000e+01 568 1769 1768 567 566 -1 568 -1
4 5.6850000000e+04 5.0000000000e+01 569 1770 1769 568 567 -1 569 -1
4 5.6950000000e+04 5.0000000000e+01 570 1771 1770 569 568 -1 570 -1
4 5.7050000000e+04 5.0000000000e+01 571 1772 1771 570 569 -1 571 -1
4 5.7150000000e+04 5.0000000000e+01 572 1773 1772 571 570 -1 572 -1
4 5.7250000000e+04 5.0000000000e+01 573 1774 1773 572 571 -1 573 -1
4 5.7350000000e+04 5.0000000000e+01 574 1775 1774 573 572 -1 574 -1
4 5.7450000000e+04 5.0000000000e+01 575 1776 1775 574 573 -1 575 -1
4 5.7550000000e+04 5.0000000000e+01 576 1777 1776 575 574 -1 576 -1
4 5.7650000000e+04 5.0000000000e+01 577 1778 1777 576 575 -1 577 -1
4 5.7750000000e+04 5.0000000000e+01 578 1779 1778 577 576 -1 578 -1
4 5.7850000000e+04 5.0000000000e+01 579 1780 1779 578 577 -1 579 -1
4 5.7950000000e+04 5.0000000000e+01 580 1781 1780 579 578 -1 580 -1
4 5.8050000000e+04 5.0000000000e+01 581 1782 1781 580 579 -1 581 -1
4 5.8150000000e+04 5.0000000000e+01 582 1783 1782 581 580 -1 582 -1
4 5.8250000000e+04 5.0000000000e+01 583 1784 1783 582 581 -1 583 -1
4 5.8350000000e+04 5.0000000000e+01 584 1785 1784 583 582 -1 584 -1
4 5.8450000000e+04 5.0000000000e+01 585 1786 1785 584 583 -1 585 -1
4 5.8550000000e+04 5.0000000000e+01 586 1787 1786 585 584 -1 586 -1
4 5.8650000000e+04 5.0000000000e+01 587 1788 1787 586 585 -1 587 -1
4 5.8750000000e+04 5.0000000000e+01 588 1789 1788 587 586 -1 588 -1
4 5.8850000000e+04 5.0000000000e+01 589 1790 1789 588 587 -1 589 -1
4 5.8950000000e+04 5.0000000000e+01 590 1791 1790 589 588 -1 590 -1
4 5.9050000000e+04 5.0000000000e+01 591 1792 1791 590 589 -1 591 -1
4 5.9150000000e+04 5.0000000000e+01 592 1793 1792 591 590 -1 592 -1
4 5.9250000000e+04 5.0000000000e+01 593 1794 1793 592 591 -1 593 -1
4 5.9350000000e+04 5.0000000000e+01 594 1795 1794 593 592 -1 594 -1
4 5.9450000000e+04 5.0000000000e+01 595 1796 1795 594 593 -1 595 -1
4 5.9550000000e+04 5.0000000000e+01 596 1797 1796 595 594 -1 596 -1
4 5.9650000000e+04 5.0000000000e+01 597 1798 1797 596 595 -1 597 -1
4 5.9750000000e+04 5.0000000000e+01 598 1799 1798 597 596 -1 598 -1
4 5.9850000000e+04 5.0000000000e+01 599 1800 1799 598 597 -1 599 -1
4 5.9950000000e+04 5.0000000000e+01 600 1801 1800 599 598 -1 600 -1
4 6.0050000000e+04 5.0000000000e+01 601 1802 1801 600 599 -1 601 -1
4 6.0150000000e+04 5.0000000000e+01 602 1803 1802 601 600 -1 602 -1
4 6.0250000000e+04 5.0000000000e+01 603 1804 1803 602 601 -1 603 -1
4 6.0350000000e+04 5.0000000000e+01 604 1805 1804 603 602 -1 604 -1
4 6.0450000000e+04 5.0000000000e+01 605 1806 1805 604 603 -1 605 -1
4 6.0550000000e+04 5.0000000000e+01 606 1807 1806 605 604 -1 606 -1
4 6.0650000000e+04 5.0000000000e+01 607 1808 1807 606 605 -1 607 -1
4 6.0750000000e+04 5.0000000000e+01 608 1809 1808 607 606 -1 608 -1
4 6.0850000000e+04 5.0000000000e+01 609 1810 1809 608 607 -1 609 -1
4 6.0950000000e+04 5.0000000000e+01 610 1811 1810 609 608 -1 610 -1
4 6.1050000000e+04 5.0000000000e+01 611 1812 1811 610 609 -1 611 -1
4 6.1150000000e+04 5.0000000000e+01 612 1813 1812 611 610 -1 612 -1
4 6.1250000000e+04 5.0000000000e+01 613 1814 1813 612 611 -1 613 -1
4 6.1350000000e+04 5.0000000000e+01 614 1815 1814 613 612 -1 614 -1
4 6.1450000000e+04 5.0000000000e+01 615 1816 1815 614 613 -1 615 -1
4 6.1550000000e+04 5.0000000000e+01 616 1817 1816 615 614 -1 616 -1
4 6.1650000000e+04 5.0000000000e+01 617 1818 1817 616 615 -1 617 -1
4 6.1750000000e+04 5.0000000000e+01 618 1819 1818 617 616 -1 618 -1
4 6.1850000000e+04 5.0000000000e+01 619 1820 1819 618 617 -1 619 -1
4 6.1950000000e+04 5.0000000000e+01 620 1821 1820 619 618 -1 620 -1
4 6.2050000000e+04 5.0000000000e+01 621 1822 1821 620 619 -1 621 -1
4 6.2150000000e+04 5.0000000000e+01 622 1823 1822 621 620 -1 622 -1
4 6.2250000000e+04 5.0000000000e+01 623 1824 1823 622 621 -1 623 -1
4 6.2350000000e+04 5.0000000000e+01 624 1825 1824 623 622 -1 624 -1
4 6.2450000000e+04 5.0000000000e+01 625 1826 1825 624 623 -1 625 -1
4 6.2550000000e+04 5.0000000000e+01 626 1827 1826 625 624 -1 626 -1
4 6.2650000000e+04 5.0000000000e+01 627 1828 1827 626 625 -1 627 -1
4 6.2750000000e+04 5.0000000000e+01 628 1829 1828 627 626 -1 628 -1
4 6.2850000000e+04 5.0000000000e+01 629 1830 1829 628 627 -1 629 -1
4 6.2950000000e+04 5.0000000000e+01 630 1831 1830 629 628 -1 630 -1
4 6.3050000000e+04 5.0000000000e+01 631 1832 1831 630 629 -1 631 -1
4 6.3150000000e+04 5.0000000000e+01 632 1833 1832 631 630 -1 632 -1
4 6.3250000000e+04 5.0000000000e+01 633 1834 1833 632 631 -1 633 -1
4 6.3350000000e+04 5.0000000000e+01 634 1835 1834 633 632 -1 634 -1
4 6.3450000000e+04 5.0000000000e+01 635 1836 1835 634 633 -1 635 -1
4 6.3550000000e+04 5.0000000000e+01 636 1837 1836 635 634 -1 636 -1
4 6.3650000000e+04 5.0000000000e+01 637 1838 1837 636 635 -1 637 -1
4 6.3750000000e+04 5.0000000000e+01 638 1839 1838 637 636 -1 638 -1
4 6.3850000000e+04 5.0000000000e+01 639 1840 1839 638 637 -1 639 -1
4 6.3950000000e+04 5.0000000000e+01 640 1841 1840 639 638 -1 640 -1
4 6.4050000000e+04 5.0000000000e+01 641 1842 1841 640 639 -1 641 -1
4 6.4150000000e+04 5.0000000000e+01 642 1843 1842 641 640 -1 642 -1
4 6.4250000000e+04 5.0000000000e+01 643 1844 1843 642 641 -1 643 -1
4 6.4350000000e+04 5.0000000000e+01 644 1845 1844 643 642 -1 644 -1
4 6.4450000000e+04 5.0000000000e+01 645 1846 1845 644 643 -1 645 -1
4 6.4550000000e+04 5.0000000000e+01 646 1847 1846 645 644 -1 646 -1
4 6.4650000000e+04 5.0000000000e+01 647 1848 1847 646 645 -1 647 -1
4 6.4750000000e+04 5.0000000000e+01 648 1849 1848 647 646 -1 648 -1
4 6.4850000000e+04 5.0000000000e+01 649 1850 1849 648 647 -1 649 -1
4 6.4950000000e+04 5.0000000000e+01 650 1851 1850 649 648 -1 650 -1
4 6.5050000000e+04 5.0000000000e+01 651 1852 1851 650 649 -1 651 -1
4 6.5150000000e+04 5.0000000000e+01 652 1853 1852 651 650 -1 652 -1
4 6.5250000000e+04 5.0000000000e+01 653 1854 1853 652 651 -1 653 -1
4 6.5350000000e+04 5.0000000000e+01 654 1855 1854 653 652 -1 654 -1
4 6.5450000000e+04 5.0000000000e+01 655 1856 1855 654 653 -1 655 -1
4 6.5550000000e+04 5.0000000000e+01 656 1857 1856 655 654 -1 656 -1
4 6.5650000000e+04 5.0000000000e+01 657 1858 1857 656 655 -1 657 -1
4 6.5750000000e+04 5.0000000000e+01 658 1859 1858 657 656 -1 658 -1
4 6.5850000000e+04 5.0000000000e+01 659 1860 1859 658 657 -1 659 -1
4 6.5950000000e+04 5.0000000000e+01 660 1861 1860 659 658 -1 660 -1
4 6.6050000000e+04 5.0000000000e+01 661 1862 1861 660 659 -1 661 -1
4 6.6150000000e+04 5.0000000000e+01 662 1863 1862 661 660 -1 662 -1
4 6.6250000000e+04 5.0000000000e+01 663 1864 1863 662 661 -1 663 -1
4 6.6350000000e+04 5.0000000000e+01 664 1865 1864 663 662 -1 664 -1
4 6.6450000000e+04 5.0000000000e+01 665 1866 1865 664 663 -1 665 -1
4 6.6550000000e+04 5.0000000000e+01 666 1867 1866 665 664 -1 666 -1
4 6.6650000000e+04 5.0000000000e+01 667 1868 1867 666 665 -1 667 -1
4 6.6750000000e+04 5.0000000000e+01 668 1869 1868 667 666 -1 668 -1
4 6.6850000000e+04 5.0000000000e+01 669 1870 1869 668 667 -1 669 -1
4 6.6950000000e+04 5.0000000000e+01 670 1871 1870 669 668 -1 670 -1
4 6.7050000000e+04 5.0000000000e+01 671 1872 1871 670 669 -1 671 -1
4 6.7150000000e+04 5.0000000000e+01 672 1873 1872 671 670 -1 672 -1
4 6.7250000000e+04 5.0000000000e+01 673 1874 1873 672 671 -1 673 -1
4 6.7350000000e+04 5.0000000000e+01 674 1875 1874 673 672 -1 674 -1
4 6.7450000000e+04 5.0000000000e+01 675 1876 1875 674 673 -1 675 -1
4 6.7550000000e+04 5.0000000000e+01 676 1877 1876 675 674 -1 676 -1
4 6.7650000000e+04 5.0000000000e+01 677 1878 1877 676 675 -1 677 -1
4 6.7750000000e+04 5.0000000000e+01 678 1879 1878 677 676 -1 678 -1
4 6.7850000000e+04 5.0000000000e+01 679 1880 1879 678 677 -1 679 -1
4 6.7950000000e+04 5.0000000000e+01 680 1881 1880 679 678 -1 680 -1
4 6.8050000000e+04 5.0000000000e+01 681 1882 1881 680 679 -1 681 -1
4 6.8150000000e+04 5.0000000000e+01 682 1883 1882 681 680 -1 682 -1
4 6.8250000000e+04 5.0000000000e+01 683 1884 1883 682 681 -1 683 -1
4 6.8350000000e+04 5.0000000000e+01 684 1885 1884 683 682 -1 684 -1
4 6.8450000000e+04 5.0000000000e+01 685 1886 1885 684 683 -1 685 -1
4 6.8550000000e+04 5.0000000000e+01 686 1887 1886 685 684 -1 686 -1
4 6.8650000000e+04 5.0000000000e+01 687 1888 1887 686 685 -1 687 -1
4 6.8750000000e+04 5.0000000000e+01 688 1889 1888 687 686 -1 688 -1
4 6.8850000000e+04 5.0000000000e+01 689 1890 1889 688 687 -1 689 -1
4 6.8950000000e+04 5.0000000000e+01 690 1891 1890 689 688 -1 690 -1
4 6.9050000000e+04 5.0000000000e+01 691 1892 1891 690 689 -1 691 -1
4 6.9150000000e+04 5.0000000000e+01 692 1893 1892 691 690 -1 692 -1
4 6.9250000000e+04 5.0000000000e+01 693 1894 1893 692 691 -1 693 -1
4 6.9350000000e+04 5.0000000000e+01 694 1895 1894 693 692 -1 694 -1
4 6.9450000000e+04 5.0000000000e+01 695 1896 1895 694 693 -1 695 -1
4 6.9550000000e+04 5.0000000000e+01 696 1897 1896 695 694 -1 696 -1
4 6.9650000000e+04 5.0000000000e+01 697 1898 1897 696 695 -1 697 -1
4 6.9750000000e+04 5.0000000000e+01 698 1899 1898 697 696 -1 698 -1
4 6.9850000000e+04 5.0000000000e+01 699 1900 1899 698 697 -1 699 -1
4 6.9950000000e+04 5.0000000000e+01 700 1901 1900 699 698 -1 700 -1
4 7.0050000000e+04 5.0000000000e+01 701 1902 1901 700 699 -1 701 -1
4 7.0150000000e+04 5.0000000000e+01 702 1903 1902 701 700 -1 702 -1
4 7.0250000000e+04 5.0000000000e+01 703 1904 1903 702 701 -1 703 -1
4 7.0350000000e+04 5.0000000000e+01 704 1905 1904 703 702 -1 704 -1
4 7.0450000000e+04 5.0000000000e+01 705 1906 1905 704 703 -1 705 -1
4 7.0550000000e+04 5.0000000000e+01 706 1907 1906 705 704 -1 706 -1
4 7.0650000000e+04 5.0000000000e+01 707 1908 1907 706 705 -1 707 -1
4 7.0750000000e+04 5.0000000000e+01 708 1909 1908 707 706 -1 708 -1
4 7.0850000000e+04 5.0000000000e+01 709 1910 1909 708 707 -1 709 -1
4 7.0950000000e+04 5.0000000000e+01 710 1911 1910 709 708 -1 710 -1
4 7.1050000000e+04 5.0000000000e+01 711 1912 1911 710 709 -1 711 -1
4 7.1150000000e+04 5.0000000000e+01 712 1913 1912 711 710 -1 712 -1
4 7.1250000000e+04 5.0000000000e+01 713 1914 1913 712 711 -1 713 -1
4 7.1350000000e+04 5.0000000000e+01 714 1915 1914 713 712 -1 714 -1
4 7.1450000000e+04 5.0000000000e+01 715 1916 1915 714 713 -1 715 -1
4 7.1550000000e+04 5.0000000000e+01 716 1917 1916 715 714 -1 716 -1
4 7.1650000000e+04 5.0000000000e+01 717 1918 1917 716 715 -1 717 -1
4 7.1750000000e+04 5.0000000000e+01 718 1919 1918 717 716 -1 718 -1
4 7.1850000000e+04 5.0000000000e+01 719 1920 1919 718 717 -1 719 -1
4 7.1950000000e+04 5.0000000000e+01 720 1921 1920 719 718 -1 720 -1
4 7.2050000000e+04 5.0000000000e+01 721 1922 1921 720 719 -1 721 -1
4 7.2150000000e+04 5.0000000000e+01 722 1923 1922 721 720 -1 722 -1
4 7.2250000000e+04 5.0000000000e+01 723 1924 1923 722 721 -1 723 -1
4 7.2350000000e+04 5.0000000000e+01 724 1925 1924 723 722 -1 724 -1
4 7.2450000000e+04 5.0000000000e+01 725 1926 1925 724 723 -1 725 -1
4 7.2550000000e+04 5.0000000000e+01 726 1927 1926 725 724 -1 726 -1
4 7.2650000000e+04 5.0000000000e+01 727 1928 1927 726 725 -1 727 -1
4 7.2750000000e+04 5.0000000000e+01 728 1929 1928 727 726 -1 728 -1
4 7.2850000000e+04 5.0000000000e+01 729 1930 1929 728 727 -1 729 -1
4 7.2950000000e+04 5.0000000000e+01 730 1931 1930 729 728 -1 730 -1
4 7.3050000000e+04 5.0000000000e+01 731 1932 1931 730 729 -1 731 -1
4 7.3150000000e+04 5.0000000000e+01 732 1933 1932 731 730 -1 732 -1
4 7.3250000000e+04 5.0000000000e+01 733 1934 1933 732 731 -1 733 -1
4 7.3350000000e+04 5.0000000000e+01 734 1935 1934 733 732 -1 734 -1
4 7.3450000000e+04 5.0000000000e+01 735 1936 1935 734 733 -1 735 -1
4 7.3550000000e+04 5.0000000000e+01 736 1937 1936 735 734 -1 736 -1
4 7.3650000000e+04 5.0000000000e+01 737 1938 1937 736 735 -1 737 -1
4 7.3750000000e+04 5.0000000000e+01 738 1939 1938 737 736 -1 738 -1
4 7.3850000000e+04 5.0000000000e+01 739 1940 1939 738 737 -1 739 -1
4 7.3950000000e+04 5.0000000000e+01 740 1941 1940 739 738 -1 740 -1
4 7.4050000000e+04 5.0000000000e+01 741 1942 1941 740 739 -1 741 -1
4 7.4150000000e+04 5.0000000000e+01 742 1943 1942 741 740 -1 742 -1
4 7.4250000000e+04 5.0000000000e+01 743 1944 1943 742 741 -1 743 -1
4 7.4350000000e+04 5.0000000000e+01 744 1945 1944 743 742 -1 744 -1
4 7.4450000000e+04 5.0000000000e+01 745 1946 1945 744 743 -1 745 -1
4 7.4550000000e+04 5.0000000000e+01 746 1947 1946 745 744 -1 746 -1
4 7.4650000000e+04 5.0000000000e+01 747 1948 1947 746 745 -1 747 -1
4 7.4750000000e+04 5.0000000000e+01 748 1949 1948 747 746 -1 748 -1
4 7.4850000000e+04 5.0000000000e+01 749 1950 1949 748 747 -1 749 -1
4 7.4950000000e+04 5.0000000000e+01 750 1951 1950 749 748 -1 750 -1
4 7.5050000000e+04 5.0000000000e+01 751 1952 1951 750 749 -1 751 -1
4 7.5150000000e+04 5.0000000000e+01 752 1953 1952 751 750 -1 752 -1
4 7.5250000000e+04 5.0000000000e+01 753 1954 1953 752 751 -1 753 -1
4 7.5350000000e+04 5.0000000000e+01 754 1955 1954 753 752 -1 754 -1
4 7.5450000000e+04 5.0000000000e+01 755 1956 1955 754 753 -1 755 -1
4 7.5550000000e+04 5.0000000000e+01 756 1957 1956 755 754 -1 756 -1
4 7.5650000000e+04 5.0000000000e+01 757 1958 1957 756 755 -1 757 -1
4 7.5750000000e+04 5.0000000000e+01 758 1959 1958 757 756 -1 758 -1
4 7.5850000000e+04 5.0000000000e+01 759 1960 1959 758 757 -1 759 -1
4 7.5950000000e+04 5.0000000000e+01 760 1961 1960 759 758 -1 760 -1
4 7.6050000000e+04 5.0000000000e+01 761 1962 1961 760 759 -1 761 -1
4 7.6150000000e+04 5.0000000000e+01 762 1963 1962 761 760 -1 762 -1
4 7.6250000000e+04 5.0000000000e+01 763 1964 1963 762 761 -1 763 -1
4 7.6350000000e+04 5.0000000000e+01 764 1965 1964 763 762 -1 764 -1
4 7.6450000000e+04 5.0000000000e+01 765 1966 1965 764 763 -1 765 -1
4 7.6550000000e+04 5.0000000000e+01 766 1967 1966 765 764 -1 766 -1
4 7.6650000000e+04 5.0000000000e+01 767 1968 1967 766 765 -1 767 -1
4 7.6750000000e+04 5.0000000000e+01 768 1969 1968 767 766 -1 768 -1
4 7.6850000000e+04 5.0000000000e+01 769 1970 1969 768 767 -1 769 -1
4 7.6950000000e+04 5.0000000000e+01 770 1971 1970 769 768 -1 770 -1
4 7.7050000000e+04 5.0000000000e+01 771 1972 1971 770 769 -1 771 -1
4 7.7150000000e+04 5.0000000000e+01 772 1973 1972 771 770 -1 772 -1
4 7.7250000000e+04 5.0000000000e+01 773 1974 1973 772 771 -1 773 -1
4 7.7350000000e+04 5.0000000000e+01 774 1975 1974 773 772 -1 774 -1
4 7.7450000000e+04 5.0000000000e+01 775 1976 1975 774 773 -1 775 -1
4 7.7550000000e+04 5.0000000000e+01 776 1977 1976 775 774 -1 776 -1
4 7.7650000000e+04 5.0000000000e+01 777 1978 1977 776 775 -1 777 -1
4 7.7750000000e+04 5.0000000000e+01 778 1979 1978 777 776 -1 778 -1
4 7.7850000000e+04 5.0000000000e+01 779 1980 1979 778 777 -1 779 -1
4 7.7950000000e+04 5.0000000000e+01 780 1981 1980 779 778 -1 780 -1
4 7.8050000000e+04 5.0000000000e+01 781 1982 1981 780 779 -1 781 -1
4 7.8150000000e+04 5.0000000000e+01 782 1983 1982 781 780 -1 782 -1
4 7.8250000000e+04 5.0000000000e+01 783 1984 1983 782 781 -1 783 -1
4 7.8350000000e+04 5.0000000000e+01 784 1985 1984 783 782 -1 784 -1
4 7.8450000000e+04 5.0000000000e+01 785 1986 1985 784 783 -1 785 -1
4 7.8550000000e+04 5.0000000000e+01 786 1987 1986 785 784 -1 786 -1
4 7.8650000000e+04 5.0000000000e+01 787 1988 1987 786 785 -1 787 -1
4 7.8750000000e+04 5.0000000000e+01 788 1989 1988 787 786 -1 788 -1
4 7.8850000000e+04 5.0000000000e+01 789 1990 1989 788 787 -1 789 -1
4 7.8950000000e+04 5.0000000000e+01 790 1991 1990 789 788 -1 790 -1
4 7.9050000000e+04 5.0000000000e+01 791 1992 1991 790 789 -1 791 -1
4 7.9150000000e+04 5.0000000000e+01 792 1993 1992 791 790 -1 792 -1
4 7.9250000000e+04 5.0000000000e+01 793 1994 1993 792 791 -1 793 -1
4 7.9350000000e+04 5.0000000000e+01 794 1995 1994 793 792 -1 794 -1
4 7.9450000000e+04 5.0000000000e+01 795 1996 1995 794 793 -1 795 -1
4 7.9550000000e+04 5.0000000000e+01 796 1997 1996 795 794 -1 796 -1
4 7.9650000000e+04 5.0000000000e+01 797 1998 1997 796 795 -1 797 -1
4 7.9750000000e+04 5.0000000000e+01 798 1999 1998 797 796 -1 798 -1
4 7.9850000000e+04 5.0000000000e+01 799 2000 1999 798 797 -1 799 -1
4 7.9950000000e+04 5.0000000000e+01 800 2001 2000 799 798 -1 800 -1
4 8.0050000000e+04 5.0000000000e+01 801 2002 2001 800 799 -1 801 -1
4 8.0150000000e+04 5.0000000000e+01 802 2003 2002 801 800 -1 802 -1
4 8.0250000000e+04 5.0000000000e+01 803 2004 2003 802 801 -1 803 -1
4 8.0350000000e+04 5.0000000000e+01 804 2005 2004 803 802 -1 804 -1
4 8.0450000000e+04 5.0000000000e+01 805 2006 2005 804 803 -1 805 -1
4 8.0550000000e+04 5.0000000000e+01 806 2007 2006 805 804 -1 806 -1
4 8.0650000000e+04 5.0000000000e+01 807 2008 2007 806 805 -1 807 -1
4 8.0750000000e+04 5.0000000000e+01 808 2009 2008 807 806 -1 808 -1
4 8.0850000000e+04 5.0000000000e+01 809 2010 2009 808 807 -1 809 -1
4 8.0950000000e+04 5.0000000000e+01 810 2011 2010 809 808 -1 810 -1
4 8.1050000000e+04 5.0000000000e+01 811 2012 2011 810 809 -1 811 -1
4 8.1150000000e+04 5.0000000000e+01 812 2013 2012 811 810 -1 812 -1
4 8.1250000000e+04 5.0000000000e+01 813 2014 2013 812 811 -1 813 -1
4 8.1350000000e+04 5.0000000000e+01 814 2015 2014 813 812 -1 814 -1
4 8.1450000000e+04 5.0000000000e+01 815 2016 2015 814 813 -1 815 -1
4 8.1550000000e+04 5.0000000000e+01 816 2017 2016 815 814 -1 816 -1
4 8.1650000000e+04 5.0000000000e+01 817 2018 2017 816 815 -1 817 -1
4 8.1750000000e+04 5.0000000000e+01 818 2019 2018 817 816 -1 818 -1
4 8.1850000000e+04 5.0000000000e+01 819 2020 2019 818 817 -1 819 -1
4 8.1950000000e+04 5.0000000000e+01 820 2021 2020 819 818 -1 820 -1
4 8.2050000000e+04 5.0000000000e+01 821 2022 2021 820 819 -1 821 -1
4 8.2150000000e+04 5.0000000000e+01 822 2023 2022 821 820 -1 822 -1
4 8.2250000000e+04 5.0000000000e+01 823 2024 2023 822 821 -1 823 -1
4 8.2350000000e+04 5.0000000000e+01 824 2025 2024 823 822 -1 824 -1
4 8.2450000000e+04 5.0000000000e+01 825 2026 2025 824 823 -1 825 -1
4 8.2550000000e+04 5.0000000000e+01 826 2027 2026 825 824 -1 826 -1
4 8.2650000000e+04 5.0000000000e+01 827 2028 2027 826 825 -1 827 -1
4 8.2750000000e+04 5.0000000000e+01 828 2029 2028 827 826 -1 828 -1
4 8.2850000000e+04 5.0000000000e+01 829 2030 2029 828 827 -1 829 -1
4 8.2950000000e+04 5.0000000000e+01 830 2031 2030 829 828 -1 830 -1
4 8.3050000000e+04 5.0000000000e+01 831 2032 2031 830 829 -1 831 -1
4 8.3150000000e+04 5.0000000000e+01 832 2033 2032 831 830 -1 832 -1
4 8.3250000000e+04 5.0000000000e+01 833 2034 2033 832 831 -1 833 -1
4 8.3350000000e+04 5.0000000000e+01 834 2035 2034 833 832 -1 834 -1
4 8.3450000000e+04 5.0000000000e+01 835 2036 2035 834 833 -1 835 -1
4 8.3550000000e+04 5.0000000000e+01 836 2037 2036 835 834 -1 836 -1
4 8.3650000000e+04 5.0000000000e+01 837 2038 2037 836 835 -1 837 -1
4 8.3750000000e+04 5.0000000000e+01 838 2039 2038 837 836 -1 838 -1
4 8.3850000000e+04 5.0000000000e+01 839 2040 2039 838 837 -1 839 -1
4 8.3950000000e+04 5.0000000000e+01 840 2041 2040 839 838 -1 840 -1
4 8.4050000000e+04 5.0000000000e+01 841 2042 2041 840 839 -1 841 -1
4 8.4150000000e+04 5.0000000000e+01 842 2043 2042 841 840 -1 842 -1
4 8.4250000000e+04 5.0000000000e+01 843 2044 2043 842 841 -1 843 -1
4 8.4350000000e+04 5.0000000000e+01 844 2045 2044 843 842 -1 844 -1
4 8.4450000000e+04 5.0000000000e+01 845 2046 2045 844 843 -1 845 -1
4 8.4550000000e+04 5.0000000000e+01 846 2047 2046 845 844 -1 846 -1
4 8.4650000000e+04 5.0000000000e+01 847 2048 2047 846 845 -1 847 -1
4 8.4750000000e+04 5.0000000000e+01 848 2049 2048 847 846 -1 848 -1
4 8.4850000000e+04 5.0000000000e+01 849 2050 2049 848 847 -1 849 -1
4 8.4950000000e+04 5.0000000000e+01 850 2051 2050 849 848 -1 850 -1
4 8.5050000000e+04 5.0000000000e+01 851 2052 2051 850 849 -1 851 -1
4 8.5150000000e+04 5.0000000000e+01 852 2053 2052 851 850 -1 852 -1
4 8.5250000000e+04 5.0000000000e+01 853 2054 2053 852 851 -1 853 -1
4 8.5350000000e+04 5.0000000000e+01 854 2055 2054 853 852 -1 854 -1
4 8.5450000000e+04 5.0000000000e+01 855 2056 2055 854 853 -1 855 -1
4 8.5550000000e+04 5.0000000000e+01 856 2057 2056 855 854 -1 856 -1
4 8.5650000000e+04 5.0000000000e+01 857 2058 2057 856 855 -1 857 -1
4 8.5750000000e+04 5.0000000000e+01 858 2059 2058 857 856 -1 858 -1
4 8.5850000000e+04 5.0000000000e+01 859 2060 2059 858 857 -1 859 -1
4 8.5950000000e+04 5.0000000000e+01 860 2061 2060 859 858 -1 860 -1
4 8.6050000000e+04 5.0000000000e+01 861 2062 2061 860 859 -1 861 -1
4 8.6150000000e+04 5.0000000000e+01 862 2063 2062 861 860 -1 862 -1
4 8.6250000000e+04 5.0000000000e+01 863 2064 2063 862 861 -1 863 -1
4 8.6350000000e+04 5.0000000000e+01 864 2065 2064 863 862 -1 864 -1
4 8.6450000000e+04 5.0000000000e+01 865 2066 2065 864 863 -1 865 -1
4 8.6550000000e+04 5.0000000000e+01 866 2067 2066 865 864 -1 866 -1
4 8.6650000000e+04 5.0000000000e+01 867 2068 2067 866 865 -1 867 -1
4 8.6750000000e+04 5.0000000000e+01 868 2069 2068 867 866 -1 868 -1
4 8.6850000000e+04 5.0000000000e+01 869 2070 2069 868 867 -1 869 -1
4 8.6950000000e+04 5.0000000000e+01 870 2071 2070 869 868 -1 870 -1
4 8.7050000000e+04 5.0000000000e+01 871 2072 2071 870 869 -1 871 -1
4 8.7150000000e+04 5.0000000000e+01 872 2073 2072 871 870 -1 872 -1
4 8.7250000000e+04 5.0000000000e+01 873 2074 2073 872 871 -1 873 -1
4 8.7350000000e+04 5.0000000000e+01 874 2075 2074 873 872 -1 874 -1
4 8.7450000000e+04 5.0000000000e+01 875 2076 2075 874 873 -1 875 -1
4 8.7550000000e+04 5.0000000000e+01 876 2077 2076 875 874 -1 876 -1
4 8.7650000000e+04 5.0000000000e+01 877 2078 2077 876 875 -1 877 -1
4 8.7750000000e+04 5.0000000000e+01 878 2079 2078 877 876 -1 878 -1
4 8.7850000000e+04 5.0000000000e+01 879 2080 2079 878 877 -1 879 -1
4 8.7950000000e+04 5.0000000000e+01 880 2081 2080 879 878 -1 880 -1
4 8.8050000000e+04 5.0000000000e+01 881 2082 2081 880 879 -1 881 -1
4 8.8150000000e+04 5.0000000000e+01 882 2083 2082 881 880 -1 882 -1
4 8.8250000000e+04 5.0000000000e+01 883 2084 2083 882 881 -1 883 -1
4 8.8350000000e+04 5.0000000000e+01 884 2085 2084 883 882 -1 884 -1
4 8.8450000000e+04 5.0000000000e+01 885 2086 2085 884 883 -1 885 -1
4 8.8550000000e+04 5.0000000000e+01 886 2087 2086 885 884 -1 886 -1
4 8.8650000000e+04 5.0000000000e+01 887 2088 2087 886 885 -1 887 -1
4 8.8750000000e+04 5.0000000000e+01 888 2089 2088 887 886 -1 888 -1
4 8.8850000000e+04 5.0000000000e+01 889 2090 2089 888 887 -1 889 -1
4 8.8950000000e+04 5.0000000000e+01 890 2091 2090 889 888 -1 890 -1
4 8.9050000000e+04 5.0000000000e+01 891 2092 2091 890 889 -1 891 -1
4 8.9150000000e+04 5.0000000000e+01 892 2093 2092 891 890 -1 892 -1
4 8.9250000000e+04 5.0000000000e+01 893 2094 2093 892 891 -1 893 -1
4 8.9350000000e+04 5.0000000000e+01 894 2095 2094 893 892 -1 894 -1
4 8.9450000000e+04 5.0000000000e+01 895 2096 2095 894 893 -1 895 -1
4 8.9550000000e+04 5.0000000000e+01 896 2097 2096 895 894 -1 896 -1
4 8.9650000000e+04 5.0000000000e+01 897 2098 2097 896 895 -1 897 -1
4 8.9750000000e+04 5.0000000000e+01 898 2099 2098 897 896 -1 898 -1
4 8.9850000000e+04 5.0000000000e+01 899 2100 2099 898 897 -1 899 -1
4 8.9950000000e+04 5.0000000000e+01 900 2101 2100 899 898 -1 900 -1
4 9.0050000000e+04 5.0000000000e+01 901 2102 2101 900 899 -1 901 -1
4 9.0150000000e+04 5.0000000000e+01 902 2103 2102 901 900 -1 902 -1
4 9.0250000000e+04 5.0000000000e+01 903 2104 2103 902 901 -1 903 -1
4 9.0350000000e+04 5.0000000000e+01 904 2105 2104 903 902 -1 904 -1
4 9.0450000000e+04 5.0000000000e+01 905 2106 2105 904 903 -1 905 -1
4 9.0550000000e+04 5.0000000000e+01 906 2107 2106 905 904 -1 906 -1
4 9.0650000000e+04 5.0000000000e+01 907 2108 2107 906 905 -1 907 -1
4 9.0750000000e+04 5.0000000000e+01 908 2109 2108 907 906 -1 908 -1
4 9.0850000000e+04 5.0000000000e+01 909 2110 2109 908 907 -1 909 -1
4 9.0950000000e+04 5.0000000000e+01 910 2111 2110 909 908 -1 910 -1
4 9.1050000000e+04 5.0000000000e+01 911 2112 2111 910 909 -1 911 -1
4 9.1150000000e+04 5.0000000000e+01 912 2113 2112 911 910 -1 912 -1
4 9.1250000000e+04 5.0000000000e+01 913 2114 2113 912 911 -1 913 -1
4 9.1350000000e+04 5.0000000000e+01 914 2115 2114 913 912 -1 914 -1
4 9.1450000000e+04 5.0000000000e+01 915 2116 2115 914 913 -1 915 -1
4 9.1550000000e+04 5.0000000000e+01 916 2117 2116 915 914 -1 916 -1
4 9.1650000000e+04 5.0000000000e+01 917 2118 2117 916 915 -1 917 -1
4 9.1750000000e+04 5.0000000000e+01 918 2119 2118 917 916 -1 918 -1
4 9.1850000000e+04 5.0000000000e+01 919 2120 2119 918 917 -1 919 -1
4 9.1950000000e+04 5.0000000000e+01 920 2121 2120 919 918 -1 920 -1
4 9.2050000000e+04 5.0000000000e+01 921 2122 2121 920 919 -1 921 -1
4 9.2150000000e+04 5.0000000000e+01 922 2123 2122 921 920 -1 922 -1
4 9.2250000000e+04 5.0000000000e+01 923 2124 2123 922 921 -1 923 -1
4 9.2350000000e+04 5.0000000000e+01 924 2125 2124 923 922 -1 924 -1
4 9.2450000000e+04 5.0000000000e+01 925 2126 2125 924 923 -1 925 -1
4 9.2550000000e+04 5.0000000000e+01 926 2127 2126 925 924 -1 926 -1
4 9.2650000000e+04 5.0000000000e+01 927 2128 2127 926 925 -1 927 -1
4 9.2750000000e+04 5.0000000000e+01 928 2129 2128 927 926 -1 928 -1
4 9.2850000000e+04 5.0000000000e+01 929 2130 2129 928 927 -1 929 -1
4 9.2950000000e+04 5.0000000000e+01 930 2131 2130 929 928 -1 930 -1
4 9.3050000000e+04 5.0000000000e+01 931 2132 2131 930 929 -1 931 -1
4 9.3150000000e+04 5.0000000000e+01 932 2133 2132 931 930 -1 932 -1
4 9.3250000000e+04 5.0000000000e+01 933 2134 2133 932 931 -1 933 -1
4 9.3350000000e+04 5.0000000000e+01 934 2135 2134 933 932 -1 934 -1
4 9.3450000000e+04 5.0000000000e+01 935 2136 2135 934 933 -1 935 -1
4 9.3550000000e+04 5.0000000000e+01 936 2137 2136 935 934 -1 936 -1
4 9.3650000000e+04 5.0000000000e+01 937 2138 2137 936 935 -1 937 -1
4 9.3750000000e+04 5.0000000000e+01 938 2139 2138 937 936 -1 938 -1
4 9.3850000000e+04 5.0000000000e+01 939 2140 2139 938 937 -1 939 -1
4 9.3950000000e+04 5.0000000000e+01 940 2141 2140 939 938 -1 940 -1
4 9.4050000000e+04 5.0000000000e+01 941 2142 2141 940 939 -1 941 -1
4 9.4150000000e+04 5.0000000000e+01 942 2143 2142 941 940 -1 942 -1
4 9.4250000000e+04 5.0000000000e+01 943 2144 2143 942 941 -1 943 -1
4 9.4350000000e+04 5.0000000000e+01 944 2145 2144 943 942 -1 944 -1
4 9.4450000000e+04 5.0000000000e+01 945 2146 2145 944 943 -1 945 -1
4 9.4550000000e+04 5.0000000000e+01 946 2147 2146 945 944 -1 946 -1
4 9.4650000000e+04 5.0000000000e+01 947 2148 2147 946 945 -1 947 -1
4 9.4750000000e+04 5.0000000000e+01 948 2149 2148 947 946 -1 948 -1
4 9.4850000000e+04 5.0000000000e+01 949 2150 2149 948 947 -1 949 -1
4 9.4950000000e+04 5.0000000000e+01 950 2151 2150 949 948 -1 950 -1
4 9.5050000000e+04 5.0000000000e+01 951 2152 2151 950 949 -1 951 -1
4 9.5150000000e+04 5.0000000000e+01 952 2153 2152 951 950 -1 952 -1
4 9.5250000000e+04 5.0000000000e+01 953 2154 2153 952 951 -1 953 -1
4 9.5350000000e+04 5.0000000000e+01 954 2155 2154 953 952 -1 954 -1
4 9.5450000000e+04 5.0000000000e+01 955 2156 2155 954 953 -1 955 -1
4 9.5550000000e+04 5.0000000000e+01 956 2157 2156 955 954 -1 956 -1
4 9.5650000000e+04 5.0000000000e+01 957 2158 2157 956 955 -1 957 -1
4 9.5750000000e+04 5.0000000000e+01 958 2159 2158 957 956 -1 958 -1
4 9.5850000000e+04 5.0000000000e+01 959 2160 2159 958 957 -1 959 -1
4 9.5950000000e+04 5.0000000000e+01 960 2161 2160 959 958 -1 960 -1
4 9.6050000000e+04 5.0000000000e+01 961 2162 2161 960 959 -1 961 -1
4 9.6150000000e+04 5.0000000000e+01 962 2163 2162 961 960 -1 962 -1
4 9.6250000000e+04 5.0000000000e+01 963 2164 2163 962 961 -1 963 -1
4 9.6350000000e+04 5.0000000000e+01 964 2165 2164 963 962 -1 964 -1
4 9.6450000000e+04 5.0000000000e+01 965 2166 2165 964 963 -1 965 -1
4 9.6550000000e+04 5.0000000000e+01 966 2167 2166 965 964 -1 966 -1
4 9.6650000000e+04 5.0000000000e+01 967 2168 2167 966 965 -1 967 -1
4 9.6750000000e+04 5.0000000000e+01 968 2169 2168 967 966 -1 968 -1
4 9.6850000000e+04 5.0000000000e+01 969 2170 2169 968 967 -1 969 -1
4 9.6950000000e+04 5.0000000000e+01 970 2171 2170 969 968 -1 970 -1
4 9.7050000000e+04 5.0000000000e+01 971 2172 2171 970 969 -1 971 -1
4 9.7150000000e+04 5.0000000000e+01 972 2173 2172 971 970 -1 972 -1
4 9.7250000000e+04 5.0000000000e+01 973 2174 2173 972 971 -1 973 -1
4 9.7350000000e+04 5.0000000000e+01 974 2175 2174 973 972 -1 974 -1
4 9.7450000000e+04 5.0000000000e+01 975 2176 2175 974 973 -1 975 -1
4 9.7550000000e+04 5.0000000000e+01 976 2177 2176 975 974 -1 976 -1
4 9.7650000000e+04 5.0000000000e+01 977 2178 2177 976 975 -1 977 -1
4 9.7750000000e+04 5.0000000000e+01 978 2179 2178 977 976 -1 978 -1
4 9.7850000000e+04 5.0000000000e+01 979 2180 2179 978 977 -1 979 -1
4 9.7950000000e+04 5.0000000000e+01 980 2181 2180 979 978 -1 980 -1
4 9.8050000000e+04 5.0000000000e+01 981 2182 2181 980 979 -1 981 -1
4 9.8150000000e+04 5.0000000000e+01 982 2183 2182 981 980 -1 982 -1
4 9.8250000000e+04 5.0000000000e+01 983 2184 2183 982 981 -1 983 -1
4 9.8350000000e+04 5.0000000000e+01 984 2185 2184 983 982 -1 984 -1
4 9.8450000000e+04 5.0000000000e+01 985 2186 2185 984 983 -1 985 -1
4 9.8550000000e+04 5.0000000000e+01 986 2187 2186 985 984 -1 986 -1
4 9.8650000000e+04 5.0000000000e+01 987 2188 2187 986 985 -1 987 -1
4 9.8750000000e+04 5.0000000000e+01 988 2189 2188 987 986 -1 988 -1
4 9.8850000000e+04 5.0000000000e+01 989 2190 2189 988 987 -1 989 -1
4 9.8950000000e+04 5.0000000000e+01 990 2191 2190 989 988 -1 990 -1
4 9.9050000000e+04 5.0000000000e+01 991 2192 2191 990 989 -1 991 -1
4 9.9150000000e+04 5.0000000000e+01 992 2193 2192 991 990 -1 992 -1
4 9.9250000000e+04 5.0000000000e+01 993 2194 2193 992 991 -1 993 -1
4 9.9350000000e+04 5.0000000000e+01 994 2195 2194 993 992 -1 994 -1
4 9.9450000000e+04 5.0000000000e+01 995 2196 2195 994 993 -1 995 -1
4 9.9550000000e+04 5.0000000000e+01 996 2197 2196 995 994 -1 996 -1
4 9.9650000000e+04 5.0000000000e+01 997 2198 2197 996 995 -1 997 -1
4 9.9750000000e+04 5.0000000000e+01 998 2199 2198 997 996 -1 998 -1
4 9.9850000000e+04 5.0000000000e+01 999 2200 2199 998 997 -1 999 -1
4 9.9950000000e+04 5.0000000000e+01 1000 2201 2200 999 998 -1 1000 -1
4 1.0005000000e+05 5.0000000000e+01 1001 2202 2201 1000 999 -1 1001 -1
4 1.0015000000e+05 5.0000000000e+01 1002 2203 2202 1001 1000 -1 1002 -1
4 1.0025000000e+05 5.0000000000e+01 1003 2204 2203 1002 1001 -1 1003 -1
4 1.0035000000e+05 5.0000000000e+01 1004 2205 2204 1003 1002 -1 1004 -1
4 1.0045000000e+05 5.0000000000e+01 1005 2206 2205 1004 1003 -1 1005 -1
4 1.0055000000e+05 5.0000000000e+01 1006 2207 2206 1005 1004 -1 1006 -1
4 1.0065000000e+05 5.0000000000e+01 1007 2208 2207 1006 1005 -1 1007 -1
4 1.0075000000e+05 5.0000000000e+01 1008 2209 2208 1007 1006 -1 1008 -1
4 1.0085000000e+05 5.0000000000e+01 1009 2210 2209 1008 1007 -1 1009 -1
4 1.0095000000e+05 5.0000000000e+01 1010 2211 2210 1009 1008 -1 1010 -1
4 1.0105000000e+05 5.0000000000e+01 1011 2212 2211 1010 1009 -1 1011 -1
4 1.0115000000e+05 5.0000000000e+01 1012 2213 2212 1011 1010 -1 1012 -1
4 1.0125000000e+05 5.0000000000e+01 1013 2214 2213 1012 1011 -1 1013 -1
4 1.0135000000e+05 5.0000000000e+01 1014 2215 2214 1013 1012 -1 1014 -1
4 1.0145000000e+05 5.0000000000e+01 1015 2216 2215 1014 1013 -1 1015 -1
4 1.0155000000e+05 5.0000000000e+01 1016 2217 2216 1015 1014 -1 1016 -1
4 1.0165000000e+05 5.0000000000e+01 1017 2218 2217 1016 1015 -1 1017 -1
4 1.0175000000e+05 5.0000000000e+01 1018 2219 2218 1017 1016 -1 1018 -1
4 1.0185000000e+05 5.0000000000e+01 1019 2220 2219 1018 1017 -1 1019 -1
4 1.0195000000e+05 5.0000000000e+01 1020 2221 2220 1019 1018 -1 1020 -1
4 1.0205000000e+05 5.0000000000e+01 1021 2222 2221 1020 1019 -1 1021 -1
4 1.0215000000e+05 5.0000000000e+01 1022 2223 2222 1021 1020 -1 1022 -1
4 1.0225000000e+05 5.0000000000e+01 1023 2224 2223 1022 1021 -1 1023 -1
4 1.0235000000e+05 5.0000000000e+01 1024 2225 2224 1023 1022 -1 1024 -1
4 1.0245000000e+05 5.0000000000e+01 1025 2226 2225 1024 1023 -1 1025 -1
4 1.0255000000e+05 5.0000000000e+01 1026 2227 2226 1025 1024 -1 1026 -1
4 1.0265000000e+05 5.0000000000e+01 1027 2228 2227 1026 1025 -1 1027 -1
4 1.0275000000e+05 5.0000000000e+01 1028 2229 2228 1027 1026 -1 1028 -1
4 1.0285000000e+05 5.0000000000e+01 1029 2230 2229 1028 1027 -1 1029 -1
4 1.0295000000e+05 5.0000000000e+01 1030 2231 2230 1029 1028 -1 1030 -1
4 1.0305000000e+05 5.0000000000e+01 1031 2232 2231 1030 1029 -1 1031 -1
4 1.0315000000e+05 5.0000000000e+01 1032 2233 2232 1031 1030 -1 1032 -1
4 1.0325000000e+05 5.0000000000e+01 1033 2234 2233 1032 1031 -1 1033 -1
4 1.0335000000e+05 5.0000000000e+01 1034 2235 2234 1033 1032 -1 1034 -1
4 1.0345000000e+05 5.0000000000e+01 1035 2236 2235 1034 1033 -1 1035 -1
4 1.0355000000e+05 5.0000000000e+01 1036 2237 2236 1035 1034 -1 1036 -1
4 1.0365000000e+05 5.0000000000e+01 1037 2238 2237 1036 1035 -1 1037 -1
4 1.0375000000e+05 5.0000000000e+01 1038 2239 2238 1037 1036 -1 1038 -1
4 1.0385000000e+05 5.0000000000e+01 1039 2240 2239 1038 1037 -1 1039 -1
4 1.0395000000e+05 5.0000000000e+01 1040 2241 2240 1039 1038 -1 1040 -1
4 1.0405000000e+05 5.0000000000e+01 1041 2242 2241 1040 1039 -1 1041 -1
4 1.0415000000e+05 5.0000000000e+01 1042 2243 2242 1041 1040 -1 1042 -1
4 1.0425000000e+05 5.0000000000e+01 1043 2244 2243 1042 1041 -1 1043 -1
4 1.0435000000e+05 5.0000000000e+01 1044 2245 2244 1043 1042 -1 1044 -1
4 1.0445000000e+05 5.0000000000e+01 1045 2246 2245 1044 1043 -1 1045 -1
4 1.0455000000e+05 5.0000000000e+01 1046 2247 2246 1045 1044 -1 1046 -1
4 1.0465000000e+05 5.0000000000e+01 1047 2248 2247 1046 1045 -1 1047 -1
4 1.0475000000e+05 5.0000000000e+01 1048 2249 2248 1047 1046 -1 1048 -1
4 1.0485000000e+05 5.0000000000e+01 1049 2250 2249 1048 1047 -1 1049 -1
4 1.0495000000e+05 5.0000000000e+01 1050 2251 2250 1049 1048 -1 1050 -1
4 1.0505000000e+05 5.0000000000e+01 1051 2252 2251 1050 1049 -1 1051 -1
4 1.0515000000e+05 5.0000000000e+01 1052 2253 2252 1051 1050 -1 1052 -1
4 1.0525000000e+05 5.0000000000e+01 1053 2254 2253 1052 1051 -1 1053 -1
4 1.0535000000e+05 5.0000000000e+01 1054 2255 2254 1053 1052 -1 1054 -1
4 1.0545000000e+05 5.0000000000e+01 1055 2256 2255 1054 1053 -1 1055 -1
4 1.0555000000e+05 5.0000000000e+01 1056 2257 2256 1055 1054 -1 1056 -1
4 1.0565000000e+05 5.0000000000e+01 1057 2258 2257 1056 1055 -1 1057 -1
4 1.0575000000e+05 5.0000000000e+01 1058 2259 2258 1057 1056 -1 1058 -1
4 1.0585000000e+05 5.0000000000e+01 1059 2260 2259 1058 1057 -1 1059 -1
4 1.0595000000e+05 5.0000000000e+01 1060 2261 2260 1059 1058 -1 1060 -1
4 1.0605000000e+05 5.0000000000e+01 1061 2262 2261 1060 1059 -1 1061 -1
4 1.0615000000e+05 5.0000000000e+01 1062 2263 2262 1061 1060 -1 1062 -1
4 1.0625000000e+05 5.0000000000e+01 1063 2264 2263 1062 1061 -1 1063 -1
4 1.0635000000e+05 5.0000000000e+01 1064 2265 2264 1063 1062 -1 1064 -1
4 1.0645000000e+05 5.0000000000e+01 1065 2266 2265 1064 1063 -1 1065 -1
4 1.0655000000e+05 5.0000000000e+01 1066 2267 2266 1065 1064 -1 1066 -1
4 1.0665000000e+05 5.0000000000e+01 1067 2268 2267 1066 1065 -1 1067 -1
4 1.0675000000e+05 5.0000000000e+01 1068 2269 2268 1067 1066 -1 1068 -1
4 1.0685000000e+05 5.0000000000e+01 1069 2270 2269 1068 1067 -1 1069 -1
4 1.0695000000e+05 5.0000000000e+01 1070 2271 2270 1069 1068 -1 1070 -1
4 1.0705000000e+05 5.0000000000e+01 1071 2272 2271 1070 1069 -1 1071 -1
4 1.0715000000e+05 5.0000000000e+01 1072 2273 2272 1071 1070 -1 1072 -1
4 1.0725000000e+05 5.0000000000e+01 1073 2274 2273 1072 1071 -1 1073 -1
4 1.0735000000e+05 5.0000000000e+01 1074 2275 2274 1073 1072 -1 1074 -1
4 1.0745000000e+05 5.0000000000e+01 1075 2276 2275 1074 1073 -1 1075 -1
4 1.0755000000e+05 5.0000000000e+01 1076 2277 2276 1075 1074 -1 1076 -1
4 1.0765000000e+05 5.0000000000e+01 1077 2278 2277 1076 1075 -1 1077 -1
4 1.0775000000e+05 5.0000000000e+01 1078 2279 2278 1077 1076 -1 1078 -1
4 1.0785000000e+05 5.0000000000e+01 1079 2280 2279 1078 1077 -1 1079 -1
4 1.0795000000e+05 5.0000000000e+01 1080 2281 2280 1079 1078 -1 1080 -1
4 1.0805000000e+05 5.0000000000e+01 1081 2282 2281 1080 1079 -1 1081 -1
4 1.0815000000e+05 5.0000000000e+01 1082 2283 2282 1081 1080 -1 1082 -1
4 1.0825000000e+05 5.0000000000e+01 1083 2284 2283 1082 1081 -1 1083 -1
4 1.0835000000e+05 5.0000000000e+01 1084 2285 2284 1083 1082 -1 1084 -1
4 1.0845000000e+05 5.0000000000e+01 1085 2286 2285 1084 1083 -1 1085 -1
4 1.0855000000e+05 5.0000000000e+01 1086 2287 2286 1085 1084 -1 1086 -1
4 1.0865000000e+05 5.0000000000e+01 1087 2288 2287 1086 1085 -1 1087 -1
4 1.0875000000e+05 5.0000000000e+01 1088 2289 2288 1087 1086 -1 1088 -1
4 1.0885000000e+05 5.0000000000e+01 1089 2290 2289 1088 1087 -1 1089 -1
4 1.0895000000e+05 5.0000000000e+01 1090 2291 2290 1089 1088 -1 1090 -1
4 1.0905000000e+05 5.0000000000e+01 1091 2292 2291 1090 1089 -1 1091 -1
4 1.0915000000e+05 5.0000000000e+01 1092 2293 2292 1091 1090 -1 1092 -1
4 1.0925000000e+05 5.0000000000e+01 1093 2294 2293 1092 1091 -1 1093 -1
4 1.0935000000e+05 5.0000000000e+01 1094 2295 2294 1093 1092 -1 1094 -1
4 1.0945000000e+05 5.0000000000e+01 1095 2296 2295 1094 1093 -1 1095 -1
4 1.0955000000e+05 5.0000000000e+01 1096 2297 2296 1095 1094 -1 1096 -1
4 1.0965000000e+05 5.0000000000e+01 1097 2298 2297 1096 1095 -1 1097 -1
4 1.0975000000e+05 5.0000000000e+01 1098 2299 2298 1097 1096 -1 1098 -1
4 1.0985000000e+05 5.0000000000e+01 1099 2300 2299 1098 1097 -1 1099 -1
4 1.0995000000e+05 5.0000000000e+01 1100 2301 2300 1099 1098 -1 1100 -1
4 1.1005000000e+05 5.0000000000e+01 1101 2302 2301 1100 1099 -1 1101 -1
4 1.1015000000e+05 5.0000000000e+01 1102 2303 2302 1101 1100 -1 1102 -1
4 1.1025000000e+05 5.0000000000e+01 1103 2304 2303 1102 1101 -1 1103 -1
4 1.1035000000e+05 5.0000000000e+01 1104 2305 2304 1103 1102 -1 1104 -1
4 1.1045000000e+05 5.0000000000e+01 1105 2306 2305 1104 1103 -1 1105 -1
4 1.1055000000e+05 5.0000000000e+01 1106 2307 2306 1105 1104 -1 1106 -1
4 1.1065000000e+05 5.0000000000e+01 1107 2308 2307 1106 1105 -1 1107 -1
4 1.1075000000e+05 5.0000000000e+01 1108 2309 2308 1107 1106 -1 1108 -1
4 1.1085000000e+05 5.0000000000e+01 1109 2310 2309 1108 1107 -1 1109 -1
4 1.1095000000e+05 5.0000000000e+01 1110 2311 2310 1109 1108 -1 1110 -1
4 1.1105000000e+05 5.0000000000e+01 1111 2312 2311 1110 1109 -1 1111 -1
4 1.1115000000e+05 5.0000000000e+01 1112 2313 2312 1111 1110 -1 1112 -1
4 1.1125000000e+05 5.0000000000e+01 1113 2314 2313 1112 1111 -1 1113 -1
4 1.1135000000e+05 5.0000000000e+01 1114 2315 2314 1113 1112 -1 1114 -1
4 1.1145000000e+05 5.0000000000e+01 1115 2316 2315 1114 1113 -1 1115 -1
4 1.1155000000e+05 5.0000000000e+01 1116 2317 2316 1115 1114 -1 1116 -1
4 1.1165000000e+05 5.0000000000e+01 1117 2318 2317 1116 1115 -1 1117 -1
4 1.1175000000e+05 5.0000000000e+01 1118 2319 2318 1117 1116 -1 1118 -1
4 1.1185000000e+05 5.0000000000e+01 1119 2320 2319 1118 1117 -1 1119 -1
4 1.1195000000e+05 5.0000000000e+01 1120 2321 2320 1119 1118 -1 1120 -1
4 1.1205000000e+05 5.0000000000e+01 1121 2322 2321 1120 1119 -1 1121 -1
4 1.1215000000e+05 5.0000000000e+01 1122 2323 2322 1121 1120 -1 1122 -1
4 1.1225000000e+05 5.0000000000e+01 1123 2324 2323 1122 1121 -1 1123 -1
4 1.1235000000e+05 5.0000000000e+01 1124 2325 2324 1123 1122 -1 1124 -1
4 1.1245000000e+05 5.0000000000e+01 1125 2326 2325 1124 1123 -1 1125 -1
4 1.1255000000e+05 5.0000000000e+01 1126 2327 2326 1125 1124 -1 1126 -1
4 1.1265000000e+05 5.0000000000e+01 1127 2328 2327 1126 1125 -1 1127 -1
4 1.1275000000e+05 5.0000000000e+01 1128 2329 2328 1127 1126 -1 1128 -1
4 1.1285000000e+05 5.0000000000e+01 1129 2330 2329 1128 1127 -1 1129 -1
4 1.1295000000e+05 5.0000000000e+01 1130 2331 2330 1129 1128 -1 1130 -1
4 1.1305000000e+05 5.0000000000e+01 1131 2332 2331 1130 1129 -1 1131 -1
4 1.1315000000e+05 5.0000000000e+01 1132 2333 2332 1131 1130 -1 1132 -1
4 1.1325000000e+05 5.0000000000e+01 1133 2334 2333 1132 1131 -1 1133 -1
4 1.1335000000e+05 5.0000000000e+01 1134 2335 2334 1133 1132 -1 1134 -1
4 1.1345000000e+05 5.0000000000e+01 1135 2336 2335 1134 1133 -1 1135 -1
4 1.1355000000e+05 5.0000000000e+01 1136 2337 2336 1135 1134 -1 1136 -1
4 1.1365000000e+05 5.0000000000e+01 1137 2338 2337 1136 1135 -1 1137 -1
4 1.1375000000e+05 5.0000000000e+01 1138 2339 2338 1137 1136 -1 1138 -1
4 1.1385000000e+05 5.0000000000e+01 1139 2340 2339 1138 1137 -1 1139 -1
4 1.1395000000e+05 5.0000000000e+01 1140 2341 2340 1139 1138 -1 1140 -1
4 1.1405000000e+05 5.0000000000e+01 1141 2342 2341 1140 1139 -1 1141 -1
4 1.1415000000e+05 5.0000000000e+01 1142 2343 2342 1141 1140 -1 1142 -1
4 1.1425000000e+05 5.0000000000e+01 1143 2344 2343 1142 1141 -1 1143 -1
4 1.1435000000e+05 5.0000000000e+01 1144 2345 2344 1143 1142 -1 1144 -1
4 1.1445000000e+05 5.0000000000e+01 1145 2346 2345 1144 1143 -1 1145 -1
4 1.1455000000e+05 5.0000000000e+01 1146 2347 2346 1145 1144 -1 1146 -1
4 1.1465000000e+05 5.0000000000e+01 1147 2348 2347 1146 1145 -1 1147 -1
4 1.1475000000e+05 5.0000000000e+01 1148 2349 2348 1147 1146 -1 1148 -1
4 1.1485000000e+05 5.0000000000e+01 1149 2350 2349 1148 1147 -1 1149 -1
4 1.1495000000e+05 5.0000000000e+01 1150 2351 2350 1149 1148 -1 1150 -1
4 1.1505000000e+05 5.0000000000e+01 1151 2352 2351 1150 1149 -1 1151 -1
4 1.1515000000e+05 5.0000000000e+01 1152 2353 2352 1151 1150 -1 1152 -1
4 1.1525000000e+05 5.0000000000e+01 1153 2354 2353 1152 1151 -1 1153 -1
4 1.1535000000e+05 5.0000000000e+01 1154 2355 2354 1153 1152 -1 1154 -1
4 1.1545000000e+05 5.0000000000e+01 1155 2356 2355 1154 1153 -1 1155 -1
4 1.1555000000e+05 5.0000000000e+01 1156 2357 2356 1155 1154 -1 1156 -1
4 1.1565000000e+05 5.0000000000e+01 1157 2358 2357 1156 1155 -1 1157 -1
4 1.1575000000e+05 5.0000000000e+01 1158 2359 2358 1157 1156 -1 1158 -1
4 1.1585000000e+05 5.0000000000e+01 1159 2360 2359 1158 1157 -1 1159 -1
4 1.1595000000e+05 5.0000000000e+01 1160 2361 2360 1159 1158 -1 1160 -1
4 1.1605000000e+05 5.0000000000e+01 1161 2362 2361 1160 1159 -1 1161 -1
4 1.1615000000e+05 5.0000000000e+01 1162 2363 2362 1161 1160 -1 1162 -1
4 1.1625000000e+05 5.0000000000e+01 1163 2364 2363 1162 1161 -1 1163 -1
4 1.1635000000e+05 5.0000000000e+01 1164 2365 2364 1163 1162 -1 1164 -1
4 1.1645000000e+05 5.0000000000e+01 1165 2366 2365 1164 1163 -1 1165 -1
4 1.1655000000e+05 5.0000000000e+01 1166 2367 2366 1165 1164 -1 1166 -1
4 1.1665000000e+05 5.0000000000e+01 1167 2368 2367 1166 1165 -1 1167 -1
4 1.1675000000e+05 5.0000000000e+01 1168 2369 2368 1167 1166 -1 1168 -1
4 1.1685000000e+05 5.0000000000e+01 1169 2370 2369 1168 1167 -1 1169 -1
4 1.1695000000e+05 5.0000000000e+01 1170 2371 2370 1169 1168 -1 1170 -1
4 1.1705000000e+05 5.0000000000e+01 1171 2372 2371 1170 1169 -1 1171 -1
4 1.1715000000e+05 5.0000000000e+01 1172 2373 2372 1171 1170 -1 1172 -1
4 1.1725000000e+05 5.0000000000e+01 1173 2374 2373 1172 1171 -1 1173 -1
4 1.1735000000e+05 5.0000000000e+01 1174 2375 2374 1173 1172 -1 1174 -1
4 1.1745000000e+05 5.0000000000e+01 1175 2376 2375 1174 1173 -1 1175 -1
4 1.1755000000e+05 5.0000000000e+01 1176 2377 2376 1175 1174 -1 1176 -1
4 1.1765000000e+05 5.0000000000e+01 1177 2378 2377 1176 1175 -1 1177 -1
4 1.1775000000e+05 5.0000000000e+01 1178 2379 2378 1177 1176 -1 1178 -1
4 1.1785000000e+05 5.0000000000e+01 1179 2380 2379 1178 1177 -1 1179 -1
4 1.1795000000e+05 5.0000000000e+01 1180 2381 2380 1179 1178 -1 1180 -1
4 1.1805000000e+05 5.0000000000e+01 1181 2382 2381 1180 1179 -1 1181 -1
4 1.1815000000e+05 5.0000000000e+01 1182 2383 2382 1181 1180 -1 1182 -1
4 1.1825000000e+05 5.0000000000e+01 1183 2384 2383 1182 1181 -1 1183 -1
4 1.1835000000e+05 5.0000000000e+01 1184 2385 2384 1183 1182 -1 1184 -1
4 1.1845000000e+05 5.0000000000e+01 1185 2386 2385 1184 1183 -1 1185 -1
4 1.1855000000e+05 5.0000000000e+01 1186 2387 2386 1185 1184 -1 1186 -1
4 1.1865000000e+05 5.0000000000e+01 1187 2388 2387 1186 1185 -1 1187 -1
4 1.1875000000e+05 5.0000000000e+01 1188 2389 2388 1187 1186 -1 1188 -1
4 1.1885000000e+05 5.0000000000e+01 1189 2390 2389 1188 1187 -1 1189 -1
4 1.1895000000e+05 5.0000000000e+01 1190 2391 2390 1189 1188 -1 1190 -1
4 1.1905000000e+05 5.0000000000e+01 1191 2392 2391 1190 1189 -1 1191 -1
4 1.1915000000e+05 5.0000000000e+01 1192 2393 2392 1191 1190 -1 1192 -1
4 1.1925000000e+05 5.0000000000e+01 1193 2394 2393 1192 1191 -1 1193 -1
4 1.1935000000e+05 5.0000000000e+01 1194 2395 2394 1193 1192 -1 1194 -1
4 1.1945000000e+05 5.0000000000e+01 1195 2396 2395 1194 1193 -1 1195 -1
4 1.1955000000e+05 5.0000000000e+01 1196 2397 2396 1195 1194 -1 1196 -1
4 1.1965000000e+05 5.0000000000e+01 1197 2398 2397 1196 1195 -1 1197 -1
4 1.1975000000e+05 5.0000000000e+01 1198 2399 2398 1197 1196 -1 1198 -1
4 1.1985000000e+05 5.0000000000e+01 1199 2400 2399 1198 1197 -1 1199 -1
4 1.1995000000e+05 5.0000000000e+01 1200 2401 2400 1199 1198 -1 -1 -1
