4 5.0000000000e+01 5.0000000000e-01 1 602 601 0 -1 -1 1 -1
4 1.5000000000e+02 5.0000000000e-01 2 603 602 1 0 -1 2 -1
4 2.5000000000e+02 5.0000000000e-01 3 604 603 2 1 -1 3 -1
4 3.5000000000e+02 5.0000000000e-01 4 605 604 3 2 -1 4 -1
4 4.5000000000e+02 5.0000000000e-01 5 606 605 4 3 -1 5 -1
4 5.5000000000e+02 5.0000000000e-01 6 607 606 5 4 -1 6 -1
4 6.5000000000e+02 5.0000000000e-01 7 608 607 6 5 -1 7 -1
4 7.5000000000e+02 5.0000000000e-01 8 609 608 7 6 -1 8 -1
4 8.5000000000e+02 5.0000000000e-01 9 610 609 8 7 -1 9 -1
4 9.5000000000e+02 5.0000000000e-01 10 611 610 9 8 -1 10 -1
4 1.0500000000e+03 5.0000000000e-01 11 612 611 10 9 -1 11 -1
4 1.1500000000e+03 5.0000000000e-01 12 613 612 11 10 -1 12 -1
4 1.2500000000e+03 5.0000000000e-01 13 614 613 12 11 -1 13 -1
4 1.3500000000e+03 5.0000000000e-01 14 615 614 13 12 -1 14 -1
4 1.4500000000e+03 5.0000000000e-01 15 616 615 14 13 -1 15 -1
4 1.5500000000e+03 5.0000000000e-01 16 617 616 15 14 -1 16 -1
4 1.6500000000e+03 5.0000000000e-01 17 618 617 16 15 -1 17 -1
4 1.7500000000e+03 5.0000000000e-01 18 619 618 17 16 -1 18 -1
4 1.8500000000e+03 5.0000000000e-01 19 620 619 18 17 -1 19 -1
4 1.9500000000e+03 5.0000000000e-01 20 621 620 19 18 -1 20 -1
4 2.0500000000e+03 5.0000000000e-01 21 622 621 20 19 -1 21 -1
4 2.1500000000e+03 5.0000000000e-01 22 623 622 21 20 -1 22 -1
4 2.2500000000e+03 5.0000000000e-01 23 624 623 22 21 -1 23 -1
4 2.3500000000e+03 5.0000000000e-01 24 625 624 23 22 -1 24 -1
4 2.4500000000e+03 5.0000000000e-01 25 626 625 24 23 -1 25 -1
4 2.5500000000e+03 5.0000000000e-01 26 627 626 25 24 -1 26 -1
4 2.6500000000e+03 5.0000000000e-01 27 628 627 26 25 -1 27 -1
4 2.7500000000e+03 5.0000000000e-01 28 629 628 27 26 -1 28 -1
4 2.8500000000e+03 5.0000000000e-01 29 630 629 28 27 -1 29 -1
4 2.9500000000e+03 5.0000000000e-01 30 631 630 29 28 -1 30 -1
4 3.0500000000e+03 5.0000000000e-01 31 632 631 30 29 -1 31 -1
4 3.1500000000e+03 5.0000000000e-01 32 633 632 31 30 -1 32 -1
4 3.2500000000e+03 5.0000000000e-01 33 634 633 32 31 -1 33 -1
4 3.3500000000e+03 5.0000000000e-01 34 635 634 33 32 -1 34 -1
4 3.4500000000e+03 5.0000000000e-01 35 636 635 34 33 -1 35 -1
4 3.5500000000e+03 5.0000000000e-01 36 637 636 35 34 -1 36 -1
4 3.6500000000e+03 5.0000000000e-01 37 638 637 36 35 -1 37 -1
4 3.7500000000e+03 5.0000000000e-01 38 639 638 37 36 -1 38 -1
4 3.8500000000e+03 5.0000000000e-01 39 640 639 38 37 -1 39 -1
4 3.9500000000e+03 5.0000000000e-01 40 641 640 39 38 -1 40 -1
4 4.0500000000e+03 5.0000000000e-01 41 642 641 40 39 -1 41 -1
4 4.1500000000e+03 5.0000000000e-01 42 643 642 41 40 -1 42 -1
4 4.2500000000e+03 5.0000000000e-01 43 644 643 42 41 -1 43 -1
4 4.3500000000e+03 5.0000000000e-01 44 645 644 43 42 -1 44 -1
4 4.4500000000e+03 5.0000000000e-01 45 646 645 44 43 -1 45 -1
4 4.5500000000e+03 5.0000000000e-01 46 647 646 45 44 -1 46 -1
4 4.6500000000e+03 5.0000000000e-01 47 648 647 46 45 -1 47 -1
4 4.7500000000e+03 5.0000000000e-01 48 649 648 47 46 -1 48 -1
4 4.8500000000e+03 5.0000000000e-01 49 650 649 48 47 -1 49 -1
4 4.9500000000e+03 5.0000000000e-01 50 651 650 49 48 -1 50 -1
4 5.0500000000e+03 5.0000000000e-01 51 652 651 50 49 -1 51 -1
4 5.1500000000e+03 5.0000000000e-01 52 653 652 51 50 -1 52 -1
4 5.2500000000e+03 5.0000000000e-01 53 654 653 52 51 -1 53 -1
4 5.3500000000e+03 5.0000000000e-01 54 655 654 53 52 -1 54 -1
4 5.4500000000e+03 5.0000000000e-01 55 656 655 54 53 -1 55 -1
4 5.5500000000e+03 5.0000000000e-01 56 657 656 55 54 -1 56 -1
4 5.6500000000e+03 5.0000000000e-01 57 658 657 56 55 -1 57 -1
4 5.7500000000e+03 5.0000000000e-01 58 659 658 57 56 -1 58 -1
4 5.8500000000e+03 5.0000000000e-01 59 660 659 58 57 -1 59 -1
4 5.9500000000e+03 5.0000000000e-01 60 661 660 59 58 -1 60 -1
4 6.0500000000e+03 5.0000000000e-01 61 662 661 60 59 -1 61 -1
4 6.1500000000e+03 5.0000000000e-01 62 663 662 61 60 -1 62 -1
4 6.2500000000e+03 5.0000000000e-01 63 664 663 62 61 -1 63 -1
4 6.3500000000e+03 5.0000000000e-01 64 665 664 63 62 -1 64 -1
4 6.4500000000e+03 5.0000000000e-01 65 666 665 64 63 -1 65 -1
4 6.5500000000e+03 5.0000000000e-01 66 667 666 65 64 -1 66 -1
4 6.6500000000e+03 5.0000000000e-01 67 668 667 66 65 -1 67 -1
4 6.7500000000e+03 5.0000000000e-01 68 669 668 67 66 -1 68 -1
4 6.8500000000e+03 5.0000000000e-01 69 670 669 68 67 -1 69 -1
4 6.9500000000e+03 5.0000000000e-01 70 671 670 69 68 -1 70 -1
4 7.0500000000e+03 5.0000000000e-01 71 672 671 70 69 -1 71 -1
4 7.1500000000e+03 5.0000000000e-01 72 673 672 71 70 -1 72 -1
4 7.2500000000e+03 5.0000000000e-01 73 674 673 72 71 -1 73 -1
4 7.3500000000e+03 5.0000000000e-01 74 675 674 73 72 -1 74 -1
4 7.4500000000e+03 5.0000000000e-01 75 676 675 74 73 -1 75 -1
4 7.5500000000e+03 5.0000000000e-01 76 677 676 75 74 -1 76 -1
4 7.6500000000e+03 5.0000000000e-01 77 678 677 76 75 -1 77 -1
4 7.7500000000e+03 5.0000000000e-01 78 679 678 77 76 -1 78 -1
4 7.8500000000e+03 5.0000000000e-01 79 680 679 78 77 -1 79 -1
4 7.9500000000e+03 5.0000000000e-01 80 681 680 79 78 -1 80 -1
4 8.0500000000e+03 5.0000000000e-01 81 682 681 80 79 -1 81 -1
4 8.1500000000e+03 5.0000000000e-01 82 683 682 81 80 -1 82 -1
4 8.2500000000e+03 5.0000000000e-01 83 684 683 82 81 -1 83 -1
4 8.3500000000e+03 5.0000000000e-01 84 685 684 83 82 -1 84 -1
4 8.4500000000e+03 5.0000000000e-01 85 686 685 84 83 -1 85 -1
4 8.5500000000e+03 5.0000000000e-01 86 687 686 85 84 -1 86 -1
4 8.6500000000e+03 5.0000000000e-01 87 688 687 86 85 -1 87 -1
4 8.7500000000e+03 5.0000000000e-01 88 689 688 87 86 -1 88 -1
4 8.8500000000e+03 5.0000000000e-01 89 690 689 88 87 -1 89 -1
4 8.9500000000e+03 5.0000000000e-01 90 691 690 89 88 -1 90 -1
4 9.0500000000e+03 5.0000000000e-01 91 692 691 90 89 -1 91 -1
4 9.1500000000e+03 5.0000000000e-01 92 693 692 91 90 -1 92 -1
4 9.2500000000e+03 5.0000000000e-01 93 694 693 92 91 -1 93 -1
4 9.3500000000e+03 5.0000000000e-01 94 695 694 93 92 -1 94 -1
4 9.4500000000e+03 5.0000000000e-01 95 696 695 94 93 -1 95 -1
4 9.5500000000e+03 5.0000000000e-01 96 697 696 95 94 -1 96 -1
4 9.6500000000e+03 5.0000000000e-01 97 698 697 96 95 -1 97 -1
4 9.7500000000e+03 5.0000000000e-01 98 699 698 97 96 -1 98 -1
4 9.8500000000e+03 5.0000000000e-01 99 700 699 98 97 -1 99 -1
4 9.9500000000e+03 5.0000000000e-01 100 701 700 99 98 -1 100 -1
4 1.0050000000e+04 5.0000000000e-01 101 702 701 100 99 -1 101 -1
4 1.0150000000e+04 5.0000000000e-01 102 703 702 101 100 -1 102 -1
4 1.0250000000e+04 5.0000000000e-01 103 704 703 102 101 -1 103 -1
4 1.0350000000e+04 5.0000000000e-01 104 705 704 103 102 -1 104 -1
4 1.0450000000e+04 5.0000000000e-01 105 706 705 104 103 -1 105 -1
4 1.0550000000e+04 5.0000000000e-01 106 707 706 105 104 -1 106 -1
4 1.0650000000e+04 5.0000000000e-01 107 708 707 106 105 -1 107 -1
4 1.0750000000e+04 5.0000000000e-01 108 709 708 107 106 -1 108 -1
4 1.0850000000e+04 5.0000000000e-01 109 710 709 108 107 -1 109 -1
4 1.0950000000e+04 5.0000000000e-01 110 711 710 109 108 -1 110 -1
4 1.1050000000e+04 5.0000000000e-01 111 712 711 110 109 -1 111 -1
4 1.1150000000e+04 5.0000000000e-01 112 713 712 111 110 -1 112 -1
4 1.1250000000e+04 5.0000000000e-01 113 714 713 112 111 -1 113 -1
4 1.1350000000e+04 5.0000000000e-01 114 715 714 113 112 -1 114 -1
4 1.1450000000e+04 5.0000000000e-01 115 716 715 114 113 -1 115 -1
4 1.1550000000e+04 5.0000000000e-01 116 717 716 115 114 -1 116 -1
4 1.1650000000e+04 5.0000000000e-01 117 718 717 116 115 -1 117 -1
4 1.1750000000e+04 5.0000000000e-01 118 719 718 117 116 -1 118 -1
4 1.1850000000e+04 5.0000000000e-01 119 720 719 118 117 -1 119 -1
4 1.1950000000e+04 5.0000000000e-01 120 721 720 119 118 -1 120 -1
4 1.2050000000e+04 5.0000000000e-01 121 722 721 120 119 -1 121 -1
4 1.2150000000e+04 5.0000000000e-01 122 723 722 121 120 -1 122 -1
4 1.2250000000e+04 5.0000000000e-01 123 724 723 122 121 -1 123 -1
4 1.2350000000e+04 5.0000000000e-01 124 725 724 123 122 -1 124 -1
4 1.2450000000e+04 5.0000000000e-01 125 726 725 124 123 -1 125 -1
4 1.2550000000e+04 5.0000000000e-01 126 727 726 125 124 -1 126 -1
4 1.2650000000e+04 5.0000000000e-01 127 728 727 126 125 -1 127 -1
4 1.2750000000e+04 5.0000000000e-01 128 729 728 127 126 -1 128 -1
4 1.2850000000e+04 5.0000000000e-01 129 730 729 128 127 -1 129 -1
4 1.2950000000e+04 5.0000000000e-01 130 731 730 129 128 -1 130 -1
4 1.3050000000e+04 5.0000000000e-01 131 732 731 130 129 -1 131 -1
4 1.3150000000e+04 5.0000000000e-01 132 733 732 131 130 -1 132 -1
4 1.3250000000e+04 5.0000000000e-01 133 734 733 132 131 -1 133 -1
4 1.3350000000e+04 5.0000000000e-01 134 735 734 133 132 -1 134 -1
4 1.3450000000e+04 5.0000000000e-01 135 736 735 134 133 -1 135 -1
4 1.3550000000e+04 5.0000000000e-01 136 737 736 135 134 -1 136 -1
4 1.3650000000e+04 5.0000000000e-01 137 738 737 136 135 -1 137 -1
4 1.3750000000e+04 5.0000000000e-01 138 739 738 137 136 -1 138 -1
4 1.3850000000e+04 5.0000000000e-01 139 740 739 138 137 -1 139 -1
4 1.3950000000e+04 5.0000000000e-01 140 741 740 139 138 -1 140 -1
4 1.4050000000e+04 5.0000000000e-01 141 742 741 140 139 -1 141 -1
4 1.4150000000e+04 5.0000000000e-01 142 743 742 141 140 -1 142 -1
4 1.4250000000e+04 5.0000000000e-01 143 744 743 142 141 -1 143 -1
4 1.4350000000e+04 5.0000000000e-01 144 745 744 143 142 -1 144 -1
4 1.4450000000e+04 5.0000000000e-01 145 746 745 144 143 -1 145 -1
4 1.4550000000e+04 5.0000000000e-01 146 747 746 145 144 -1 146 -1
4 1.4650000000e+04 5.0000000000e-01 147 748 747 146 145 -1 147 -1
4 1.4750000000e+04 5.0000000000e-01 148 749 748 147 146 -1 148 -1
4 1.4850000000e+04 5.0000000000e-01 149 750 749 148 147 -1 149 -1
4 1.4950000000e+04 5.0000000000e-01 150 751 750 149 148 -1 150 -1
4 1.5050000000e+04 5.0000000000e-01 151 752 751 150 149 -1 151 -1
4 1.5150000000e+04 5.0000000000e-01 152 753 752 151 150 -1 152 -1
4 1.5250000000e+04 5.0000000000e-01 153 754 753 152 151 -1 153 -1
4 1.5350000000e+04 5.0000000000e-01 154 755 754 153 152 -1 154 -1
4 1.5450000000e+04 5.0000000000e-01 155 756 755 154 153 -1 155 -1
4 1.5550000000e+04 5.0000000000e-01 156 757 756 155 154 -1 156 -1
4 1.5650000000e+04 5.0000000000e-01 157 758 757 156 155 -1 157 -1
4 1.5750000000e+04 5.0000000000e-01 158 759 758 157 156 -1 158 -1
4 1.5850000000e+04 5.0000000000e-01 159 760 759 158 157 -1 159 -1
4 1.5950000000e+04 5.0000000000e-01 160 761 760 159 158 -1 160 -1
4 1.6050000000e+04 5.0000000000e-01 161 762 761 160 159 -1 161 -1
4 1.6150000000e+04 5.0000000000e-01 162 763 762 161 160 -1 162 -1
4 1.6250000000e+04 5.0000000000e-01 163 764 763 162 161 -1 163 -1
4 1.6350000000e+04 5.0000000000e-01 164 765 764 163 162 -1 164 -1
4 1.6450000000e+04 5.0000000000e-01 165 766 765 164 163 -1 165 -1
4 1.6550000000e+04 5.0000000000e-01 166 767 766 165 164 -1 166 -1
4 1.6650000000e+04 5.0000000000e-01 167 768 767 166 165 -1 167 -1
4 1.6750000000e+04 5.0000000000e-01 168 769 768 167 166 -1 168 -1
4 1.6850000000e+04 5.0000000000e-01 169 770 769 168 167 -1 169 -1
4 1.6950000000e+04 5.0000000000e-01 170 771 770 169 168 -1 170 -1
4 1.7050000000e+04 5.0000000000e-01 171 772 771 170 169 -1 171 -1
4 1.7150000000e+04 5.0000000000e-01 172 773 772 171 170 -1 172 -1
4 1.7250000000e+04 5.0000000000e-01 173 774 773 172 171 -1 173 -1
4 1.7350000000e+04 5.0000000000e-01 174 775 774 173 172 -1 174 -1
4 1.7450000000e+04 5.0000000000e-01 175 776 775 174 173 -1 175 -1
4 1.7550000000e+04 5.0000000000e-01 176 777 776 175 174 -1 176 -1
4 1.7650000000e+04 5.0000000000e-01 177 778 777 176 175 -1 177 -1
4 1.7750000000e+04 5.0000000000e-01 178 779 778 177 176 -1 178 -1
4 1.7850000000e+04 5.0000000000e-01 179 780 779 178 177 -1 179 -1
4 1.7950000000e+04 5.0000000000e-01 180 781 780 179 178 -1 180 -1
4 1.8050000000e+04 5.0000000000e-01 181 782 781 180 179 -1 181 -1
4 1.8150000000e+04 5.0000000000e-01 182 783 782 181 180 -1 182 -1
4 1.8250000000e+04 5.0000000000e-01 183 784 783 182 181 -1 183 -1
4 1.8350000000e+04 5.0000000000e-01 184 785 784 183 182 -1 184 -1
4 1.8450000000e+04 5.0000000000e-01 185 786 785 184 183 -1 185 -1
4 1.8550000000e+04 5.0000000000e-01 186 787 786 185 184 -1 186 -1
4 1.8650000000e+04 5.0000000000e-01 187 788 787 186 185 -1 187 -1
4 1.8750000000e+04 5.0000000000e-01 188 789 788 187 186 -1 188 -1
4 1.8850000000e+04 5.0000000000e-01 189 790 789 188 187 -1 189 -1
4 1.8950000000e+04 5.0000000000e-01 190 791 790 189 188 -1 190 -1
4 1.9050000000e+04 5.0000000000e-01 191 792 791 190 189 -1 191 -1
4 1.9150000000e+04 5.0000000000e-01 192 793 792 191 190 -1 192 -1
4 1.9250000000e+04 5.0000000000e-01 193 794 793 192 191 -1 193 -1
4 1.9350000000e+04 5.0000000000e-01 194 795 794 193 192 -1 194 -1
4 1.9450000000e+04 5.0000000000e-01 195 796 795 194 193 -1 195 -1
4 1.9550000000e+04 5.0000000000e-01 196 797 796 195 194 -1 196 -1
4 1.9650000000e+04 5.0000000000e-01 197 798 797 196 195 -1 197 -1
4 1.9750000000e+04 5.0000000000e-01 198 799 798 197 196 -1 198 -1
4 1.9850000000e+04 5.0000000000e-01 199 800 799 198 197 -1 199 -1
4 1.9950000000e+04 5.0000000000e-01 200 801 800 199 198 -1 200 -1
4 2.0050000000e+04 5.0000000000e-01 201 802 801 200 199 -1 201 -1
4 2.0150000000e+04 5.0000000000e-01 202 803 802 201 200 -1 202 -1
4 2.0250000000e+04 5.0000000000e-01 203 804 803 202 201 -1 203 -1
4 2.0350000000e+04 5.0000000000e-01 204 805 804 203 202 -1 204 -1
4 2.0450000000e+04 5.0000000000e-01 205 806 805 204 203 -1 205 -1
4 2.0550000000e+04 5.0000000000e-01 206 807 806 205 204 -1 206 -1
4 2.0650000000e+04 5.0000000000e-01 207 808 807 206 205 -1 207 -1
4 2.0750000000e+04 5.0000000000e-01 208 809 808 207 206 -1 208 -1
4 2.0850000000e+04 5.0000000000e-01 209 810 809 208 207 -1 209 -1
4 2.0950000000e+04 5.0000000000e-01 210 811 810 209 208 -1 210 -1
4 2.1050000000e+04 5.0000000000e-01 211 812 811 210 209 -1 211 -1
4 2.1150000000e+04 5.0000000000e-01 212 813 812 211 210 -1 212 -1
4 2.1250000000e+04 5.0000000000e-01 213 814 813 212 211 -1 213 -1
4 2.1350000000e+04 5.0000000000e-01 214 815 814 213 212 -1 214 -1
4 2.1450000000e+04 5.0000000000e-01 215 816 815 214 213 -1 215 -1
4 2.1550000000e+04 5.0000000000e-01 216 817 816 215 214 -1 216 -1
4 2.1650000000e+04 5.0000000000e-01 217 818 817 216 215 -1 217 -1
4 2.1750000000e+04 5.0000000000e-01 218 819 818 217 216 -1 218 -1
4 2.1850000000e+04 5.0000000000e-01 219 820 819 218 217 -1 219 -1
4 2.1950000000e+04 5.0000000000e-01 220 821 820 219 218 -1 220 -1
4 2.2050000000e+04 5.0000000000e-01 221 822 821 220 219 -1 221 -1
4 2.2150000000e+04 5.0000000000e-01 222 823 822 221 220 -1 222 -1
4 2.2250000000e+04 5.0000000000e-01 223 824 823 222 221 -1 223 -1
4 2.2350000000e+04 5.0000000000e-01 224 825 824 223 222 -1 224 -1
4 2.2450000000e+04 5.0000000000e-01 225 826 825 224 223 -1 225 -1
4 2.2550000000e+04 5.0000000000e-01 226 827 826 225 224 -1 226 -1
4 2.2650000000e+04 5.0000000000e-01 227 828 827 226 225 -1 227 -1
4 2.2750000000e+04 5.0000000000e-01 228 829 828 227 226 -1 228 -1
4 2.2850000000e+04 5.0000000000e-01 229 830 829 228 227 -1 229 -1
4 2.2950000000e+04 5.0000000000e-01 230 831 830 229 228 -1 230 -1
4 2.3050000000e+04 5.0000000000e-01 231 832 831 230 229 -1 231 -1
4 2.3150000000e+04 5.0000000000e-01 232 833 832 231 230 -1 232 -1
4 2.3250000000e+04 5.0000000000e-01 233 834 833 232 231 -1 233 -1
4 2.3350000000e+04 5.0000000000e-01 234 835 834 233 232 -1 234 -1
4 2.3450000000e+04 5.0000000000e-01 235 836 835 234 233 -1 235 -1
4 2.3550000000e+04 5.0000000000e-01 236 837 836 235 234 -1 236 -1
4 2.3650000000e+04 5.0000000000e-01 237 838 837 236 235 -1 237 -1
4 2.3750000000e+04 5.0000000000e-01 238 839 838 237 236 -1 238 -1
4 2.3850000000e+04 5.0000000000e-01 239 840 839 238 237 -1 239 -1
4 2.3950000000e+04 5.0000000000e-01 240 841 840 239 238 -1 240 -1
4 2.4050000000e+04 5.0000000000e-01 241 842 841 240 239 -1 241 -1
4 2.4150000000e+04 5.0000000000e-01 242 843 842 241 240 -1 242 -1
4 2.4250000000e+04 5.0000000000e-01 243 844 843 242 241 -1 243 -1
4 2.4350000000e+04 5.0000000000e-01 244 845 844 243 242 -1 244 -1
4 2.4450000000e+04 5.0000000000e-01 245 846 845 244 243 -1 245 -1
4 2.4550000000e+04 5.0000000000e-01 246 847 846 245 244 -1 246 -1
4 2.4650000000e+04 5.0000000000e-01 247 848 847 246 245 -1 247 -1
4 2.4750000000e+04 5.0000000000e-01 248 849 848 247 246 -1 248 -1
4 2.4850000000e+04 5.0000000000e-01 249 850 849 248 247 -1 249 -1
4 2.4950000000e+04 5.0000000000e-01 250 851 850 249 248 -1 250 -1
4 2.5050000000e+04 5.0000000000e-01 251 852 851 250 249 -1 251 -1
4 2.5150000000e+04 5.0000000000e-01 252 853 852 251 250 -1 252 -1
4 2.5250000000e+04 5.0000000000e-01 253 854 853 252 251 -1 253 -1
4 2.5350000000e+04 5.0000000000e-01 254 855 854 253 252 -1 254 -1
4 2.5450000000e+04 5.0000000000e-01 255 856 855 254 253 -1 255 -1
4 2.5550000000e+04 5.0000000000e-01 256 857 856 255 254 -1 256 -1
4 2.5650000000e+04 5.0000000000e-01 257 858 857 256 255 -1 257 -1
4 2.5750000000e+04 5.0000000000e-01 258 859 858 257 256 -1 258 -1
4 2.5850000000e+04 5.0000000000e-01 259 860 859 258 257 -1 259 -1
4 2.5950000000e+04 5.0000000000e-01 260 861 860 259 258 -1 260 -1
4 2.6050000000e+04 5.0000000000e-01 261 862 861 260 259 -1 261 -1
4 2.6150000000e+04 5.0000000000e-01 262 863 862 261 260 -1 262 -1
4 2.6250000000e+04 5.0000000000e-01 263 864 863 262 261 -1 263 -1
4 2.6350000000e+04 5.0000000000e-01 264 865 864 263 262 -1 264 -1
4 2.6450000000e+04 5.0000000000e-01 265 866 865 264 263 -1 265 -1
4 2.6550000000e+04 5.0000000000e-01 266 867 866 265 264 -1 266 -1
4 2.6650000000e+04 5.0000000000e-01 267 868 867 266 265 -1 267 -1
4 2.6750000000e+04 5.0000000000e-01 268 869 868 267 266 -1 268 -1
4 2.6850000000e+04 5.0000000000e-01 269 870 869 268 267 -1 269 -1
4 2.6950000000e+04 5.0000000000e-01 270 871 870 269 268 -1 270 -1
4 2.7050000000e+04 5.0000000000e-01 271 872 871 270 269 -1 271 -1
4 2.7150000000e+04 5.0000000000e-01 272 873 872 271 270 -1 272 -1
4 2.7250000000e+04 5.0000000000e-01 273 874 873 272 271 -1 273 -1
4 2.7350000000e+04 5.0000000000e-01 274 875 874 273 272 -1 274 -1
4 2.7450000000e+04 5.0000000000e-01 275 876 875 274 273 -1 275 -1
4 2.7550000000e+04 5.0000000000e-01 276 877 876 275 274 -1 276 -1
4 2.7650000000e+04 5.0000000000e-01 277 878 877 276 275 -1 277 -1
4 2.7750000000e+04 5.0000000000e-01 278 879 878 277 276 -1 278 -1
4 2.7850000000e+04 5.0000000000e-01 279 880 879 278 277 -1 279 -1
4 2.7950000000e+04 5.0000000000e-01 280 881 880 279 278 -1 280 -1
4 2.8050000000e+04 5.0000000000e-01 281 882 881 280 279 -1 281 -1
4 2.8150000000e+04 5.0000000000e-01 282 883 882 281 280 -1 282 -1
4 2.8250000000e+04 5.0000000000e-01 283 884 883 282 281 -1 283 -1
4 2.8350000000e+04 5.0000000000e-01 284 885 884 283 282 -1 284 -1
4 2.8450000000e+04 5.0000000000e-01 285 886 885 284 283 -1 285 -1
4 2.8550000000e+04 5.0000000000e-01 286 887 886 285 284 -1 286 -1
4 2.8650000000e+04 5.0000000000e-01 287 888 887 286 285 -1 287 -1
4 2.8750000000e+04 5.0000000000e-01 288 889 888 287 286 -1 288 -1
4 2.8850000000e+04 5.0000000000e-01 289 890 889 288 287 -1 289 -1
4 2.8950000000e+04 5.0000000000e-01 290 891 890 289 288 -1 290 -1
4 2.9050000000e+04 5.0000000000e-01 291 892 891 290 289 -1 291 -1
4 2.9150000000e+04 5.0000000000e-01 292 893 892 291 290 -1 292 -1
4 2.9250000000e+04 5.0000000000e-01 293 894 893 292 291 -1 293 -1
4 2.9350000000e+04 5.0000000000e-01 294 895 894 293 292 -1 294 -1
4 2.9450000000e+04 5.0000000000e-01 295 896 895 294 293 -1 295 -1
4 2.9550000000e+04 5.0000000000e-01 296 897 896 295 294 -1 296 -1
4 2.9650000000e+04 5.0000000000e-01 297 898 897 296 295 -1 297 -1
4 2.9750000000e+04 5.0000000000e-01 298 899 898 297 296 -1 298 -1
4 2.9850000000e+04 5.0000000000e-01 299 900 899 298 297 -1 299 -1
4 2.9950000000e+04 5.0000000000e-01 300 901 900 299 298 -1 300 -1
4 3.0050000000e+04 5.0000000000e-01 301 902 901 300 299 -1 301 -1
4 3.0150000000e+04 5.0000000000e-01 302 903 902 301 300 -1 302 -1
4 3.0250000000e+04 5.0000000000e-01 303 904 903 302 301 -1 303 -1
4 3.0350000000e+04 5.0000000000e-01 304 905 904 303 302 -1 304 -1
4 3.0450000000e+04 5.0000000000e-01 305 906 905 304 303 -1 305 -1
4 3.0550000000e+04 5.0000000000e-01 306 907 906 305 304 -1 306 -1
4 3.0650000000e+04 5.0000000000e-01 307 908 907 306 305 -1 307 -1
4 3.0750000000e+04 5.0000000000e-01 308 909 908 307 306 -1 308 -1
4 3.0850000000e+04 5.0000000000e-01 309 910 909 308 307 -1 309 -1
4 3.0950000000e+04 5.0000000000e-01 310 911 910 309 308 -1 310 -1
4 3.1050000000e+04 5.0000000000e-01 311 912 911 310 309 -1 311 -1
4 3.1150000000e+04 5.0000000000e-01 312 913 912 311 310 -1 312 -1
4 3.1250000000e+04 5.0000000000e-01 313 914 913 312 311 -1 313 -1
4 3.1350000000e+04 5.0000000000e-01 314 915 914 313 312 -1 314 -1
4 3.1450000000e+04 5.0000000000e-01 315 916 915 314 313 -1 315 -1
4 3.1550000000e+04 5.0000000000e-01 316 917 916 315 314 -1 316 -1
4 3.1650000000e+04 5.0000000000e-01 317 918 917 316 315 -1 317 -1
4 3.1750000000e+04 5.0000000000e-01 318 919 918 317 316 -1 318 -1
4 3.1850000000e+04 5.0000000000e-01 319 920 919 318 317 -1 319 -1
4 3.1950000000e+04 5.0000000000e-01 320 921 920 319 318 -1 320 -1
4 3.2050000000e+04 5.0000000000e-01 321 922 921 320 319 -1 321 -1
4 3.2150000000e+04 5.0000000000e-01 322 923 922 321 320 -1 322 -1
4 3.2250000000e+04 5.0000000000e-01 323 924 923 322 321 -1 323 -1
4 3.2350000000e+04 5.0000000000e-01 324 925 924 323 322 -1 324 -1
4 3.2450000000e+04 5.0000000000e-01 325 926 925 324 323 -1 325 -1
4 3.2550000000e+04 5.0000000000e-01 326 927 926 325 324 -1 326 -1
4 3.2650000000e+04 5.0000000000e-01 327 928 927 326 325 -1 327 -1
4 3.2750000000e+04 5.0000000000e-01 328 929 928 327 326 -1 328 -1
4 3.2850000000e+04 5.0000000000e-01 329 930 929 328 327 -1 329 -1
4 3.2950000000e+04 5.0000000000e-01 330 931 930 329 328 -1 330 -1
4 3.3050000000e+04 5.0000000000e-01 331 932 931 330 329 -1 331 -1
4 3.3150000000e+04 5.0000000000e-01 332 933 932 331 330 -1 332 -1
4 3.3250000000e+04 5.0000000000e-01 333 934 933 332 331 -1 333 -1
4 3.3350000000e+04 5.0000000000e-01 334 935 934 333 332 -1 334 -1
4 3.3450000000e+04 5.0000000000e-01 335 936 935 334 333 -1 335 -1
4 3.3550000000e+04 5.0000000000e-01 336 937 936 335 334 -1 336 -1
4 3.3650000000e+04 5.0000000000e-01 337 938 937 336 335 -1 337 -1
4 3.3750000000e+04 5.0000000000e-01 338 939 938 337 336 -1 338 -1
4 3.3850000000e+04 5.0000000000e-01 339 940 939 338 337 -1 339 -1
4 3.3950000000e+04 5.0000000000e-01 340 941 940 339 338 -1 340 -1
4 3.4050000000e+04 5.0000000000e-01 341 942 941 340 339 -1 341 -1
4 3.4150000000e+04 5.0000000000e-01 342 943 942 341 340 -1 342 -1
4 3.4250000000e+04 5.0000000000e-01 343 944 943 342 341 -1 343 -1
4 3.4350000000e+04 5.0000000000e-01 344 945 944 343 342 -1 344 -1
4 3.4450000000e+04 5.0000000000e-01 345 946 945 344 343 -1 345 -1
4 3.4550000000e+04 5.0000000000e-01 346 947 946 345 344 -1 346 -1
4 3.4650000000e+04 5.0000000000e-01 347 948 947 346 345 -1 347 -1
4 3.4750000000e+04 5.0000000000e-01 348 949 948 347 346 -1 348 -1
4 3.4850000000e+04 5.0000000000e-01 349 950 949 348 347 -1 349 -1
4 3.4950000000e+04 5.0000000000e-01 350 951 950 349 348 -1 350 -1
4 3.5050000000e+04 5.0000000000e-01 351 952 951 350 349 -1 351 -1
4 3.5150000000e+04 5.0000000000e-01 352 953 952 351 350 -1 352 -1
4 3.5250000000e+04 5.0000000000e-01 353 954 953 352 351 -1 353 -1
4 3.5350000000e+04 5.0000000000e-01 354 955 954 353 352 -1 354 -1
4 3.5450000000e+04 5.0000000000e-01 355 956 955 354 353 -1 355 -1
4 3.5550000000e+04 5.0000000000e-01 356 957 956 355 354 -1 356 -1
4 3.5650000000e+04 5.0000000000e-01 357 958 957 356 355 -1 357 -1
4 3.5750000000e+04 5.0000000000e-01 358 959 958 357 356 -1 358 -1
4 3.5850000000e+04 5.0000000000e-01 359 960 959 358 357 -1 359 -1
4 3.5950000000e+04 5.0000000000e-01 360 961 960 359 358 -1 360 -1
4 3.6050000000e+04 5.0000000000e-01 361 962 961 360 359 -1 361 -1
4 3.6150000000e+04 5.0000000000e-01 362 963 962 361 360 -1 362 -1
4 3.6250000000e+04 5.0000000000e-01 363 964 963 362 361 -1 363 -1
4 3.6350000000e+04 5.0000000000e-01 364 965 964 363 362 -1 364 -1
4 3.6450000000e+04 5.0000000000e-01 365 966 965 364 363 -1 365 -1
4 3.6550000000e+04 5.0000000000e-01 366 967 966 365 364 -1 366 -1
4 3.6650000000e+04 5.0000000000e-01 367 968 967 366 365 -1 367 -1
4 3.6750000000e+04 5.0000000000e-01 368 969 968 367 366 -1 368 -1
4 3.6850000000e+04 5.0000000000e-01 369 970 969 368 367 -1 369 -1
4 3.6950000000e+04 5.0000000000e-01 370 971 970 369 368 -1 370 -1
4 3.7050000000e+04 5.0000000000e-01 371 972 971 370 369 -1 371 -1
4 3.7150000000e+04 5.0000000000e-01 372 973 972 371 370 -1 372 -1
4 3.7250000000e+04 5.0000000000e-01 373 974 973 372 371 -1 373 -1
4 3.7350000000e+04 5.0000000000e-01 374 975 974 373 372 -1 374 -1
4 3.7450000000e+04 5.0000000000e-01 375 976 975 374 373 -1 375 -1
4 3.7550000000e+04 5.0000000000e-01 376 977 976 375 374 -1 376 -1
4 3.7650000000e+04 5.0000000000e-01 377 978 977 376 375 -1 377 -1
4 3.7750000000e+04 5.0000000000e-01 378 979 978 377 376 -1 378 -1
4 3.7850000000e+04 5.0000000000e-01 379 980 979 378 377 -1 379 -1
4 3.7950000000e+04 5.0000000000e-01 380 981 980 379 378 -1 380 -1
4 3.8050000000e+04 5.0000000000e-01 381 982 981 380 379 -1 381 -1
4 3.8150000000e+04 5.0000000000e-01 382 983 982 381 380 -1 382 -1
4 3.8250000000e+04 5.0000000000e-01 383 984 983 382 381 -1 383 -1
4 3.8350000000e+04 5.0000000000e-01 384 985 984 383 382 -1 384 -1
4 3.8450000000e+04 5.0000000000e-01 385 986 985 384 383 -1 385 -1
4 3.8550000000e+04 5.0000000000e-01 386 987 986 385 384 -1 386 -1
4 3.8650000000e+04 5.0000000000e-01 387 988 987 386 385 -1 387 -1
4 3.8750000000e+04 5.0000000000e-01 388 989 988 387 386 -1 388 -1
4 3.8850000000e+04 5.0000000000e-01 389 990 989 388 387 -1 389 -1
4 3.8950000000e+04 5.0000000000e-01 390 991 990 389 388 -1 390 -1
4 3.9050000000e+04 5.0000000000e-01 391 992 991 390 389 -1 391 -1
4 3.9150000000e+04 5.0000000000e-01 392 993 992 391 390 -1 392 -1
4 3.9250000000e+04 5.0000000000e-01 393 994 993 392 391 -1 393 -1
4 3.9350000000e+04 5.0000000000e-01 394 995 994 393 392 -1 394 -1
4 3.9450000000e+04 5.0000000000e-01 395 996 995 394 393 -1 395 -1
4 3.9550000000e+04 5.0000000000e-01 396 997 996 395 394 -1 396 -1
4 3.9650000000e+04 5.0000000000e-01 397 998 997 396 395 -1 397 -1
4 3.9750000000e+04 5.0000000000e-01 398 999 998 397 396 -1 398 -1
4 3.9850000000e+04 5.0000000000e-01 399 1000 999 398 397 -1 399 -1
4 3.9950000000e+04 5.0000000000e-01 400 1001 1000 399 398 -1 400 -1
4 4.0050000000e+04 5.0000000000e-01 401 1002 1001 400 399 -1 401 -1
4 4.0150000000e+04 5.0000000000e-01 402 1003 1002 401 400 -1 402 -1
4 4.0250000000e+04 5.0000000000e-01 403 1004 1003 402 401 -1 403 -1
4 4.0350000000e+04 5.0000000000e-01 404 1005 1004 403 402 -1 404 -1
4 4.0450000000e+04 5.0000000000e-01 405 1006 1005 404 403 -1 405 -1
4 4.0550000000e+04 5.0000000000e-01 406 1007 1006 405 404 -1 406 -1
4 4.0650000000e+04 5.0000000000e-01 407 1008 1007 406 405 -1 407 -1
4 4.0750000000e+04 5.0000000000e-01 408 1009 1008 407 406 -1 408 -1
4 4.0850000000e+04 5.0000000000e-01 409 1010 1009 408 407 -1 409 -1
4 4.0950000000e+04 5.0000000000e-01 410 1011 1010 409 408 -1 410 -1
4 4.1050000000e+04 5.0000000000e-01 411 1012 1011 410 409 -1 411 -1
4 4.1150000000e+04 5.0000000000e-01 412 1013 1012 411 410 -1 412 -1
4 4.1250000000e+04 5.0000000000e-01 413 1014 1013 412 411 -1 413 -1
4 4.1350000000e+04 5.0000000000e-01 414 1015 1014 413 412 -1 414 -1
4 4.1450000000e+04 5.0000000000e-01 415 1016 1015 414 413 -1 415 -1
4 4.1550000000e+04 5.0000000000e-01 416 1017 1016 415 414 -1 416 -1
4 4.1650000000e+04 5.0000000000e-01 417 1018 1017 416 415 -1 417 -1
4 4.1750000000e+04 5.0000000000e-01 418 1019 1018 417 416 -1 418 -1
4 4.1850000000e+04 5.0000000000e-01 419 1020 1019 418 417 -1 419 -1
4 4.1950000000e+04 5.0000000000e-01 420 1021 1020 419 418 -1 420 -1
4 4.2050000000e+04 5.0000000000e-01 421 1022 1021 420 419 -1 421 -1
4 4.2150000000e+04 5.0000000000e-01 422 1023 1022 421 420 -1 422 -1
4 4.2250000000e+04 5.0000000000e-01 423 1024 1023 422 421 -1 423 -1
4 4.2350000000e+04 5.0000000000e-01 424 1025 1024 423 422 -1 424 -1
4 4.2450000000e+04 5.0000000000e-01 425 1026 1025 424 423 -1 425 -1
4 4.2550000000e+04 5.0000000000e-01 426 1027 1026 425 424 -1 426 -1
4 4.2650000000e+04 5.0000000000e-01 427 1028 1027 426 425 -1 427 -1
4 4.2750000000e+04 5.0000000000e-01 428 1029 1028 427 426 -1 428 -1
4 4.2850000000e+04 5.0000000000e-01 429 1030 1029 428 427 -1 429 -1
4 4.2950000000e+04 5.0000000000e-01 430 1031 1030 429 428 -1 430 -1
4 4.3050000000e+04 5.0000000000e-01 431 1032 1031 430 429 -1 431 -1
4 4.3150000000e+04 5.0000000000e-01 432 1033 1032 431 430 -1 432 -1
4 4.3250000000e+04 5.0000000000e-01 433 1034 1033 432 431 -1 433 -1
4 4.3350000000e+04 5.0000000000e-01 434 1035 1034 433 432 -1 434 -1
4 4.3450000000e+04 5.0000000000e-01 435 1036 1035 434 433 -1 435 -1
4 4.3550000000e+04 5.0000000000e-01 436 1037 1036 435 434 -1 436 -1
4 4.3650000000e+04 5.0000000000e-01 437 1038 1037 436 435 -1 437 -1
4 4.3750000000e+04 5.0000000000e-01 438 1039 1038 437 436 -1 438 -1
4 4.3850000000e+04 5.0000000000e-01 439 1040 1039 438 437 -1 439 -1
4 4.3950000000e+04 5.0000000000e-01 440 1041 1040 439 438 -1 440 -1
4 4.4050000000e+04 5.0000000000e-01 441 1042 1041 440 439 -1 441 -1
4 4.4150000000e+04 5.0000000000e-01 442 1043 1042 441 440 -1 442 -1
4 4.4250000000e+04 5.0000000000e-01 443 1044 1043 442 441 -1 443 -1
4 4.4350000000e+04 5.0000000000e-01 444 1045 1044 443 442 -1 444 -1
4 4.4450000000e+04 5.0000000000e-01 445 1046 1045 444 443 -1 445 -1
4 4.4550000000e+04 5.0000000000e-01 446 1047 1046 445 444 -1 446 -1
4 4.4650000000e+04 5.0000000000e-01 447 1048 1047 446 445 -1 447 -1
4 4.4750000000e+04 5.0000000000e-01 448 1049 1048 447 446 -1 448 -1
4 4.4850000000e+04 5.0000000000e-01 449 1050 1049 448 447 -1 449 -1
4 4.4950000000e+04 5.0000000000e-01 450 1051 1050 449 448 -1 450 -1
4 4.5050000000e+04 5.0000000000e-01 451 1052 1051 450 449 -1 451 -1
4 4.5150000000e+04 5.0000000000e-01 452 1053 1052 451 450 -1 452 -1
4 4.5250000000e+04 5.0000000000e-01 453 1054 1053 452 451 -1 453 -1
4 4.5350000000e+04 5.0000000000e-01 454 1055 1054 453 452 -1 454 -1
4 4.5450000000e+04 5.0000000000e-01 455 1056 1055 454 453 -1 455 -1
4 4.5550000000e+04 5.0000000000e-01 456 1057 1056 455 454 -1 456 -1
4 4.5650000000e+04 5.0000000000e-01 457 1058 1057 456 455 -1 457 -1
4 4.5750000000e+04 5.0000000000e-01 458 1059 1058 457 456 -1 458 -1
4 4.5850000000e+04 5.0000000000e-01 459 1060 1059 458 457 -1 459 -1
4 4.5950000000e+04 5.0000000000e-01 460 1061 1060 459 458 -1 460 -1
4 4.6050000000e+04 5.0000000000e-01 461 1062 1061 460 459 -1 461 -1
4 4.6150000000e+04 5.0000000000e-01 462 1063 1062 461 460 -1 462 -1
4 4.6250000000e+04 5.0000000000e-01 463 1064 1063 462 461 -1 463 -1
4 4.6350000000e+04 5.0000000000e-01 464 1065 1064 463 462 -1 464 -1
4 4.6450000000e+04 5.0000000000e-01 465 1066 1065 464 463 -1 465 -1
4 4.6550000000e+04 5.0000000000e-01 466 1067 1066 465 464 -1 466 -1
4 4.6650000000e+04 5.0000000000e-01 467 1068 1067 466 465 -1 467 -1
4 4.6750000000e+04 5.0000000000e-01 468 1069 1068 467 466 -1 468 -1
4 4.6850000000e+04 5.0000000000e-01 469 1070 1069 468 467 -1 469 -1
4 4.6950000000e+04 5.0000000000e-01 470 1071 1070 469 468 -1 470 -1
4 4.7050000000e+04 5.0000000000e-01 471 1072 1071 470 469 -1 471 -1
4 4.7150000000e+04 5.0000000000e-01 472 1073 1072 471 470 -1 472 -1
4 4.7250000000e+04 5.0000000000e-01 473 1074 1073 472 471 -1 473 -1
4 4.7350000000e+04 5.0000000000e-01 474 1075 1074 473 472 -1 474 -1
4 4.7450000000e+04 5.0000000000e-01 475 1076 1075 474 473 -1 475 -1
4 4.7550000000e+04 5.0000000000e-01 476 1077 1076 475 474 -1 476 -1
4 4.7650000000e+04 5.0000000000e-01 477 1078 1077 476 475 -1 477 -1
4 4.7750000000e+04 5.0000000000e-01 478 1079 1078 477 476 -1 478 -1
4 4.7850000000e+04 5.0000000000e-01 479 1080 1079 478 477 -1 479 -1
4 4.7950000000e+04 5.0000000000e-01 480 1081 1080 479 478 -1 480 -1
4 4.8050000000e+04 5.0000000000e-01 481 1082 1081 480 479 -1 481 -1
4 4.8150000000e+04 5.0000000000e-01 482 1083 1082 481 480 -1 482 -1
4 4.8250000000e+04 5.0000000000e-01 483 1084 1083 482 481 -1 483 -1
4 4.8350000000e+04 5.0000000000e-01 484 1085 1084 483 482 -1 484 -1
4 4.8450000000e+04 5.0000000000e-01 485 1086 1085 484 483 -1 485 -1
4 4.8550000000e+04 5.0000000000e-01 486 1087 1086 485 484 -1 486 -1
4 4.8650000000e+04 5.0000000000e-01 487 1088 1087 486 485 -1 487 -1
4 4.8750000000e+04 5.0000000000e-01 488 1089 1088 487 486 -1 488 -1
4 4.8850000000e+04 5.0000000000e-01 489 1090 1089 488 487 -1 489 -1
4 4.8950000000e+04 5.0000000000e-01 490 1091 1090 489 488 -1 490 -1
4 4.9050000000e+04 5.0000000000e-01 491 1092 1091 490 489 -1 491 -1
4 4.9150000000e+04 5.0000000000e-01 492 1093 1092 491 490 -1 492 -1
4 4.9250000000e+04 5.0000000000e-01 493 1094 1093 492 491 -1 493 -1
4 4.9350000000e+04 5.0000000000e-01 494 1095 1094 493 492 -1 494 -1
4 4.9450000000e+04 5.0000000000e-01 495 1096 1095 494 493 -1 495 -1
4 4.9550000000e+04 5.0000000000e-01 496 1097 1096 495 494 -1 496 -1
4 4.9650000000e+04 5.0000000000e-01 497 1098 1097 496 495 -1 497 -1
4 4.9750000000e+04 5.0000000000e-01 498 1099 1098 497 496 -1 498 -1
4 4.9850000000e+04 5.0000000000e-01 499 1100 1099 498 497 -1 499 -1
4 4.9950000000e+04 5.0000000000e-01 500 1101 1100 499 498 -1 500 -1
4 5.0050000000e+04 5.0000000000e-01 501 1102 1101 500 499 -1 501 -1
4 5.0150000000e+04 5.0000000000e-01 502 1103 1102 501 500 -1 502 -1
4 5.0250000000e+04 5.0000000000e-01 503 1104 1103 502 501 -1 503 -1
4 5.0350000000e+04 5.0000000000e-01 504 1105 1104 503 502 -1 504 -1
4 5.0450000000e+04 5.0000000000e-01 505 1106 1105 504 503 -1 505 -1
4 5.0550000000e+04 5.0000000000e-01 506 1107 1106 505 504 -1 506 -1
4 5.0650000000e+04 5.0000000000e-01 507 1108 1107 506 505 -1 507 -1
4 5.0750000000e+04 5.0000000000e-01 508 1109 1108 507 506 -1 508 -1
4 5.0850000000e+04 5.0000000000e-01 509 1110 1109 508 507 -1 509 -1
4 5.0950000000e+04 5.0000000000e-01 510 1111 1110 509 508 -1 510 -1
4 5.1050000000e+04 5.0000000000e-01 511 1112 1111 510 509 -1 511 -1
4 5.1150000000e+04 5.0000000000e-01 512 1113 1112 511 510 -1 512 -1
4 5.1250000000e+04 5.0000000000e-01 513 1114 1113 512 511 -1 513 -1
4 5.1350000000e+04 5.0000000000e-01 514 1115 1114 513 512 -1 514 -1
4 5.1450000000e+04 5.0000000000e-01 515 1116 1115 514 513 -1 515 -1
4 5.1550000000e+04 5.0000000000e-01 516 1117 1116 515 514 -1 516 -1
4 5.1650000000e+04 5.0000000000e-01 517 1118 1117 516 515 -1 517 -1
4 5.1750000000e+04 5.0000000000e-01 518 1119 1118 517 516 -1 518 -1
4 5.1850000000e+04 5.0000000000e-01 519 1120 1119 518 517 -1 519 -1
4 5.1950000000e+04 5.0000000000e-01 520 1121 1120 519 518 -1 520 -1
4 5.2050000000e+04 5.0000000000e-01 521 1122 1121 520 519 -1 521 -1
4 5.2150000000e+04 5.0000000000e-01 522 1123 1122 521 520 -1 522 -1
4 5.2250000000e+04 5.0000000000e-01 523 1124 1123 522 521 -1 523 -1
4 5.2350000000e+04 5.0000000000e-01 524 1125 1124 523 522 -1 524 -1
4 5.2450000000e+04 5.0000000000e-01 525 1126 1125 524 523 -1 525 -1
4 5.2550000000e+04 5.0000000000e-01 526 1127 1126 525 524 -1 526 -1
4 5.2650000000e+04 5.0000000000e-01 527 1128 1127 526 525 -1 527 -1
4 5.2750000000e+04 5.0000000000e-01 528 1129 1128 527 526 -1 528 -1
4 5.2850000000e+04 5.0000000000e-01 529 1130 1129 528 527 -1 529 -1
4 5.2950000000e+04 5.0000000000e-01 530 1131 1130 529 528 -1 530 -1
4 5.3050000000e+04 5.0000000000e-01 531 1132 1131 530 529 -1 531 -1
4 5.3150000000e+04 5.0000000000e-01 532 1133 1132 531 530 -1 532 -1
4 5.3250000000e+04 5.0000000000e-01 533 1134 1133 532 531 -1 533 -1
4 5.3350000000e+04 5.0000000000e-01 534 1135 1134 533 532 -1 534 -1
4 5.3450000000e+04 5.0000000000e-01 535 1136 1135 534 533 -1 535 -1
4 5.3550000000e+04 5.0000000000e-01 536 1137 1136 535 534 -1 536 -1
4 5.3650000000e+04 5.0000000000e-01 537 1138 1137 536 535 -1 537 -1
4 5.3750000000e+04 5.0000000000e-01 538 1139 1138 537 536 -1 538 -1
4 5.3850000000e+04 5.0000000000e-01 539 1140 1139 538 537 -1 539 -1
4 5.3950000000e+04 5.0000000000e-01 540 1141 1140 539 538 -1 540 -1
4 5.4050000000e+04 5.0000000000e-01 541 1142 1141 540 539 -1 541 -1
4 5.4150000000e+04 5.0000000000e-01 542 1143 1142 541 540 -1 542 -1
4 5.4250000000e+04 5.0000000000e-01 543 1144 1143 542 541 -1 543 -1
4 5.4350000000e+04 5.0000000000e-01 544 1145 1144 543 542 -1 544 -1
4 5.4450000000e+04 5.0000000000e-01 545 1146 1145 544 543 -1 545 -1
4 5.4550000000e+04 5.0000000000e-01 546 1147 1146 545 544 -1 546 -1
4 5.4650000000e+04 5.0000000000e-01 547 1148 1147 546 545 -1 547 -1
4 5.4750000000e+04 5.0000000000e-01 548 1149 1148 547 546 -1 548 -1
4 5.4850000000e+04 5.0000000000e-01 549 1150 1149 548 547 -1 549 -1
4 5.4950000000e+04 5.0000000000e-01 550 1151 1150 549 548 -1 550 -1
4 5.5050000000e+04 5.0000000000e-01 551 1152 1151 550 549 -1 551 -1
4 5.5150000000e+04 5.0000000000e-01 552 1153 1152 551 550 -1 552 -1
4 5.5250000000e+04 5.0000000000e-01 553 1154 1153 552 551 -1 553 -1
4 5.5350000000e+04 5.0000000000e-01 554 1155 1154 553 552 -1 554 -1
4 5.5450000000e+04 5.0000000000e-01 555 1156 1155 554 553 -1 555 -1
4 5.5550000000e+04 5.0000000000e-01 556 1157 1156 555 554 -1 556 -1
4 5.5650000000e+04 5.0000000000e-01 557 1158 1157 556 555 -1 557 -1
4 5.5750000000e+04 5.0000000000e-01 558 1159 1158 557 556 -1 558 -1
4 5.5850000000e+04 5.0000000000e-01 559 1160 1159 558 557 -1 559 -1
4 5.5950000000e+04 5.0000000000e-01 560 1161 1160 559 558 -1 560 -1
4 5.6050000000e+04 5.0000000000e-01 561 1162 1161 560 559 -1 561 -1
4 5.6150000000e+04 5.0000000000e-01 562 1163 1162 561 560 -1 562 -1
4 5.6250000000e+04 5.0000000000e-01 563 1164 1163 562 561 -1 563 -1
4 5.6350000000e+04 5.0000000000e-01 564 1165 1164 563 562 -1 564 -1
4 5.6450000000e+04 5.0000000000e-01 565 1166 1165 564 563 -1 565 -1
4 5.6550000000e+04 5.0000000000e-01 566 1167 1166 565 564 -1 566 -1
4 5.6650000000e+04 5.0000000000e-01 567 1168 1167 566 565 -1 567 -1
4 5.6750000000e+04 5.0000000000e-01 568 1169 1168 567 566 -1 568 -1
4 5.6850000000e+04 5.0000000000e-01 569 1170 1169 568 567 -1 569 -1
4 5.6950000000e+04 5.0000000000e-01 570 1171 1170 569 568 -1 570 -1
4 5.7050000000e+04 5.0000000000e-01 571 1172 1171 570 569 -1 571 -1
4 5.7150000000e+04 5.0000000000e-01 572 1173 1172 571 570 -1 572 -1
4 5.7250000000e+04 5.0000000000e-01 573 1174 1173 572 571 -1 573 -1
4 5.7350000000e+04 5.0000000000e-01 574 1175 1174 573 572 -1 574 -1
4 5.7450000000e+04 5.0000000000e-01 575 1176 1175 574 573 -1 575 -1
4 5.7550000000e+04 5.0000000000e-01 576 1177 1176 575 574 -1 576 -1
4 5.7650000000e+04 5.0000000000e-01 577 1178 1177 576 575 -1 577 -1
4 5.7750000000e+04 5.0000000000e-01 578 1179 1178 577 576 -1 578 -1
4 5.7850000000e+04 5.0000000000e-01 579 1180 1179 578 577 -1 579 -1
4 5.7950000000e+04 5.0000000000e-01 580 1181 1180 579 578 -1 580 -1
4 5.8050000000e+04 5.0000000000e-01 581 1182 1181 580 579 -1 581 -1
4 5.8150000000e+04 5.0000000000e-01 582 1183 1182 581 580 -1 582 -1
4 5.8250000000e+04 5.0000000000e-01 583 1184 1183 582 581 -1 583 -1
4 5.8350000000e+04 5.0000000000e-01 584 1185 1184 583 582 -1 584 -1
4 5.8450000000e+04 5.0000000000e-01 585 1186 1185 584 583 -1 585 -1
4 5.8550000000e+04 5.0000000000e-01 586 1187 1186 585 584 -1 586 -1
4 5.8650000000e+04 5.0000000000e-01 587 1188 1187 586 585 -1 587 -1
4 5.8750000000e+04 5.0000000000e-01 588 1189 1188 587 586 -1 588 -1
4 5.8850000000e+04 5.0000000000e-01 589 1190 1189 588 587 -1 589 -1
4 5.8950000000e+04 5.0000000000e-01 590 1191 1190 589 588 -1 590 -1
4 5.9050000000e+04 5.0000000000e-01 591 1192 1191 590 589 -1 591 -1
4 5.9150000000e+04 5.0000000000e-01 592 1193 1192 591 590 -1 592 -1
4 5.9250000000e+04 5.0000000000e-01 593 1194 1193 592 591 -1 593 -1
4 5.9350000000e+04 5.0000000000e-01 594 1195 1194 593 592 -1 594 -1
4 5.9450000000e+04 5.0000000000e-01 595 1196 1195 594 593 -1 595 -1
4 5.9550000000e+04 5.0000000000e-01 596 1197 1196 595 594 -1 596 -1
4 5.9650000000e+04 5.0000000000e-01 597 1198 1197 596 595 -1 597 -1
4 5.9750000000e+04 5.0000000000e-01 598 1199 1198 597 596 -1 598 -1
4 5.9850000000e+04 5.0000000000e-01 599 1200 1199 598 597 -1 599 -1
4 5.9950000000e+04 5.0000000000e-01 600 1201 1200 599 598 -1 -1 -1
