4 6.2500000000e+01 5.0000000000e-01 1 1002 1001 0 -1 -1 1 -1
4 1.8750000000e+02 5.0000000000e-01 2 1003 1002 1 0 -1 2 -1
4 3.1250000000e+02 5.0000000000e-01 3 1004 1003 2 1 -1 3 -1
4 4.3750000000e+02 5.0000000000e-01 4 1005 1004 3 2 -1 4 -1
4 5.6250000000e+02 5.0000000000e-01 5 1006 1005 4 3 -1 5 -1
4 6.8750000000e+02 5.0000000000e-01 6 1007 1006 5 4 -1 6 -1
4 8.1250000000e+02 5.0000000000e-01 7 1008 1007 6 5 -1 7 -1
4 9.3750000000e+02 5.0000000000e-01 8 1009 1008 7 6 -1 8 -1
4 1.0625000000e+03 5.0000000000e-01 9 1010 1009 8 7 -1 9 -1
4 1.1875000000e+03 5.0000000000e-01 10 1011 1010 9 8 -1 10 -1
4 1.3125000000e+03 5.0000000000e-01 11 1012 1011 10 9 -1 11 -1
4 1.4375000000e+03 5.0000000000e-01 12 1013 1012 11 10 -1 12 -1
4 1.5625000000e+03 5.0000000000e-01 13 1014 1013 12 11 -1 13 -1
4 1.6875000000e+03 5.0000000000e-01 14 1015 1014 13 12 -1 14 -1
4 1.8125000000e+03 5.0000000000e-01 15 1016 1015 14 13 -1 15 -1
4 1.9375000000e+03 5.0000000000e-01 16 1017 1016 15 14 -1 16 -1
4 2.0625000000e+03 5.0000000000e-01 17 1018 1017 16 15 -1 17 -1
4 2.1875000000e+03 5.0000000000e-01 18 1019 1018 17 16 -1 18 -1
4 2.3125000000e+03 5.0000000000e-01 19 1020 1019 18 17 -1 19 -1
4 2.4375000000e+03 5.0000000000e-01 20 1021 1020 19 18 -1 20 -1
4 2.5625000000e+03 5.0000000000e-01 21 1022 1021 20 19 -1 21 -1
4 2.6875000000e+03 5.0000000000e-01 22 1023 1022 21 20 -1 22 -1
4 2.8125000000e+03 5.0000000000e-01 23 1024 1023 22 21 -1 23 -1
4 2.9375000000e+03 5.0000000000e-01 24 1025 1024 23 22 -1 24 -1
4 3.0625000000e+03 5.0000000000e-01 25 1026 1025 24 23 -1 25 -1
4 3.1875000000e+03 5.0000000000e-01 26 1027 1026 25 24 -1 26 -1
4 3.3125000000e+03 5.0000000000e-01 27 1028 1027 26 25 -1 27 -1
4 3.4375000000e+03 5.0000000000e-01 28 1029 1028 27 26 -1 28 -1
4 3.5625000000e+03 5.0000000000e-01 29 1030 1029 28 27 -1 29 -1
4 3.6875000000e+03 5.0000000000e-01 30 1031 1030 29 28 -1 30 -1
4 3.8125000000e+03 5.0000000000e-01 31 1032 1031 30 29 -1 31 -1
4 3.9375000000e+03 5.0000000000e-01 32 1033 1032 31 30 -1 32 -1
4 4.0625000000e+03 5.0000000000e-01 33 1034 1033 32 31 -1 33 -1
4 4.1875000000e+03 5.0000000000e-01 34 1035 1034 33 32 -1 34 -1
4 4.3125000000e+03 5.0000000000e-01 35 1036 1035 34 33 -1 35 -1
4 4.4375000000e+03 5.0000000000e-01 36 1037 1036 35 34 -1 36 -1
4 4.5625000000e+03 5.0000000000e-01 37 1038 1037 36 35 -1 37 -1
4 4.6875000000e+03 5.0000000000e-01 38 1039 1038 37 36 -1 38 -1
4 4.8125000000e+03 5.0000000000e-01 39 1040 1039 38 37 -1 39 -1
4 4.9375000000e+03 5.0000000000e-01 40 1041 1040 39 38 -1 40 -1
4 5.0625000000e+03 5.0000000000e-01 41 1042 1041 40 39 -1 41 -1
4 5.1875000000e+03 5.0000000000e-01 42 1043 1042 41 40 -1 42 -1
4 5.3125000000e+03 5.0000000000e-01 43 1044 1043 42 41 -1 43 -1
4 5.4375000000e+03 5.0000000000e-01 44 1045 1044 43 42 -1 44 -1
4 5.5625000000e+03 5.0000000000e-01 45 1046 1045 44 43 -1 45 -1
4 5.6875000000e+03 5.0000000000e-01 46 1047 1046 45 44 -1 46 -1
4 5.8125000000e+03 5.0000000000e-01 47 1048 1047 46 45 -1 47 -1
4 5.9375000000e+03 5.0000000000e-01 48 1049 1048 47 46 -1 48 -1
4 6.0625000000e+03 5.0000000000e-01 49 1050 1049 48 47 -1 49 -1
4 6.1875000000e+03 5.0000000000e-01 50 1051 1050 49 48 -1 50 -1
4 6.3125000000e+03 5.0000000000e-01 51 1052 1051 50 49 -1 51 -1
4 6.4375000000e+03 5.0000000000e-01 52 1053 1052 51 50 -1 52 -1
4 6.5625000000e+03 5.0000000000e-01 53 1054 1053 52 51 -1 53 -1
4 6.6875000000e+03 5.0000000000e-01 54 1055 1054 53 52 -1 54 -1
4 6.8125000000e+03 5.0000000000e-01 55 1056 1055 54 53 -1 55 -1
4 6.9375000000e+03 5.0000000000e-01 56 1057 1056 55 54 -1 56 -1
4 7.0625000000e+03 5.0000000000e-01 57 1058 1057 56 55 -1 57 -1
4 7.1875000000e+03 5.0000000000e-01 58 1059 1058 57 56 -1 58 -1
4 7.3125000000e+03 5.0000000000e-01 59 1060 1059 58 57 -1 59 -1
4 7.4375000000e+03 5.0000000000e-01 60 1061 1060 59 58 -1 60 -1
4 7.5625000000e+03 5.0000000000e-01 61 1062 1061 60 59 -1 61 -1
4 7.6875000000e+03 5.0000000000e-01 62 1063 1062 61 60 -1 62 -1
4 7.8125000000e+03 5.0000000000e-01 63 1064 1063 62 61 -1 63 -1
4 7.9375000000e+03 5.0000000000e-01 64 1065 1064 63 62 -1 64 -1
4 8.0625000000e+03 5.0000000000e-01 65 1066 1065 64 63 -1 65 -1
4 8.1875000000e+03 5.0000000000e-01 66 1067 1066 65 64 -1 66 -1
4 8.3125000000e+03 5.0000000000e-01 67 1068 1067 66 65 -1 67 -1
4 8.4375000000e+03 5.0000000000e-01 68 1069 1068 67 66 -1 68 -1
4 8.5625000000e+03 5.0000000000e-01 69 1070 1069 68 67 -1 69 -1
4 8.6875000000e+03 5.0000000000e-01 70 1071 1070 69 68 -1 70 -1
4 8.8125000000e+03 5.0000000000e-01 71 1072 1071 70 69 -1 71 -1
4 8.9375000000e+03 5.0000000000e-01 72 1073 1072 71 70 -1 72 -1
4 9.0625000000e+03 5.0000000000e-01 73 1074 1073 72 71 -1 73 -1
4 9.1875000000e+03 5.0000000000e-01 74 1075 1074 73 72 -1 74 -1
4 9.3125000000e+03 5.0000000000e-01 75 1076 1075 74 73 -1 75 -1
4 9.4375000000e+03 5.0000000000e-01 76 1077 1076 75 74 -1 76 -1
4 9.5625000000e+03 5.0000000000e-01 77 1078 1077 76 75 -1 77 -1
4 9.6875000000e+03 5.0000000000e-01 78 1079 1078 77 76 -1 78 -1
4 9.8125000000e+03 5.0000000000e-01 79 1080 1079 78 77 -1 79 -1
4 9.9375000000e+03 5.0000000000e-01 80 1081 1080 79 78 -1 80 -1
4 1.0062500000e+04 5.0000000000e-01 81 1082 1081 80 79 -1 81 -1
4 1.0187500000e+04 5.0000000000e-01 82 1083 1082 81 80 -1 82 -1
4 1.0312500000e+04 5.0000000000e-01 83 1084 1083 82 81 -1 83 -1
4 1.0437500000e+04 5.0000000000e-01 84 1085 1084 83 82 -1 84 -1
4 1.0562500000e+04 5.0000000000e-01 85 1086 1085 84 83 -1 85 -1
4 1.0687500000e+04 5.0000000000e-01 86 1087 1086 85 84 -1 86 -1
4 1.0812500000e+04 5.0000000000e-01 87 1088 1087 86 85 -1 87 -1
4 1.0937500000e+04 5.0000000000e-01 88 1089 1088 87 86 -1 88 -1
4 1.1062500000e+04 5.0000000000e-01 89 1090 1089 88 87 -1 89 -1
4 1.1187500000e+04 5.0000000000e-01 90 1091 1090 89 88 -1 90 -1
4 1.1312500000e+04 5.0000000000e-01 91 1092 1091 90 89 -1 91 -1
4 1.1437500000e+04 5.0000000000e-01 92 1093 1092 91 90 -1 92 -1
4 1.1562500000e+04 5.0000000000e-01 93 1094 1093 92 91 -1 93 -1
4 1.1687500000e+04 5.0000000000e-01 94 1095 1094 93 92 -1 94 -1
4 1.1812500000e+04 5.0000000000e-01 95 1096 1095 94 93 -1 95 -1
4 1.1937500000e+04 5.0000000000e-01 96 1097 1096 95 94 -1 96 -1
4 1.2062500000e+04 5.0000000000e-01 97 1098 1097 96 95 -1 97 -1
4 1.2187500000e+04 5.0000000000e-01 98 1099 1098 97 96 -1 98 -1
4 1.2312500000e+04 5.0000000000e-01 99 1100 1099 98 97 -1 99 -1
4 1.2437500000e+04 5.0000000000e-01 100 1101 1100 99 98 -1 100 -1
4 1.2562500000e+04 5.0000000000e-01 101 1102 1101 100 99 -1 101 -1
4 1.2687500000e+04 5.0000000000e-01 102 1103 1102 101 100 -1 102 -1
4 1.2812500000e+04 5.0000000000e-01 103 1104 1103 102 101 -1 103 -1
4 1.2937500000e+04 5.0000000000e-01 104 1105 1104 103 102 -1 104 -1
4 1.3062500000e+04 5.0000000000e-01 105 1106 1105 104 103 -1 105 -1
4 1.3187500000e+04 5.0000000000e-01 106 1107 1106 105 104 -1 106 -1
4 1.3312500000e+04 5.0000000000e-01 107 1108 1107 106 105 -1 107 -1
4 1.3437500000e+04 5.0000000000e-01 108 1109 1108 107 106 -1 108 -1
4 1.3562500000e+04 5.0000000000e-01 109 1110 1109 108 107 -1 109 -1
4 1.3687500000e+04 5.0000000000e-01 110 1111 1110 109 108 -1 110 -1
4 1.3812500000e+04 5.0000000000e-01 111 1112 1111 110 109 -1 111 -1
4 1.3937500000e+04 5.0000000000e-01 112 1113 1112 111 110 -1 112 -1
4 1.4062500000e+04 5.0000000000e-01 113 1114 1113 112 111 -1 113 -1
4 1.4187500000e+04 5.0000000000e-01 114 1115 1114 113 112 -1 114 -1
4 1.4312500000e+04 5.0000000000e-01 115 1116 1115 114 113 -1 115 -1
4 1.4437500000e+04 5.0000000000e-01 116 1117 1116 115 114 -1 116 -1
4 1.4562500000e+04 5.0000000000e-01 117 1118 1117 116 115 -1 117 -1
4 1.4687500000e+04 5.0000000000e-01 118 1119 1118 117 116 -1 118 -1
4 1.4812500000e+04 5.0000000000e-01 119 1120 1119 118 117 -1 119 -1
4 1.4937500000e+04 5.0000000000e-01 120 1121 1120 119 118 -1 120 -1
4 1.5062500000e+04 5.0000000000e-01 121 1122 1121 120 119 -1 121 -1
4 1.5187500000e+04 5.0000000000e-01 122 1123 1122 121 120 -1 122 -1
4 1.5312500000e+04 5.0000000000e-01 123 1124 1123 122 121 -1 123 -1
4 1.5437500000e+04 5.0000000000e-01 124 1125 1124 123 122 -1 124 -1
4 1.5562500000e+04 5.0000000000e-01 125 1126 1125 124 123 -1 125 -1
4 1.5687500000e+04 5.0000000000e-01 126 1127 1126 125 124 -1 126 -1
4 1.5812500000e+04 5.0000000000e-01 127 1128 1127 126 125 -1 127 -1
4 1.5937500000e+04 5.0000000000e-01 128 1129 1128 127 126 -1 128 -1
4 1.6062500000e+04 5.0000000000e-01 129 1130 1129 128 127 -1 129 -1
4 1.6187500000e+04 5.0000000000e-01 130 1131 1130 129 128 -1 130 -1
4 1.6312500000e+04 5.0000000000e-01 131 1132 1131 130 129 -1 131 -1
4 1.6437500000e+04 5.0000000000e-01 132 1133 1132 131 130 -1 132 -1
4 1.6562500000e+04 5.0000000000e-01 133 1134 1133 132 131 -1 133 -1
4 1.6687500000e+04 5.0000000000e-01 134 1135 1134 133 132 -1 134 -1
4 1.6812500000e+04 5.0000000000e-01 135 1136 1135 134 133 -1 135 -1
4 1.6937500000e+04 5.0000000000e-01 136 1137 1136 135 134 -1 136 -1
4 1.7062500000e+04 5.0000000000e-01 137 1138 1137 136 135 -1 137 -1
4 1.7187500000e+04 5.0000000000e-01 138 1139 1138 137 136 -1 138 -1
4 1.7312500000e+04 5.0000000000e-01 139 1140 1139 138 137 -1 139 -1
4 1.7437500000e+04 5.0000000000e-01 140 1141 1140 139 138 -1 140 -1
4 1.7562500000e+04 5.0000000000e-01 141 1142 1141 140 139 -1 141 -1
4 1.7687500000e+04 5.0000000000e-01 142 1143 1142 141 140 -1 142 -1
4 1.7812500000e+04 5.0000000000e-01 143 1144 1143 142 141 -1 143 -1
4 1.7937500000e+04 5.0000000000e-01 144 1145 1144 143 142 -1 144 -1
4 1.8062500000e+04 5.0000000000e-01 145 1146 1145 144 143 -1 145 -1
4 1.8187500000e+04 5.0000000000e-01 146 1147 1146 145 144 -1 146 -1
4 1.8312500000e+04 5.0000000000e-01 147 1148 1147 146 145 -1 147 -1
4 1.8437500000e+04 5.0000000000e-01 148 1149 1148 147 146 -1 148 -1
4 1.8562500000e+04 5.0000000000e-01 149 1150 1149 148 147 -1 149 -1
4 1.8687500000e+04 5.0000000000e-01 150 1151 1150 149 148 -1 150 -1
4 1.8812500000e+04 5.0000000000e-01 151 1152 1151 150 149 -1 151 -1
4 1.8937500000e+04 5.0000000000e-01 152 1153 1152 151 150 -1 152 -1
4 1.9062500000e+04 5.0000000000e-01 153 1154 1153 152 151 -1 153 -1
4 1.9187500000e+04 5.0000000000e-01 154 1155 1154 153 152 -1 154 -1
4 1.9312500000e+04 5.0000000000e-01 155 1156 1155 154 153 -1 155 -1
4 1.9437500000e+04 5.0000000000e-01 156 1157 1156 155 154 -1 156 -1
4 1.9562500000e+04 5.0000000000e-01 157 1158 1157 156 155 -1 157 -1
4 1.9687500000e+04 5.0000000000e-01 158 1159 1158 157 156 -1 158 -1
4 1.9812500000e+04 5.0000000000e-01 159 1160 1159 158 157 -1 159 -1
4 1.9937500000e+04 5.0000000000e-01 160 1161 1160 159 158 -1 160 -1
4 2.0062500000e+04 5.0000000000e-01 161 1162 1161 160 159 -1 161 -1
4 2.0187500000e+04 5.0000000000e-01 162 1163 1162 161 160 -1 162 -1
4 2.0312500000e+04 5.0000000000e-01 163 1164 1163 162 161 -1 163 -1
4 2.0437500000e+04 5.0000000000e-01 164 1165 1164 163 162 -1 164 -1
4 2.0562500000e+04 5.0000000000e-01 165 1166 1165 164 163 -1 165 -1
4 2.0687500000e+04 5.0000000000e-01 166 1167 1166 165 164 -1 166 -1
4 2.0812500000e+04 5.0000000000e-01 167 1168 1167 166 165 -1 167 -1
4 2.0937500000e+04 5.0000000000e-01 168 1169 1168 167 166 -1 168 -1
4 2.1062500000e+04 5.0000000000e-01 169 1170 1169 168 167 -1 169 -1
4 2.1187500000e+04 5.0000000000e-01 170 1171 1170 169 168 -1 170 -1
4 2.1312500000e+04 5.0000000000e-01 171 1172 1171 170 169 -1 171 -1
4 2.1437500000e+04 5.0000000000e-01 172 1173 1172 171 170 -1 172 -1
4 2.1562500000e+04 5.0000000000e-01 173 1174 1173 172 171 -1 173 -1
4 2.1687500000e+04 5.0000000000e-01 174 1175 1174 173 172 -1 174 -1
4 2.1812500000e+04 5.0000000000e-01 175 1176 1175 174 173 -1 175 -1
4 2.1937500000e+04 5.0000000000e-01 176 1177 1176 175 174 -1 176 -1
4 2.2062500000e+04 5.0000000000e-01 177 1178 1177 176 175 -1 177 -1
4 2.2187500000e+04 5.0000000000e-01 178 1179 1178 177 176 -1 178 -1
4 2.2312500000e+04 5.0000000000e-01 179 1180 1179 178 177 -1 179 -1
4 2.2437500000e+04 5.0000000000e-01 180 1181 1180 179 178 -1 180 -1
4 2.2562500000e+04 5.0000000000e-01 181 1182 1181 180 179 -1 181 -1
4 2.2687500000e+04 5.0000000000e-01 182 1183 1182 181 180 -1 182 -1
4 2.2812500000e+04 5.0000000000e-01 183 1184 1183 182 181 -1 183 -1
4 2.2937500000e+04 5.0000000000e-01 184 1185 1184 183 182 -1 184 -1
4 2.3062500000e+04 5.0000000000e-01 185 1186 1185 184 183 -1 185 -1
4 2.3187500000e+04 5.0000000000e-01 186 1187 1186 185 184 -1 186 -1
4 2.3312500000e+04 5.0000000000e-01 187 1188 1187 186 185 -1 187 -1
4 2.3437500000e+04 5.0000000000e-01 188 1189 1188 187 186 -1 188 -1
4 2.3562500000e+04 5.0000000000e-01 189 1190 1189 188 187 -1 189 -1
4 2.3687500000e+04 5.0000000000e-01 190 1191 1190 189 188 -1 190 -1
4 2.3812500000e+04 5.0000000000e-01 191 1192 1191 190 189 -1 191 -1
4 2.3937500000e+04 5.0000000000e-01 192 1193 1192 191 190 -1 192 -1
4 2.4062500000e+04 5.0000000000e-01 193 1194 1193 192 191 -1 193 -1
4 2.4187500000e+04 5.0000000000e-01 194 1195 1194 193 192 -1 194 -1
4 2.4312500000e+04 5.0000000000e-01 195 1196 1195 194 193 -1 195 -1
4 2.4437500000e+04 5.0000000000e-01 196 1197 1196 195 194 -1 196 -1
4 2.4562500000e+04 5.0000000000e-01 197 1198 1197 196 195 -1 197 -1
4 2.4687500000e+04 5.0000000000e-01 198 1199 1198 197 196 -1 198 -1
4 2.4812500000e+04 5.0000000000e-01 199 1200 1199 198 197 -1 199 -1
4 2.4937500000e+04 5.0000000000e-01 200 1201 1200 199 198 -1 200 -1
4 2.5062500000e+04 5.0000000000e-01 201 1202 1201 200 199 -1 201 -1
4 2.5187500000e+04 5.0000000000e-01 202 1203 1202 201 200 -1 202 -1
4 2.5312500000e+04 5.0000000000e-01 203 1204 1203 202 201 -1 203 -1
4 2.5437500000e+04 5.0000000000e-01 204 1205 1204 203 202 -1 204 -1
4 2.5562500000e+04 5.0000000000e-01 205 1206 1205 204 203 -1 205 -1
4 2.5687500000e+04 5.0000000000e-01 206 1207 1206 205 204 -1 206 -1
4 2.5812500000e+04 5.0000000000e-01 207 1208 1207 206 205 -1 207 -1
4 2.5937500000e+04 5.0000000000e-01 208 1209 1208 207 206 -1 208 -1
4 2.6062500000e+04 5.0000000000e-01 209 1210 1209 208 207 -1 209 -1
4 2.6187500000e+04 5.0000000000e-01 210 1211 1210 209 208 -1 210 -1
4 2.6312500000e+04 5.0000000000e-01 211 1212 1211 210 209 -1 211 -1
4 2.6437500000e+04 5.0000000000e-01 212 1213 1212 211 210 -1 212 -1
4 2.6562500000e+04 5.0000000000e-01 213 1214 1213 212 211 -1 213 -1
4 2.6687500000e+04 5.0000000000e-01 214 1215 1214 213 212 -1 214 -1
4 2.6812500000e+04 5.0000000000e-01 215 1216 1215 214 213 -1 215 -1
4 2.6937500000e+04 5.0000000000e-01 216 1217 1216 215 214 -1 216 -1
4 2.7062500000e+04 5.0000000000e-01 217 1218 1217 216 215 -1 217 -1
4 2.7187500000e+04 5.0000000000e-01 218 1219 1218 217 216 -1 218 -1
4 2.7312500000e+04 5.0000000000e-01 219 1220 1219 218 217 -1 219 -1
4 2.7437500000e+04 5.0000000000e-01 220 1221 1220 219 218 -1 220 -1
4 2.7562500000e+04 5.0000000000e-01 221 1222 1221 220 219 -1 221 -1
4 2.7687500000e+04 5.0000000000e-01 222 1223 1222 221 220 -1 222 -1
4 2.7812500000e+04 5.0000000000e-01 223 1224 1223 222 221 -1 223 -1
4 2.7937500000e+04 5.0000000000e-01 224 1225 1224 223 222 -1 224 -1
4 2.8062500000e+04 5.0000000000e-01 225 1226 1225 224 223 -1 225 -1
4 2.8187500000e+04 5.0000000000e-01 226 1227 1226 225 224 -1 226 -1
4 2.8312500000e+04 5.0000000000e-01 227 1228 1227 226 225 -1 227 -1
4 2.8437500000e+04 5.0000000000e-01 228 1229 1228 227 226 -1 228 -1
4 2.8562500000e+04 5.0000000000e-01 229 1230 1229 228 227 -1 229 -1
4 2.8687500000e+04 5.0000000000e-01 230 1231 1230 229 228 -1 230 -1
4 2.8812500000e+04 5.0000000000e-01 231 1232 1231 230 229 -1 231 -1
4 2.8937500000e+04 5.0000000000e-01 232 1233 1232 231 230 -1 232 -1
4 2.9062500000e+04 5.0000000000e-01 233 1234 1233 232 231 -1 233 -1
4 2.9187500000e+04 5.0000000000e-01 234 1235 1234 233 232 -1 234 -1
4 2.9312500000e+04 5.0000000000e-01 235 1236 1235 234 233 -1 235 -1
4 2.9437500000e+04 5.0000000000e-01 236 1237 1236 235 234 -1 236 -1
4 2.9562500000e+04 5.0000000000e-01 237 1238 1237 236 235 -1 237 -1
4 2.9687500000e+04 5.0000000000e-01 238 1239 1238 237 236 -1 238 -1
4 2.9812500000e+04 5.0000000000e-01 239 1240 1239 238 237 -1 239 -1
4 2.9937500000e+04 5.0000000000e-01 240 1241 1240 239 238 -1 240 -1
4 3.0062500000e+04 5.0000000000e-01 241 1242 1241 240 239 -1 241 -1
4 3.0187500000e+04 5.0000000000e-01 242 1243 1242 241 240 -1 242 -1
4 3.0312500000e+04 5.0000000000e-01 243 1244 1243 242 241 -1 243 -1
4 3.0437500000e+04 5.0000000000e-01 244 1245 1244 243 242 -1 244 -1
4 3.0562500000e+04 5.0000000000e-01 245 1246 1245 244 243 -1 245 -1
4 3.0687500000e+04 5.0000000000e-01 246 1247 1246 245 244 -1 246 -1
4 3.0812500000e+04 5.0000000000e-01 247 1248 1247 246 245 -1 247 -1
4 3.0937500000e+04 5.0000000000e-01 248 1249 1248 247 246 -1 248 -1
4 3.1062500000e+04 5.0000000000e-01 249 1250 1249 248 247 -1 249 -1
4 3.1187500000e+04 5.0000000000e-01 250 1251 1250 249 248 -1 250 -1
4 3.1312500000e+04 5.0000000000e-01 251 1252 1251 250 249 -1 251 -1
4 3.1437500000e+04 5.0000000000e-01 252 1253 1252 251 250 -1 252 -1
4 3.1562500000e+04 5.0000000000e-01 253 1254 1253 252 251 -1 253 -1
4 3.1687500000e+04 5.0000000000e-01 254 1255 1254 253 252 -1 254 -1
4 3.1812500000e+04 5.0000000000e-01 255 1256 1255 254 253 -1 255 -1
4 3.1937500000e+04 5.0000000000e-01 256 1257 1256 255 254 -1 256 -1
4 3.2062500000e+04 5.0000000000e-01 257 1258 1257 256 255 -1 257 -1
4 3.2187500000e+04 5.0000000000e-01 258 1259 1258 257 256 -1 258 -1
4 3.2312500000e+04 5.0000000000e-01 259 1260 1259 258 257 -1 259 -1
4 3.2437500000e+04 5.0000000000e-01 260 1261 1260 259 258 -1 260 -1
4 3.2562500000e+04 5.0000000000e-01 261 1262 1261 260 259 -1 261 -1
4 3.2687500000e+04 5.0000000000e-01 262 1263 1262 261 260 -1 262 -1
4 3.2812500000e+04 5.0000000000e-01 263 1264 1263 262 261 -1 263 -1
4 3.2937500000e+04 5.0000000000e-01 264 1265 1264 263 262 -1 264 -1
4 3.3062500000e+04 5.0000000000e-01 265 1266 1265 264 263 -1 265 -1
4 3.3187500000e+04 5.0000000000e-01 266 1267 1266 265 264 -1 266 -1
4 3.3312500000e+04 5.0000000000e-01 267 1268 1267 266 265 -1 267 -1
4 3.3437500000e+04 5.0000000000e-01 268 1269 1268 267 266 -1 268 -1
4 3.3562500000e+04 5.0000000000e-01 269 1270 1269 268 267 -1 269 -1
4 3.3687500000e+04 5.0000000000e-01 270 1271 1270 269 268 -1 270 -1
4 3.3812500000e+04 5.0000000000e-01 271 1272 1271 270 269 -1 271 -1
4 3.3937500000e+04 5.0000000000e-01 272 1273 1272 271 270 -1 272 -1
4 3.4062500000e+04 5.0000000000e-01 273 1274 1273 272 271 -1 273 -1
4 3.4187500000e+04 5.0000000000e-01 274 1275 1274 273 272 -1 274 -1
4 3.4312500000e+04 5.0000000000e-01 275 1276 1275 274 273 -1 275 -1
4 3.4437500000e+04 5.0000000000e-01 276 1277 1276 275 274 -1 276 -1
4 3.4562500000e+04 5.0000000000e-01 277 1278 1277 276 275 -1 277 -1
4 3.4687500000e+04 5.0000000000e-01 278 1279 1278 277 276 -1 278 -1
4 3.4812500000e+04 5.0000000000e-01 279 1280 1279 278 277 -1 279 -1
4 3.4937500000e+04 5.0000000000e-01 280 1281 1280 279 278 -1 280 -1
4 3.5062500000e+04 5.0000000000e-01 281 1282 1281 280 279 -1 281 -1
4 3.5187500000e+04 5.0000000000e-01 282 1283 1282 281 280 -1 282 -1
4 3.5312500000e+04 5.0000000000e-01 283 1284 1283 282 281 -1 283 -1
4 3.5437500000e+04 5.0000000000e-01 284 1285 1284 283 282 -1 284 -1
4 3.5562500000e+04 5.0000000000e-01 285 1286 1285 284 283 -1 285 -1
4 3.5687500000e+04 5.0000000000e-01 286 1287 1286 285 284 -1 286 -1
4 3.5812500000e+04 5.0000000000e-01 287 1288 1287 286 285 -1 287 -1
4 3.5937500000e+04 5.0000000000e-01 288 1289 1288 287 286 -1 288 -1
4 3.6062500000e+04 5.0000000000e-01 289 1290 1289 288 287 -1 289 -1
4 3.6187500000e+04 5.0000000000e-01 290 1291 1290 289 288 -1 290 -1
4 3.6312500000e+04 5.0000000000e-01 291 1292 1291 290 289 -1 291 -1
4 3.6437500000e+04 5.0000000000e-01 292 1293 1292 291 290 -1 292 -1
4 3.6562500000e+04 5.0000000000e-01 293 1294 1293 292 291 -1 293 -1
4 3.6687500000e+04 5.0000000000e-01 294 1295 1294 293 292 -1 294 -1
4 3.6812500000e+04 5.0000000000e-01 295 1296 1295 294 293 -1 295 -1
4 3.6937500000e+04 5.0000000000e-01 296 1297 1296 295 294 -1 296 -1
4 3.7062500000e+04 5.0000000000e-01 297 1298 1297 296 295 -1 297 -1
4 3.7187500000e+04 5.0000000000e-01 298 1299 1298 297 296 -1 298 -1
4 3.7312500000e+04 5.0000000000e-01 299 1300 1299 298 297 -1 299 -1
4 3.7437500000e+04 5.0000000000e-01 300 1301 1300 299 298 -1 300 -1
4 3.7562500000e+04 5.0000000000e-01 301 1302 1301 300 299 -1 301 -1
4 3.7687500000e+04 5.0000000000e-01 302 1303 1302 301 300 -1 302 -1
4 3.7812500000e+04 5.0000000000e-01 303 1304 1303 302 301 -1 303 -1
4 3.7937500000e+04 5.0000000000e-01 304 1305 1304 303 302 -1 304 -1
4 3.8062500000e+04 5.0000000000e-01 305 1306 1305 304 303 -1 305 -1
4 3.8187500000e+04 5.0000000000e-01 306 1307 1306 305 304 -1 306 -1
4 3.8312500000e+04 5.0000000000e-01 307 1308 1307 306 305 -1 307 -1
4 3.8437500000e+04 5.0000000000e-01 308 1309 1308 307 306 -1 308 -1
4 3.8562500000e+04 5.0000000000e-01 309 1310 1309 308 307 -1 309 -1
4 3.8687500000e+04 5.0000000000e-01 310 1311 1310 309 308 -1 310 -1
4 3.8812500000e+04 5.0000000000e-01 311 1312 1311 310 309 -1 311 -1
4 3.8937500000e+04 5.0000000000e-01 312 1313 1312 311 310 -1 312 -1
4 3.9062500000e+04 5.0000000000e-01 313 1314 1313 312 311 -1 313 -1
4 3.9187500000e+04 5.0000000000e-01 314 1315 1314 313 312 -1 314 -1
4 3.9312500000e+04 5.0000000000e-01 315 1316 1315 314 313 -1 315 -1
4 3.9437500000e+04 5.0000000000e-01 316 1317 1316 315 314 -1 316 -1
4 3.9562500000e+04 5.0000000000e-01 317 1318 1317 316 315 -1 317 -1
4 3.9687500000e+04 5.0000000000e-01 318 1319 1318 317 316 -1 318 -1
4 3.9812500000e+04 5.0000000000e-01 319 1320 1319 318 317 -1 319 -1
4 3.9937500000e+04 5.0000000000e-01 320 1321 1320 319 318 -1 320 -1
4 4.0062500000e+04 5.0000000000e-01 321 1322 1321 320 319 -1 321 -1
4 4.0187500000e+04 5.0000000000e-01 322 1323 1322 321 320 -1 322 -1
4 4.0312500000e+04 5.0000000000e-01 323 1324 1323 322 321 -1 323 -1
4 4.0437500000e+04 5.0000000000e-01 324 1325 1324 323 322 -1 324 -1
4 4.0562500000e+04 5.0000000000e-01 325 1326 1325 324 323 -1 325 -1
4 4.0687500000e+04 5.0000000000e-01 326 1327 1326 325 324 -1 326 -1
4 4.0812500000e+04 5.0000000000e-01 327 1328 1327 326 325 -1 327 -1
4 4.0937500000e+04 5.0000000000e-01 328 1329 1328 327 326 -1 328 -1
4 4.1062500000e+04 5.0000000000e-01 329 1330 1329 328 327 -1 329 -1
4 4.1187500000e+04 5.0000000000e-01 330 1331 1330 329 328 -1 330 -1
4 4.1312500000e+04 5.0000000000e-01 331 1332 1331 330 329 -1 331 -1
4 4.1437500000e+04 5.0000000000e-01 332 1333 1332 331 330 -1 332 -1
4 4.1562500000e+04 5.0000000000e-01 333 1334 1333 332 331 -1 333 -1
4 4.1687500000e+04 5.0000000000e-01 334 1335 1334 333 332 -1 334 -1
4 4.1812500000e+04 5.0000000000e-01 335 1336 1335 334 333 -1 335 -1
4 4.1937500000e+04 5.0000000000e-01 336 1337 1336 335 334 -1 336 -1
4 4.2062500000e+04 5.0000000000e-01 337 1338 1337 336 335 -1 337 -1
4 4.2187500000e+04 5.0000000000e-01 338 1339 1338 337 336 -1 338 -1
4 4.2312500000e+04 5.0000000000e-01 339 1340 1339 338 337 -1 339 -1
4 4.2437500000e+04 5.0000000000e-01 340 1341 1340 339 338 -1 340 -1
4 4.2562500000e+04 5.0000000000e-01 341 1342 1341 340 339 -1 341 -1
4 4.2687500000e+04 5.0000000000e-01 342 1343 1342 341 340 -1 342 -1
4 4.2812500000e+04 5.0000000000e-01 343 1344 1343 342 341 -1 343 -1
4 4.2937500000e+04 5.0000000000e-01 344 1345 1344 343 342 -1 344 -1
4 4.3062500000e+04 5.0000000000e-01 345 1346 1345 344 343 -1 345 -1
4 4.3187500000e+04 5.0000000000e-01 346 1347 1346 345 344 -1 346 -1
4 4.3312500000e+04 5.0000000000e-01 347 1348 1347 346 345 -1 347 -1
4 4.3437500000e+04 5.0000000000e-01 348 1349 1348 347 346 -1 348 -1
4 4.3562500000e+04 5.0000000000e-01 349 1350 1349 348 347 -1 349 -1
4 4.3687500000e+04 5.0000000000e-01 350 1351 1350 349 348 -1 350 -1
4 4.3812500000e+04 5.0000000000e-01 351 1352 1351 350 349 -1 351 -1
4 4.3937500000e+04 5.0000000000e-01 352 1353 1352 351 350 -1 352 -1
4 4.4062500000e+04 5.0000000000e-01 353 1354 1353 352 351 -1 353 -1
4 4.4187500000e+04 5.0000000000e-01 354 1355 1354 353 352 -1 354 -1
4 4.4312500000e+04 5.0000000000e-01 355 1356 1355 354 353 -1 355 -1
4 4.4437500000e+04 5.0000000000e-01 356 1357 1356 355 354 -1 356 -1
4 4.4562500000e+04 5.0000000000e-01 357 1358 1357 356 355 -1 357 -1
4 4.4687500000e+04 5.0000000000e-01 358 1359 1358 357 356 -1 358 -1
4 4.4812500000e+04 5.0000000000e-01 359 1360 1359 358 357 -1 359 -1
4 4.4937500000e+04 5.0000000000e-01 360 1361 1360 359 358 -1 360 -1
4 4.5062500000e+04 5.0000000000e-01 361 1362 1361 360 359 -1 361 -1
4 4.5187500000e+04 5.0000000000e-01 362 1363 1362 361 360 -1 362 -1
4 4.5312500000e+04 5.0000000000e-01 363 1364 1363 362 361 -1 363 -1
4 4.5437500000e+04 5.0000000000e-01 364 1365 1364 363 362 -1 364 -1
4 4.5562500000e+04 5.0000000000e-01 365 1366 1365 364 363 -1 365 -1
4 4.5687500000e+04 5.0000000000e-01 366 1367 1366 365 364 -1 366 -1
4 4.5812500000e+04 5.0000000000e-01 367 1368 1367 366 365 -1 367 -1
4 4.5937500000e+04 5.0000000000e-01 368 1369 1368 367 366 -1 368 -1
4 4.6062500000e+04 5.0000000000e-01 369 1370 1369 368 367 -1 369 -1
4 4.6187500000e+04 5.0000000000e-01 370 1371 1370 369 368 -1 370 -1
4 4.6312500000e+04 5.0000000000e-01 371 1372 1371 370 369 -1 371 -1
4 4.6437500000e+04 5.0000000000e-01 372 1373 1372 371 370 -1 372 -1
4 4.6562500000e+04 5.0000000000e-01 373 1374 1373 372 371 -1 373 -1
4 4.6687500000e+04 5.0000000000e-01 374 1375 1374 373 372 -1 374 -1
4 4.6812500000e+04 5.0000000000e-01 375 1376 1375 374 373 -1 375 -1
4 4.6937500000e+04 5.0000000000e-01 376 1377 1376 375 374 -1 376 -1
4 4.7062500000e+04 5.0000000000e-01 377 1378 1377 376 375 -1 377 -1
4 4.7187500000e+04 5.0000000000e-01 378 1379 1378 377 376 -1 378 -1
4 4.7312500000e+04 5.0000000000e-01 379 1380 1379 378 377 -1 379 -1
4 4.7437500000e+04 5.0000000000e-01 380 1381 1380 379 378 -1 380 -1
4 4.7562500000e+04 5.0000000000e-01 381 1382 1381 380 379 -1 381 -1
4 4.7687500000e+04 5.0000000000e-01 382 1383 1382 381 380 -1 382 -1
4 4.7812500000e+04 5.0000000000e-01 383 1384 1383 382 381 -1 383 -1
4 4.7937500000e+04 5.0000000000e-01 384 1385 1384 383 382 -1 384 -1
4 4.8062500000e+04 5.0000000000e-01 385 1386 1385 384 383 -1 385 -1
4 4.8187500000e+04 5.0000000000e-01 386 1387 1386 385 384 -1 386 -1
4 4.8312500000e+04 5.0000000000e-01 387 1388 1387 386 385 -1 387 -1
4 4.8437500000e+04 5.0000000000e-01 388 1389 1388 387 386 -1 388 -1
4 4.8562500000e+04 5.0000000000e-01 389 1390 1389 388 387 -1 389 -1
4 4.8687500000e+04 5.0000000000e-01 390 1391 1390 389 388 -1 390 -1
4 4.8812500000e+04 5.0000000000e-01 391 1392 1391 390 389 -1 391 -1
4 4.8937500000e+04 5.0000000000e-01 392 1393 1392 391 390 -1 392 -1
4 4.9062500000e+04 5.0000000000e-01 393 1394 1393 392 391 -1 393 -1
4 4.9187500000e+04 5.0000000000e-01 394 1395 1394 393 392 -1 394 -1
4 4.9312500000e+04 5.0000000000e-01 395 1396 1395 394 393 -1 395 -1
4 4.9437500000e+04 5.0000000000e-01 396 1397 1396 395 394 -1 396 -1
4 4.9562500000e+04 5.0000000000e-01 397 1398 1397 396 395 -1 397 -1
4 4.9687500000e+04 5.0000000000e-01 398 1399 1398 397 396 -1 398 -1
4 4.9812500000e+04 5.0000000000e-01 399 1400 1399 398 397 -1 399 -1
4 4.9937500000e+04 5.0000000000e-01 400 1401 1400 399 398 -1 400 -1
4 5.0062500000e+04 5.0000000000e-01 401 1402 1401 400 399 -1 401 -1
4 5.0187500000e+04 5.0000000000e-01 402 1403 1402 401 400 -1 402 -1
4 5.0312500000e+04 5.0000000000e-01 403 1404 1403 402 401 -1 403 -1
4 5.0437500000e+04 5.0000000000e-01 404 1405 1404 403 402 -1 404 -1
4 5.0562500000e+04 5.0000000000e-01 405 1406 1405 404 403 -1 405 -1
4 5.0687500000e+04 5.0000000000e-01 406 1407 1406 405 404 -1 406 -1
4 5.0812500000e+04 5.0000000000e-01 407 1408 1407 406 405 -1 407 -1
4 5.0937500000e+04 5.0000000000e-01 408 1409 1408 407 406 -1 408 -1
4 5.1062500000e+04 5.0000000000e-01 409 1410 1409 408 407 -1 409 -1
4 5.1187500000e+04 5.0000000000e-01 410 1411 1410 409 408 -1 410 -1
4 5.1312500000e+04 5.0000000000e-01 411 1412 1411 410 409 -1 411 -1
4 5.1437500000e+04 5.0000000000e-01 412 1413 1412 411 410 -1 412 -1
4 5.1562500000e+04 5.0000000000e-01 413 1414 1413 412 411 -1 413 -1
4 5.1687500000e+04 5.0000000000e-01 414 1415 1414 413 412 -1 414 -1
4 5.1812500000e+04 5.0000000000e-01 415 1416 1415 414 413 -1 415 -1
4 5.1937500000e+04 5.0000000000e-01 416 1417 1416 415 414 -1 416 -1
4 5.2062500000e+04 5.0000000000e-01 417 1418 1417 416 415 -1 417 -1
4 5.2187500000e+04 5.0000000000e-01 418 1419 1418 417 416 -1 418 -1
4 5.2312500000e+04 5.0000000000e-01 419 1420 1419 418 417 -1 419 -1
4 5.2437500000e+04 5.0000000000e-01 420 1421 1420 419 418 -1 420 -1
4 5.2562500000e+04 5.0000000000e-01 421 1422 1421 420 419 -1 421 -1
4 5.2687500000e+04 5.0000000000e-01 422 1423 1422 421 420 -1 422 -1
4 5.2812500000e+04 5.0000000000e-01 423 1424 1423 422 421 -1 423 -1
4 5.2937500000e+04 5.0000000000e-01 424 1425 1424 423 422 -1 424 -1
4 5.3062500000e+04 5.0000000000e-01 425 1426 1425 424 423 -1 425 -1
4 5.3187500000e+04 5.0000000000e-01 426 1427 1426 425 424 -1 426 -1
4 5.3312500000e+04 5.0000000000e-01 427 1428 1427 426 425 -1 427 -1
4 5.3437500000e+04 5.0000000000e-01 428 1429 1428 427 426 -1 428 -1
4 5.3562500000e+04 5.0000000000e-01 429 1430 1429 428 427 -1 429 -1
4 5.3687500000e+04 5.0000000000e-01 430 1431 1430 429 428 -1 430 -1
4 5.3812500000e+04 5.0000000000e-01 431 1432 1431 430 429 -1 431 -1
4 5.3937500000e+04 5.0000000000e-01 432 1433 1432 431 430 -1 432 -1
4 5.4062500000e+04 5.0000000000e-01 433 1434 1433 432 431 -1 433 -1
4 5.4187500000e+04 5.0000000000e-01 434 1435 1434 433 432 -1 434 -1
4 5.4312500000e+04 5.0000000000e-01 435 1436 1435 434 433 -1 435 -1
4 5.4437500000e+04 5.0000000000e-01 436 1437 1436 435 434 -1 436 -1
4 5.4562500000e+04 5.0000000000e-01 437 1438 1437 436 435 -1 437 -1
4 5.4687500000e+04 5.0000000000e-01 438 1439 1438 437 436 -1 438 -1
4 5.4812500000e+04 5.0000000000e-01 439 1440 1439 438 437 -1 439 -1
4 5.4937500000e+04 5.0000000000e-01 440 1441 1440 439 438 -1 440 -1
4 5.5062500000e+04 5.0000000000e-01 441 1442 1441 440 439 -1 441 -1
4 5.5187500000e+04 5.0000000000e-01 442 1443 1442 441 440 -1 442 -1
4 5.5312500000e+04 5.0000000000e-01 443 1444 1443 442 441 -1 443 -1
4 5.5437500000e+04 5.0000000000e-01 444 1445 1444 443 442 -1 444 -1
4 5.5562500000e+04 5.0000000000e-01 445 1446 1445 444 443 -1 445 -1
4 5.5687500000e+04 5.0000000000e-01 446 1447 1446 445 444 -1 446 -1
4 5.5812500000e+04 5.0000000000e-01 447 1448 1447 446 445 -1 447 -1
4 5.5937500000e+04 5.0000000000e-01 448 1449 1448 447 446 -1 448 -1
4 5.6062500000e+04 5.0000000000e-01 449 1450 1449 448 447 -1 449 -1
4 5.6187500000e+04 5.0000000000e-01 450 1451 1450 449 448 -1 450 -1
4 5.6312500000e+04 5.0000000000e-01 451 1452 1451 450 449 -1 451 -1
4 5.6437500000e+04 5.0000000000e-01 452 1453 1452 451 450 -1 452 -1
4 5.6562500000e+04 5.0000000000e-01 453 1454 1453 452 451 -1 453 -1
4 5.6687500000e+04 5.0000000000e-01 454 1455 1454 453 452 -1 454 -1
4 5.6812500000e+04 5.0000000000e-01 455 1456 1455 454 453 -1 455 -1
4 5.6937500000e+04 5.0000000000e-01 456 1457 1456 455 454 -1 456 -1
4 5.7062500000e+04 5.0000000000e-01 457 1458 1457 456 455 -1 457 -1
4 5.7187500000e+04 5.0000000000e-01 458 1459 1458 457 456 -1 458 -1
4 5.7312500000e+04 5.0000000000e-01 459 1460 1459 458 457 -1 459 -1
4 5.7437500000e+04 5.0000000000e-01 460 1461 1460 459 458 -1 460 -1
4 5.7562500000e+04 5.0000000000e-01 461 1462 1461 460 459 -1 461 -1
4 5.7687500000e+04 5.0000000000e-01 462 1463 1462 461 460 -1 462 -1
4 5.7812500000e+04 5.0000000000e-01 463 1464 1463 462 461 -1 463 -1
4 5.7937500000e+04 5.0000000000e-01 464 1465 1464 463 462 -1 464 -1
4 5.8062500000e+04 5.0000000000e-01 465 1466 1465 464 463 -1 465 -1
4 5.8187500000e+04 5.0000000000e-01 466 1467 1466 465 464 -1 466 -1
4 5.8312500000e+04 5.0000000000e-01 467 1468 1467 466 465 -1 467 -1
4 5.8437500000e+04 5.0000000000e-01 468 1469 1468 467 466 -1 468 -1
4 5.8562500000e+04 5.0000000000e-01 469 1470 1469 468 467 -1 469 -1
4 5.8687500000e+04 5.0000000000e-01 470 1471 1470 469 468 -1 470 -1
4 5.8812500000e+04 5.0000000000e-01 471 1472 1471 470 469 -1 471 -1
4 5.8937500000e+04 5.0000000000e-01 472 1473 1472 471 470 -1 472 -1
4 5.9062500000e+04 5.0000000000e-01 473 1474 1473 472 471 -1 473 -1
4 5.9187500000e+04 5.0000000000e-01 474 1475 1474 473 472 -1 474 -1
4 5.9312500000e+04 5.0000000000e-01 475 1476 1475 474 473 -1 475 -1
4 5.9437500000e+04 5.0000000000e-01 476 1477 1476 475 474 -1 476 -1
4 5.9562500000e+04 5.0000000000e-01 477 1478 1477 476 475 -1 477 -1
4 5.9687500000e+04 5.0000000000e-01 478 1479 1478 477 476 -1 478 -1
4 5.9812500000e+04 5.0000000000e-01 479 1480 1479 478 477 -1 479 -1
4 5.9937500000e+04 5.0000000000e-01 480 1481 1480 479 478 -1 480 -1
4 6.0062500000e+04 5.0000000000e-01 481 1482 1481 480 479 -1 481 -1
4 6.0187500000e+04 5.0000000000e-01 482 1483 1482 481 480 -1 482 -1
4 6.0312500000e+04 5.0000000000e-01 483 1484 1483 482 481 -1 483 -1
4 6.0437500000e+04 5.0000000000e-01 484 1485 1484 483 482 -1 484 -1
4 6.0562500000e+04 5.0000000000e-01 485 1486 1485 484 483 -1 485 -1
4 6.0687500000e+04 5.0000000000e-01 486 1487 1486 485 484 -1 486 -1
4 6.0812500000e+04 5.0000000000e-01 487 1488 1487 486 485 -1 487 -1
4 6.0937500000e+04 5.0000000000e-01 488 1489 1488 487 486 -1 488 -1
4 6.1062500000e+04 5.0000000000e-01 489 1490 1489 488 487 -1 489 -1
4 6.1187500000e+04 5.0000000000e-01 490 1491 1490 489 488 -1 490 -1
4 6.1312500000e+04 5.0000000000e-01 491 1492 1491 490 489 -1 491 -1
4 6.1437500000e+04 5.0000000000e-01 492 1493 1492 491 490 -1 492 -1
4 6.1562500000e+04 5.0000000000e-01 493 1494 1493 492 491 -1 493 -1
4 6.1687500000e+04 5.0000000000e-01 494 1495 1494 493 492 -1 494 -1
4 6.1812500000e+04 5.0000000000e-01 495 1496 1495 494 493 -1 495 -1
4 6.1937500000e+04 5.0000000000e-01 496 1497 1496 495 494 -1 496 -1
4 6.2062500000e+04 5.0000000000e-01 497 1498 1497 496 495 -1 497 -1
4 6.2187500000e+04 5.0000000000e-01 498 1499 1498 497 496 -1 498 -1
4 6.2312500000e+04 5.0000000000e-01 499 1500 1499 498 497 -1 499 -1
4 6.2437500000e+04 5.0000000000e-01 500 1501 1500 499 498 -1 500 -1
4 6.2562500000e+04 5.0000000000e-01 501 1502 1501 500 499 -1 501 -1
4 6.2687500000e+04 5.0000000000e-01 502 1503 1502 501 500 -1 502 -1
4 6.2812500000e+04 5.0000000000e-01 503 1504 1503 502 501 -1 503 -1
4 6.2937500000e+04 5.0000000000e-01 504 1505 1504 503 502 -1 504 -1
4 6.3062500000e+04 5.0000000000e-01 505 1506 1505 504 503 -1 505 -1
4 6.3187500000e+04 5.0000000000e-01 506 1507 1506 505 504 -1 506 -1
4 6.3312500000e+04 5.0000000000e-01 507 1508 1507 506 505 -1 507 -1
4 6.3437500000e+04 5.0000000000e-01 508 1509 1508 507 506 -1 508 -1
4 6.3562500000e+04 5.0000000000e-01 509 1510 1509 508 507 -1 509 -1
4 6.3687500000e+04 5.0000000000e-01 510 1511 1510 509 508 -1 510 -1
4 6.3812500000e+04 5.0000000000e-01 511 1512 1511 510 509 -1 511 -1
4 6.3937500000e+04 5.0000000000e-01 512 1513 1512 511 510 -1 512 -1
4 6.4062500000e+04 5.0000000000e-01 513 1514 1513 512 511 -1 513 -1
4 6.4187500000e+04 5.0000000000e-01 514 1515 1514 513 512 -1 514 -1
4 6.4312500000e+04 5.0000000000e-01 515 1516 1515 514 513 -1 515 -1
4 6.4437500000e+04 5.0000000000e-01 516 1517 1516 515 514 -1 516 -1
4 6.4562500000e+04 5.0000000000e-01 517 1518 1517 516 515 -1 517 -1
4 6.4687500000e+04 5.0000000000e-01 518 1519 1518 517 516 -1 518 -1
4 6.4812500000e+04 5.0000000000e-01 519 1520 1519 518 517 -1 519 -1
4 6.4937500000e+04 5.0000000000e-01 520 1521 1520 519 518 -1 520 -1
4 6.5062500000e+04 5.0000000000e-01 521 1522 1521 520 519 -1 521 -1
4 6.5187500000e+04 5.0000000000e-01 522 1523 1522 521 520 -1 522 -1
4 6.5312500000e+04 5.0000000000e-01 523 1524 1523 522 521 -1 523 -1
4 6.5437500000e+04 5.0000000000e-01 524 1525 1524 523 522 -1 524 -1
4 6.5562500000e+04 5.0000000000e-01 525 1526 1525 524 523 -1 525 -1
4 6.5687500000e+04 5.0000000000e-01 526 1527 1526 525 524 -1 526 -1
4 6.5812500000e+04 5.0000000000e-01 527 1528 1527 526 525 -1 527 -1
4 6.5937500000e+04 5.0000000000e-01 528 1529 1528 527 526 -1 528 -1
4 6.6062500000e+04 5.0000000000e-01 529 1530 1529 528 527 -1 529 -1
4 6.6187500000e+04 5.0000000000e-01 530 1531 1530 529 528 -1 530 -1
4 6.6312500000e+04 5.0000000000e-01 531 1532 1531 530 529 -1 531 -1
4 6.6437500000e+04 5.0000000000e-01 532 1533 1532 531 530 -1 532 -1
4 6.6562500000e+04 5.0000000000e-01 533 1534 1533 532 531 -1 533 -1
4 6.6687500000e+04 5.0000000000e-01 534 1535 1534 533 532 -1 534 -1
4 6.6812500000e+04 5.0000000000e-01 535 1536 1535 534 533 -1 535 -1
4 6.6937500000e+04 5.0000000000e-01 536 1537 1536 535 534 -1 536 -1
4 6.7062500000e+04 5.0000000000e-01 537 1538 1537 536 535 -1 537 -1
4 6.7187500000e+04 5.0000000000e-01 538 1539 1538 537 536 -1 538 -1
4 6.7312500000e+04 5.0000000000e-01 539 1540 1539 538 537 -1 539 -1
4 6.7437500000e+04 5.0000000000e-01 540 1541 1540 539 538 -1 540 -1
4 6.7562500000e+04 5.0000000000e-01 541 1542 1541 540 539 -1 541 -1
4 6.7687500000e+04 5.0000000000e-01 542 1543 1542 541 540 -1 542 -1
4 6.7812500000e+04 5.0000000000e-01 543 1544 1543 542 541 -1 543 -1
4 6.7937500000e+04 5.0000000000e-01 544 1545 1544 543 542 -1 544 -1
4 6.8062500000e+04 5.0000000000e-01 545 1546 1545 544 543 -1 545 -1
4 6.8187500000e+04 5.0000000000e-01 546 1547 1546 545 544 -1 546 -1
4 6.8312500000e+04 5.0000000000e-01 547 1548 1547 546 545 -1 547 -1
4 6.8437500000e+04 5.0000000000e-01 548 1549 1548 547 546 -1 548 -1
4 6.8562500000e+04 5.0000000000e-01 549 1550 1549 548 547 -1 549 -1
4 6.8687500000e+04 5.0000000000e-01 550 1551 1550 549 548 -1 550 -1
4 6.8812500000e+04 5.0000000000e-01 551 1552 1551 550 549 -1 551 -1
4 6.8937500000e+04 5.0000000000e-01 552 1553 1552 551 550 -1 552 -1
4 6.9062500000e+04 5.0000000000e-01 553 1554 1553 552 551 -1 553 -1
4 6.9187500000e+04 5.0000000000e-01 554 1555 1554 553 552 -1 554 -1
4 6.9312500000e+04 5.0000000000e-01 555 1556 1555 554 553 -1 555 -1
4 6.9437500000e+04 5.0000000000e-01 556 1557 1556 555 554 -1 556 -1
4 6.9562500000e+04 5.0000000000e-01 557 1558 1557 556 555 -1 557 -1
4 6.9687500000e+04 5.0000000000e-01 558 1559 1558 557 556 -1 558 -1
4 6.9812500000e+04 5.0000000000e-01 559 1560 1559 558 557 -1 559 -1
4 6.9937500000e+04 5.0000000000e-01 560 1561 1560 559 558 -1 560 -1
4 7.0062500000e+04 5.0000000000e-01 561 1562 1561 560 559 -1 561 -1
4 7.0187500000e+04 5.0000000000e-01 562 1563 1562 561 560 -1 562 -1
4 7.0312500000e+04 5.0000000000e-01 563 1564 1563 562 561 -1 563 -1
4 7.0437500000e+04 5.0000000000e-01 564 1565 1564 563 562 -1 564 -1
4 7.0562500000e+04 5.0000000000e-01 565 1566 1565 564 563 -1 565 -1
4 7.0687500000e+04 5.0000000000e-01 566 1567 1566 565 564 -1 566 -1
4 7.0812500000e+04 5.0000000000e-01 567 1568 1567 566 565 -1 567 -1
4 7.0937500000e+04 5.0000000000e-01 568 1569 1568 567 566 -1 568 -1
4 7.1062500000e+04 5.0000000000e-01 569 1570 1569 568 567 -1 569 -1
4 7.1187500000e+04 5.0000000000e-01 570 1571 1570 569 568 -1 570 -1
4 7.1312500000e+04 5.0000000000e-01 571 1572 1571 570 569 -1 571 -1
4 7.1437500000e+04 5.0000000000e-01 572 1573 1572 571 570 -1 572 -1
4 7.1562500000e+04 5.0000000000e-01 573 1574 1573 572 571 -1 573 -1
4 7.1687500000e+04 5.0000000000e-01 574 1575 1574 573 572 -1 574 -1
4 7.1812500000e+04 5.0000000000e-01 575 1576 1575 574 573 -1 575 -1
4 7.1937500000e+04 5.0000000000e-01 576 1577 1576 575 574 -1 576 -1
4 7.2062500000e+04 5.0000000000e-01 577 1578 1577 576 575 -1 577 -1
4 7.2187500000e+04 5.0000000000e-01 578 1579 1578 577 576 -1 578 -1
4 7.2312500000e+04 5.0000000000e-01 579 1580 1579 578 577 -1 579 -1
4 7.2437500000e+04 5.0000000000e-01 580 1581 1580 579 578 -1 580 -1
4 7.2562500000e+04 5.0000000000e-01 581 1582 1581 580 579 -1 581 -1
4 7.2687500000e+04 5.0000000000e-01 582 1583 1582 581 580 -1 582 -1
4 7.2812500000e+04 5.0000000000e-01 583 1584 1583 582 581 -1 583 -1
4 7.2937500000e+04 5.0000000000e-01 584 1585 1584 583 582 -1 584 -1
4 7.3062500000e+04 5.0000000000e-01 585 1586 1585 584 583 -1 585 -1
4 7.3187500000e+04 5.0000000000e-01 586 1587 1586 585 584 -1 586 -1
4 7.3312500000e+04 5.0000000000e-01 587 1588 1587 586 585 -1 587 -1
4 7.3437500000e+04 5.0000000000e-01 588 1589 1588 587 586 -1 588 -1
4 7.3562500000e+04 5.0000000000e-01 589 1590 1589 588 587 -1 589 -1
4 7.3687500000e+04 5.0000000000e-01 590 1591 1590 589 588 -1 590 -1
4 7.3812500000e+04 5.0000000000e-01 591 1592 1591 590 589 -1 591 -1
4 7.3937500000e+04 5.0000000000e-01 592 1593 1592 591 590 -1 592 -1
4 7.4062500000e+04 5.0000000000e-01 593 1594 1593 592 591 -1 593 -1
4 7.4187500000e+04 5.0000000000e-01 594 1595 1594 593 592 -1 594 -1
4 7.4312500000e+04 5.0000000000e-01 595 1596 1595 594 593 -1 595 -1
4 7.4437500000e+04 5.0000000000e-01 596 1597 1596 595 594 -1 596 -1
4 7.4562500000e+04 5.0000000000e-01 597 1598 1597 596 595 -1 597 -1
4 7.4687500000e+04 5.0000000000e-01 598 1599 1598 597 596 -1 598 -1
4 7.4812500000e+04 5.0000000000e-01 599 1600 1599 598 597 -1 599 -1
4 7.4937500000e+04 5.0000000000e-01 600 1601 1600 599 598 -1 600 -1
4 7.5062500000e+04 5.0000000000e-01 601 1602 1601 600 599 -1 601 -1
4 7.5187500000e+04 5.0000000000e-01 602 1603 1602 601 600 -1 602 -1
4 7.5312500000e+04 5.0000000000e-01 603 1604 1603 602 601 -1 603 -1
4 7.5437500000e+04 5.0000000000e-01 604 1605 1604 603 602 -1 604 -1
4 7.5562500000e+04 5.0000000000e-01 605 1606 1605 604 603 -1 605 -1
4 7.5687500000e+04 5.0000000000e-01 606 1607 1606 605 604 -1 606 -1
4 7.5812500000e+04 5.0000000000e-01 607 1608 1607 606 605 -1 607 -1
4 7.5937500000e+04 5.0000000000e-01 608 1609 1608 607 606 -1 608 -1
4 7.6062500000e+04 5.0000000000e-01 609 1610 1609 608 607 -1 609 -1
4 7.6187500000e+04 5.0000000000e-01 610 1611 1610 609 608 -1 610 -1
4 7.6312500000e+04 5.0000000000e-01 611 1612 1611 610 609 -1 611 -1
4 7.6437500000e+04 5.0000000000e-01 612 1613 1612 611 610 -1 612 -1
4 7.6562500000e+04 5.0000000000e-01 613 1614 1613 612 611 -1 613 -1
4 7.6687500000e+04 5.0000000000e-01 614 1615 1614 613 612 -1 614 -1
4 7.6812500000e+04 5.0000000000e-01 615 1616 1615 614 613 -1 615 -1
4 7.6937500000e+04 5.0000000000e-01 616 1617 1616 615 614 -1 616 -1
4 7.7062500000e+04 5.0000000000e-01 617 1618 1617 616 615 -1 617 -1
4 7.7187500000e+04 5.0000000000e-01 618 1619 1618 617 616 -1 618 -1
4 7.7312500000e+04 5.0000000000e-01 619 1620 1619 618 617 -1 619 -1
4 7.7437500000e+04 5.0000000000e-01 620 1621 1620 619 618 -1 620 -1
4 7.7562500000e+04 5.0000000000e-01 621 1622 1621 620 619 -1 621 -1
4 7.7687500000e+04 5.0000000000e-01 622 1623 1622 621 620 -1 622 -1
4 7.7812500000e+04 5.0000000000e-01 623 1624 1623 622 621 -1 623 -1
4 7.7937500000e+04 5.0000000000e-01 624 1625 1624 623 622 -1 624 -1
4 7.8062500000e+04 5.0000000000e-01 625 1626 1625 624 623 -1 625 -1
4 7.8187500000e+04 5.0000000000e-01 626 1627 1626 625 624 -1 626 -1
4 7.8312500000e+04 5.0000000000e-01 627 1628 1627 626 625 -1 627 -1
4 7.8437500000e+04 5.0000000000e-01 628 1629 1628 627 626 -1 628 -1
4 7.8562500000e+04 5.0000000000e-01 629 1630 1629 628 627 -1 629 -1
4 7.8687500000e+04 5.0000000000e-01 630 1631 1630 629 628 -1 630 -1
4 7.8812500000e+04 5.0000000000e-01 631 1632 1631 630 629 -1 631 -1
4 7.8937500000e+04 5.0000000000e-01 632 1633 1632 631 630 -1 632 -1
4 7.9062500000e+04 5.0000000000e-01 633 1634 1633 632 631 -1 633 -1
4 7.9187500000e+04 5.0000000000e-01 634 1635 1634 633 632 -1 634 -1
4 7.9312500000e+04 5.0000000000e-01 635 1636 1635 634 633 -1 635 -1
4 7.9437500000e+04 5.0000000000e-01 636 1637 1636 635 634 -1 636 -1
4 7.9562500000e+04 5.0000000000e-01 637 1638 1637 636 635 -1 637 -1
4 7.9687500000e+04 5.0000000000e-01 638 1639 1638 637 636 -1 638 -1
4 7.9812500000e+04 5.0000000000e-01 639 1640 1639 638 637 -1 639 -1
4 7.9937500000e+04 5.0000000000e-01 640 1641 1640 639 638 -1 640 -1
4 8.0062500000e+04 5.0000000000e-01 641 1642 1641 640 639 -1 641 -1
4 8.0187500000e+04 5.0000000000e-01 642 1643 1642 641 640 -1 642 -1
4 8.0312500000e+04 5.0000000000e-01 643 1644 1643 642 641 -1 643 -1
4 8.0437500000e+04 5.0000000000e-01 644 1645 1644 643 642 -1 644 -1
4 8.0562500000e+04 5.0000000000e-01 645 1646 1645 644 643 -1 645 -1
4 8.0687500000e+04 5.0000000000e-01 646 1647 1646 645 644 -1 646 -1
4 8.0812500000e+04 5.0000000000e-01 647 1648 1647 646 645 -1 647 -1
4 8.0937500000e+04 5.0000000000e-01 648 1649 1648 647 646 -1 648 -1
4 8.1062500000e+04 5.0000000000e-01 649 1650 1649 648 647 -1 649 -1
4 8.1187500000e+04 5.0000000000e-01 650 1651 1650 649 648 -1 650 -1
4 8.1312500000e+04 5.0000000000e-01 651 1652 1651 650 649 -1 651 -1
4 8.1437500000e+04 5.0000000000e-01 652 1653 1652 651 650 -1 652 -1
4 8.1562500000e+04 5.0000000000e-01 653 1654 1653 652 651 -1 653 -1
4 8.1687500000e+04 5.0000000000e-01 654 1655 1654 653 652 -1 654 -1
4 8.1812500000e+04 5.0000000000e-01 655 1656 1655 654 653 -1 655 -1
4 8.1937500000e+04 5.0000000000e-01 656 1657 1656 655 654 -1 656 -1
4 8.2062500000e+04 5.0000000000e-01 657 1658 1657 656 655 -1 657 -1
4 8.2187500000e+04 5.0000000000e-01 658 1659 1658 657 656 -1 658 -1
4 8.2312500000e+04 5.0000000000e-01 659 1660 1659 658 657 -1 659 -1
4 8.2437500000e+04 5.0000000000e-01 660 1661 1660 659 658 -1 660 -1
4 8.2562500000e+04 5.0000000000e-01 661 1662 1661 660 659 -1 661 -1
4 8.2687500000e+04 5.0000000000e-01 662 1663 1662 661 660 -1 662 -1
4 8.2812500000e+04 5.0000000000e-01 663 1664 1663 662 661 -1 663 -1
4 8.2937500000e+04 5.0000000000e-01 664 1665 1664 663 662 -1 664 -1
4 8.3062500000e+04 5.0000000000e-01 665 1666 1665 664 663 -1 665 -1
4 8.3187500000e+04 5.0000000000e-01 666 1667 1666 665 664 -1 666 -1
4 8.3312500000e+04 5.0000000000e-01 667 1668 1667 666 665 -1 667 -1
4 8.3437500000e+04 5.0000000000e-01 668 1669 1668 667 666 -1 668 -1
4 8.3562500000e+04 5.0000000000e-01 669 1670 1669 668 667 -1 669 -1
4 8.3687500000e+04 5.0000000000e-01 670 1671 1670 669 668 -1 670 -1
4 8.3812500000e+04 5.0000000000e-01 671 1672 1671 670 669 -1 671 -1
4 8.3937500000e+04 5.0000000000e-01 672 1673 1672 671 670 -1 672 -1
4 8.4062500000e+04 5.0000000000e-01 673 1674 1673 672 671 -1 673 -1
4 8.4187500000e+04 5.0000000000e-01 674 1675 1674 673 672 -1 674 -1
4 8.4312500000e+04 5.0000000000e-01 675 1676 1675 674 673 -1 675 -1
4 8.4437500000e+04 5.0000000000e-01 676 1677 1676 675 674 -1 676 -1
4 8.4562500000e+04 5.0000000000e-01 677 1678 1677 676 675 -1 677 -1
4 8.4687500000e+04 5.0000000000e-01 678 1679 1678 677 676 -1 678 -1
4 8.4812500000e+04 5.0000000000e-01 679 1680 1679 678 677 -1 679 -1
4 8.4937500000e+04 5.0000000000e-01 680 1681 1680 679 678 -1 680 -1
4 8.5062500000e+04 5.0000000000e-01 681 1682 1681 680 679 -1 681 -1
4 8.5187500000e+04 5.0000000000e-01 682 1683 1682 681 680 -1 682 -1
4 8.5312500000e+04 5.0000000000e-01 683 1684 1683 682 681 -1 683 -1
4 8.5437500000e+04 5.0000000000e-01 684 1685 1684 683 682 -1 684 -1
4 8.5562500000e+04 5.0000000000e-01 685 1686 1685 684 683 -1 685 -1
4 8.5687500000e+04 5.0000000000e-01 686 1687 1686 685 684 -1 686 -1
4 8.5812500000e+04 5.0000000000e-01 687 1688 1687 686 685 -1 687 -1
4 8.5937500000e+04 5.0000000000e-01 688 1689 1688 687 686 -1 688 -1
4 8.6062500000e+04 5.0000000000e-01 689 1690 1689 688 687 -1 689 -1
4 8.6187500000e+04 5.0000000000e-01 690 1691 1690 689 688 -1 690 -1
4 8.6312500000e+04 5.0000000000e-01 691 1692 1691 690 689 -1 691 -1
4 8.6437500000e+04 5.0000000000e-01 692 1693 1692 691 690 -1 692 -1
4 8.6562500000e+04 5.0000000000e-01 693 1694 1693 692 691 -1 693 -1
4 8.6687500000e+04 5.0000000000e-01 694 1695 1694 693 692 -1 694 -1
4 8.6812500000e+04 5.0000000000e-01 695 1696 1695 694 693 -1 695 -1
4 8.6937500000e+04 5.0000000000e-01 696 1697 1696 695 694 -1 696 -1
4 8.7062500000e+04 5.0000000000e-01 697 1698 1697 696 695 -1 697 -1
4 8.7187500000e+04 5.0000000000e-01 698 1699 1698 697 696 -1 698 -1
4 8.7312500000e+04 5.0000000000e-01 699 1700 1699 698 697 -1 699 -1
4 8.7437500000e+04 5.0000000000e-01 700 1701 1700 699 698 -1 700 -1
4 8.7562500000e+04 5.0000000000e-01 701 1702 1701 700 699 -1 701 -1
4 8.7687500000e+04 5.0000000000e-01 702 1703 1702 701 700 -1 702 -1
4 8.7812500000e+04 5.0000000000e-01 703 1704 1703 702 701 -1 703 -1
4 8.7937500000e+04 5.0000000000e-01 704 1705 1704 703 702 -1 704 -1
4 8.8062500000e+04 5.0000000000e-01 705 1706 1705 704 703 -1 705 -1
4 8.8187500000e+04 5.0000000000e-01 706 1707 1706 705 704 -1 706 -1
4 8.8312500000e+04 5.0000000000e-01 707 1708 1707 706 705 -1 707 -1
4 8.8437500000e+04 5.0000000000e-01 708 1709 1708 707 706 -1 708 -1
4 8.8562500000e+04 5.0000000000e-01 709 1710 1709 708 707 -1 709 -1
4 8.8687500000e+04 5.0000000000e-01 710 1711 1710 709 708 -1 710 -1
4 8.8812500000e+04 5.0000000000e-01 711 1712 1711 710 709 -1 711 -1
4 8.8937500000e+04 5.0000000000e-01 712 1713 1712 711 710 -1 712 -1
4 8.9062500000e+04 5.0000000000e-01 713 1714 1713 712 711 -1 713 -1
4 8.9187500000e+04 5.0000000000e-01 714 1715 1714 713 712 -1 714 -1
4 8.9312500000e+04 5.0000000000e-01 715 1716 1715 714 713 -1 715 -1
4 8.9437500000e+04 5.0000000000e-01 716 1717 1716 715 714 -1 716 -1
4 8.9562500000e+04 5.0000000000e-01 717 1718 1717 716 715 -1 717 -1
4 8.9687500000e+04 5.0000000000e-01 718 1719 1718 717 716 -1 718 -1
4 8.9812500000e+04 5.0000000000e-01 719 1720 1719 718 717 -1 719 -1
4 8.9937500000e+04 5.0000000000e-01 720 1721 1720 719 718 -1 720 -1
4 9.0062500000e+04 5.0000000000e-01 721 1722 1721 720 719 -1 721 -1
4 9.0187500000e+04 5.0000000000e-01 722 1723 1722 721 720 -1 722 -1
4 9.0312500000e+04 5.0000000000e-01 723 1724 1723 722 721 -1 723 -1
4 9.0437500000e+04 5.0000000000e-01 724 1725 1724 723 722 -1 724 -1
4 9.0562500000e+04 5.0000000000e-01 725 1726 1725 724 723 -1 725 -1
4 9.0687500000e+04 5.0000000000e-01 726 1727 1726 725 724 -1 726 -1
4 9.0812500000e+04 5.0000000000e-01 727 1728 1727 726 725 -1 727 -1
4 9.0937500000e+04 5.0000000000e-01 728 1729 1728 727 726 -1 728 -1
4 9.1062500000e+04 5.0000000000e-01 729 1730 1729 728 727 -1 729 -1
4 9.1187500000e+04 5.0000000000e-01 730 1731 1730 729 728 -1 730 -1
4 9.1312500000e+04 5.0000000000e-01 731 1732 1731 730 729 -1 731 -1
4 9.1437500000e+04 5.0000000000e-01 732 1733 1732 731 730 -1 732 -1
4 9.1562500000e+04 5.0000000000e-01 733 1734 1733 732 731 -1 733 -1
4 9.1687500000e+04 5.0000000000e-01 734 1735 1734 733 732 -1 734 -1
4 9.1812500000e+04 5.0000000000e-01 735 1736 1735 734 733 -1 735 -1
4 9.1937500000e+04 5.0000000000e-01 736 1737 1736 735 734 -1 736 -1
4 9.2062500000e+04 5.0000000000e-01 737 1738 1737 736 735 -1 737 -1
4 9.2187500000e+04 5.0000000000e-01 738 1739 1738 737 736 -1 738 -1
4 9.2312500000e+04 5.0000000000e-01 739 1740 1739 738 737 -1 739 -1
4 9.2437500000e+04 5.0000000000e-01 740 1741 1740 739 738 -1 740 -1
4 9.2562500000e+04 5.0000000000e-01 741 1742 1741 740 739 -1 741 -1
4 9.2687500000e+04 5.0000000000e-01 742 1743 1742 741 740 -1 742 -1
4 9.2812500000e+04 5.0000000000e-01 743 1744 1743 742 741 -1 743 -1
4 9.2937500000e+04 5.0000000000e-01 744 1745 1744 743 742 -1 744 -1
4 9.3062500000e+04 5.0000000000e-01 745 1746 1745 744 743 -1 745 -1
4 9.3187500000e+04 5.0000000000e-01 746 1747 1746 745 744 -1 746 -1
4 9.3312500000e+04 5.0000000000e-01 747 1748 1747 746 745 -1 747 -1
4 9.3437500000e+04 5.0000000000e-01 748 1749 1748 747 746 -1 748 -1
4 9.3562500000e+04 5.0000000000e-01 749 1750 1749 748 747 -1 749 -1
4 9.3687500000e+04 5.0000000000e-01 750 1751 1750 749 748 -1 750 -1
4 9.3812500000e+04 5.0000000000e-01 751 1752 1751 750 749 -1 751 -1
4 9.3937500000e+04 5.0000000000e-01 752 1753 1752 751 750 -1 752 -1
4 9.4062500000e+04 5.0000000000e-01 753 1754 1753 752 751 -1 753 -1
4 9.4187500000e+04 5.0000000000e-01 754 1755 1754 753 752 -1 754 -1
4 9.4312500000e+04 5.0000000000e-01 755 1756 1755 754 753 -1 755 -1
4 9.4437500000e+04 5.0000000000e-01 756 1757 1756 755 754 -1 756 -1
4 9.4562500000e+04 5.0000000000e-01 757 1758 1757 756 755 -1 757 -1
4 9.4687500000e+04 5.0000000000e-01 758 1759 1758 757 756 -1 758 -1
4 9.4812500000e+04 5.0000000000e-01 759 1760 1759 758 757 -1 759 -1
4 9.4937500000e+04 5.0000000000e-01 760 1761 1760 759 758 -1 760 -1
4 9.5062500000e+04 5.0000000000e-01 761 1762 1761 760 759 -1 761 -1
4 9.5187500000e+04 5.0000000000e-01 762 1763 1762 761 760 -1 762 -1
4 9.5312500000e+04 5.0000000000e-01 763 1764 1763 762 761 -1 763 -1
4 9.5437500000e+04 5.0000000000e-01 764 1765 1764 763 762 -1 764 -1
4 9.5562500000e+04 5.0000000000e-01 765 1766 1765 764 763 -1 765 -1
4 9.5687500000e+04 5.0000000000e-01 766 1767 1766 765 764 -1 766 -1
4 9.5812500000e+04 5.0000000000e-01 767 1768 1767 766 765 -1 767 -1
4 9.5937500000e+04 5.0000000000e-01 768 1769 1768 767 766 -1 768 -1
4 9.6062500000e+04 5.0000000000e-01 769 1770 1769 768 767 -1 769 -1
4 9.6187500000e+04 5.0000000000e-01 770 1771 1770 769 768 -1 770 -1
4 9.6312500000e+04 5.0000000000e-01 771 1772 1771 770 769 -1 771 -1
4 9.6437500000e+04 5.0000000000e-01 772 1773 1772 771 770 -1 772 -1
4 9.6562500000e+04 5.0000000000e-01 773 1774 1773 772 771 -1 773 -1
4 9.6687500000e+04 5.0000000000e-01 774 1775 1774 773 772 -1 774 -1
4 9.6812500000e+04 5.0000000000e-01 775 1776 1775 774 773 -1 775 -1
4 9.6937500000e+04 5.0000000000e-01 776 1777 1776 775 774 -1 776 -1
4 9.7062500000e+04 5.0000000000e-01 777 1778 1777 776 775 -1 777 -1
4 9.7187500000e+04 5.0000000000e-01 778 1779 1778 777 776 -1 778 -1
4 9.7312500000e+04 5.0000000000e-01 779 1780 1779 778 777 -1 779 -1
4 9.7437500000e+04 5.0000000000e-01 780 1781 1780 779 778 -1 780 -1
4 9.7562500000e+04 5.0000000000e-01 781 1782 1781 780 779 -1 781 -1
4 9.7687500000e+04 5.0000000000e-01 782 1783 1782 781 780 -1 782 -1
4 9.7812500000e+04 5.0000000000e-01 783 1784 1783 782 781 -1 783 -1
4 9.7937500000e+04 5.0000000000e-01 784 1785 1784 783 782 -1 784 -1
4 9.8062500000e+04 5.0000000000e-01 785 1786 1785 784 783 -1 785 -1
4 9.8187500000e+04 5.0000000000e-01 786 1787 1786 785 784 -1 786 -1
4 9.8312500000e+04 5.0000000000e-01 787 1788 1787 786 785 -1 787 -1
4 9.8437500000e+04 5.0000000000e-01 788 1789 1788 787 786 -1 788 -1
4 9.8562500000e+04 5.0000000000e-01 789 1790 1789 788 787 -1 789 -1
4 9.8687500000e+04 5.0000000000e-01 790 1791 1790 789 788 -1 790 -1
4 9.8812500000e+04 5.0000000000e-01 791 1792 1791 790 789 -1 791 -1
4 9.8937500000e+04 5.0000000000e-01 792 1793 1792 791 790 -1 792 -1
4 9.9062500000e+04 5.0000000000e-01 793 1794 1793 792 791 -1 793 -1
4 9.9187500000e+04 5.0000000000e-01 794 1795 1794 793 792 -1 794 -1
4 9.9312500000e+04 5.0000000000e-01 795 1796 1795 794 793 -1 795 -1
4 9.9437500000e+04 5.0000000000e-01 796 1797 1796 795 794 -1 796 -1
4 9.9562500000e+04 5.0000000000e-01 797 1798 1797 796 795 -1 797 -1
4 9.9687500000e+04 5.0000000000e-01 798 1799 1798 797 796 -1 798 -1
4 9.9812500000e+04 5.0000000000e-01 799 1800 1799 798 797 -1 799 -1
4 9.9937500000e+04 5.0000000000e-01 800 1801 1800 799 798 -1 800 -1
4 1.0006250000e+05 5.0000000000e-01 801 1802 1801 800 799 -1 801 -1
4 1.0018750000e+05 5.0000000000e-01 802 1803 1802 801 800 -1 802 -1
4 1.0031250000e+05 5.0000000000e-01 803 1804 1803 802 801 -1 803 -1
4 1.0043750000e+05 5.0000000000e-01 804 1805 1804 803 802 -1 804 -1
4 1.0056250000e+05 5.0000000000e-01 805 1806 1805 804 803 -1 805 -1
4 1.0068750000e+05 5.0000000000e-01 806 1807 1806 805 804 -1 806 -1
4 1.0081250000e+05 5.0000000000e-01 807 1808 1807 806 805 -1 807 -1
4 1.0093750000e+05 5.0000000000e-01 808 1809 1808 807 806 -1 808 -1
4 1.0106250000e+05 5.0000000000e-01 809 1810 1809 808 807 -1 809 -1
4 1.0118750000e+05 5.0000000000e-01 810 1811 1810 809 808 -1 810 -1
4 1.0131250000e+05 5.0000000000e-01 811 1812 1811 810 809 -1 811 -1
4 1.0143750000e+05 5.0000000000e-01 812 1813 1812 811 810 -1 812 -1
4 1.0156250000e+05 5.0000000000e-01 813 1814 1813 812 811 -1 813 -1
4 1.0168750000e+05 5.0000000000e-01 814 1815 1814 813 812 -1 814 -1
4 1.0181250000e+05 5.0000000000e-01 815 1816 1815 814 813 -1 815 -1
4 1.0193750000e+05 5.0000000000e-01 816 1817 1816 815 814 -1 816 -1
4 1.0206250000e+05 5.0000000000e-01 817 1818 1817 816 815 -1 817 -1
4 1.0218750000e+05 5.0000000000e-01 818 1819 1818 817 816 -1 818 -1
4 1.0231250000e+05 5.0000000000e-01 819 1820 1819 818 817 -1 819 -1
4 1.0243750000e+05 5.0000000000e-01 820 1821 1820 819 818 -1 820 -1
4 1.0256250000e+05 5.0000000000e-01 821 1822 1821 820 819 -1 821 -1
4 1.0268750000e+05 5.0000000000e-01 822 1823 1822 821 820 -1 822 -1
4 1.0281250000e+05 5.0000000000e-01 823 1824 1823 822 821 -1 823 -1
4 1.0293750000e+05 5.0000000000e-01 824 1825 1824 823 822 -1 824 -1
4 1.0306250000e+05 5.0000000000e-01 825 1826 1825 824 823 -1 825 -1
4 1.0318750000e+05 5.0000000000e-01 826 1827 1826 825 824 -1 826 -1
4 1.0331250000e+05 5.0000000000e-01 827 1828 1827 826 825 -1 827 -1
4 1.0343750000e+05 5.0000000000e-01 828 1829 1828 827 826 -1 828 -1
4 1.0356250000e+05 5.0000000000e-01 829 1830 1829 828 827 -1 829 -1
4 1.0368750000e+05 5.0000000000e-01 830 1831 1830 829 828 -1 830 -1
4 1.0381250000e+05 5.0000000000e-01 831 1832 1831 830 829 -1 831 -1
4 1.0393750000e+05 5.0000000000e-01 832 1833 1832 831 830 -1 832 -1
4 1.0406250000e+05 5.0000000000e-01 833 1834 1833 832 831 -1 833 -1
4 1.0418750000e+05 5.0000000000e-01 834 1835 1834 833 832 -1 834 -1
4 1.0431250000e+05 5.0000000000e-01 835 1836 1835 834 833 -1 835 -1
4 1.0443750000e+05 5.0000000000e-01 836 1837 1836 835 834 -1 836 -1
4 1.0456250000e+05 5.0000000000e-01 837 1838 1837 836 835 -1 837 -1
4 1.0468750000e+05 5.0000000000e-01 838 1839 1838 837 836 -1 838 -1
4 1.0481250000e+05 5.0000000000e-01 839 1840 1839 838 837 -1 839 -1
4 1.0493750000e+05 5.0000000000e-01 840 1841 1840 839 838 -1 840 -1
4 1.0506250000e+05 5.0000000000e-01 841 1842 1841 840 839 -1 841 -1
4 1.0518750000e+05 5.0000000000e-01 842 1843 1842 841 840 -1 842 -1
4 1.0531250000e+05 5.0000000000e-01 843 1844 1843 842 841 -1 843 -1
4 1.0543750000e+05 5.0000000000e-01 844 1845 1844 843 842 -1 844 -1
4 1.0556250000e+05 5.0000000000e-01 845 1846 1845 844 843 -1 845 -1
4 1.0568750000e+05 5.0000000000e-01 846 1847 1846 845 844 -1 846 -1
4 1.0581250000e+05 5.0000000000e-01 847 1848 1847 846 845 -1 847 -1
4 1.0593750000e+05 5.0000000000e-01 848 1849 1848 847 846 -1 848 -1
4 1.0606250000e+05 5.0000000000e-01 849 1850 1849 848 847 -1 849 -1
4 1.0618750000e+05 5.0000000000e-01 850 1851 1850 849 848 -1 850 -1
4 1.0631250000e+05 5.0000000000e-01 851 1852 1851 850 849 -1 851 -1
4 1.0643750000e+05 5.0000000000e-01 852 1853 1852 851 850 -1 852 -1
4 1.0656250000e+05 5.0000000000e-01 853 1854 1853 852 851 -1 853 -1
4 1.0668750000e+05 5.0000000000e-01 854 1855 1854 853 852 -1 854 -1
4 1.0681250000e+05 5.0000000000e-01 855 1856 1855 854 853 -1 855 -1
4 1.0693750000e+05 5.0000000000e-01 856 1857 1856 855 854 -1 856 -1
4 1.0706250000e+05 5.0000000000e-01 857 1858 1857 856 855 -1 857 -1
4 1.0718750000e+05 5.0000000000e-01 858 1859 1858 857 856 -1 858 -1
4 1.0731250000e+05 5.0000000000e-01 859 1860 1859 858 857 -1 859 -1
4 1.0743750000e+05 5.0000000000e-01 860 1861 1860 859 858 -1 860 -1
4 1.0756250000e+05 5.0000000000e-01 861 1862 1861 860 859 -1 861 -1
4 1.0768750000e+05 5.0000000000e-01 862 1863 1862 861 860 -1 862 -1
4 1.0781250000e+05 5.0000000000e-01 863 1864 1863 862 861 -1 863 -1
4 1.0793750000e+05 5.0000000000e-01 864 1865 1864 863 862 -1 864 -1
4 1.0806250000e+05 5.0000000000e-01 865 1866 1865 864 863 -1 865 -1
4 1.0818750000e+05 5.0000000000e-01 866 1867 1866 865 864 -1 866 -1
4 1.0831250000e+05 5.0000000000e-01 867 1868 1867 866 865 -1 867 -1
4 1.0843750000e+05 5.0000000000e-01 868 1869 1868 867 866 -1 868 -1
4 1.0856250000e+05 5.0000000000e-01 869 1870 1869 868 867 -1 869 -1
4 1.0868750000e+05 5.0000000000e-01 870 1871 1870 869 868 -1 870 -1
4 1.0881250000e+05 5.0000000000e-01 871 1872 1871 870 869 -1 871 -1
4 1.0893750000e+05 5.0000000000e-01 872 1873 1872 871 870 -1 872 -1
4 1.0906250000e+05 5.0000000000e-01 873 1874 1873 872 871 -1 873 -1
4 1.0918750000e+05 5.0000000000e-01 874 1875 1874 873 872 -1 874 -1
4 1.0931250000e+05 5.0000000000e-01 875 1876 1875 874 873 -1 875 -1
4 1.0943750000e+05 5.0000000000e-01 876 1877 1876 875 874 -1 876 -1
4 1.0956250000e+05 5.0000000000e-01 877 1878 1877 876 875 -1 877 -1
4 1.0968750000e+05 5.0000000000e-01 878 1879 1878 877 876 -1 878 -1
4 1.0981250000e+05 5.0000000000e-01 879 1880 1879 878 877 -1 879 -1
4 1.0993750000e+05 5.0000000000e-01 880 1881 1880 879 878 -1 880 -1
4 1.1006250000e+05 5.0000000000e-01 881 1882 1881 880 879 -1 881 -1
4 1.1018750000e+05 5.0000000000e-01 882 1883 1882 881 880 -1 882 -1
4 1.1031250000e+05 5.0000000000e-01 883 1884 1883 882 881 -1 883 -1
4 1.1043750000e+05 5.0000000000e-01 884 1885 1884 883 882 -1 884 -1
4 1.1056250000e+05 5.0000000000e-01 885 1886 1885 884 883 -1 885 -1
4 1.1068750000e+05 5.0000000000e-01 886 1887 1886 885 884 -1 886 -1
4 1.1081250000e+05 5.0000000000e-01 887 1888 1887 886 885 -1 887 -1
4 1.1093750000e+05 5.0000000000e-01 888 1889 1888 887 886 -1 888 -1
4 1.1106250000e+05 5.0000000000e-01 889 1890 1889 888 887 -1 889 -1
4 1.1118750000e+05 5.0000000000e-01 890 1891 1890 889 888 -1 890 -1
4 1.1131250000e+05 5.0000000000e-01 891 1892 1891 890 889 -1 891 -1
4 1.1143750000e+05 5.0000000000e-01 892 1893 1892 891 890 -1 892 -1
4 1.1156250000e+05 5.0000000000e-01 893 1894 1893 892 891 -1 893 -1
4 1.1168750000e+05 5.0000000000e-01 894 1895 1894 893 892 -1 894 -1
4 1.1181250000e+05 5.0000000000e-01 895 1896 1895 894 893 -1 895 -1
4 1.1193750000e+05 5.0000000000e-01 896 1897 1896 895 894 -1 896 -1
4 1.1206250000e+05 5.0000000000e-01 897 1898 1897 896 895 -1 897 -1
4 1.1218750000e+05 5.0000000000e-01 898 1899 1898 897 896 -1 898 -1
4 1.1231250000e+05 5.0000000000e-01 899 1900 1899 898 897 -1 899 -1
4 1.1243750000e+05 5.0000000000e-01 900 1901 1900 899 898 -1 900 -1
4 1.1256250000e+05 5.0000000000e-01 901 1902 1901 900 899 -1 901 -1
4 1.1268750000e+05 5.0000000000e-01 902 1903 1902 901 900 -1 902 -1
4 1.1281250000e+05 5.0000000000e-01 903 1904 1903 902 901 -1 903 -1
4 1.1293750000e+05 5.0000000000e-01 904 1905 1904 903 902 -1 904 -1
4 1.1306250000e+05 5.0000000000e-01 905 1906 1905 904 903 -1 905 -1
4 1.1318750000e+05 5.0000000000e-01 906 1907 1906 905 904 -1 906 -1
4 1.1331250000e+05 5.0000000000e-01 907 1908 1907 906 905 -1 907 -1
4 1.1343750000e+05 5.0000000000e-01 908 1909 1908 907 906 -1 908 -1
4 1.1356250000e+05 5.0000000000e-01 909 1910 1909 908 907 -1 909 -1
4 1.1368750000e+05 5.0000000000e-01 910 1911 1910 909 908 -1 910 -1
4 1.1381250000e+05 5.0000000000e-01 911 1912 1911 910 909 -1 911 -1
4 1.1393750000e+05 5.0000000000e-01 912 1913 1912 911 910 -1 912 -1
4 1.1406250000e+05 5.0000000000e-01 913 1914 1913 912 911 -1 913 -1
4 1.1418750000e+05 5.0000000000e-01 914 1915 1914 913 912 -1 914 -1
4 1.1431250000e+05 5.0000000000e-01 915 1916 1915 914 913 -1 915 -1
4 1.1443750000e+05 5.0000000000e-01 916 1917 1916 915 914 -1 916 -1
4 1.1456250000e+05 5.0000000000e-01 917 1918 1917 916 915 -1 917 -1
4 1.1468750000e+05 5.0000000000e-01 918 1919 1918 917 916 -1 918 -1
4 1.1481250000e+05 5.0000000000e-01 919 1920 1919 918 917 -1 919 -1
4 1.1493750000e+05 5.0000000000e-01 920 1921 1920 919 918 -1 920 -1
4 1.1506250000e+05 5.0000000000e-01 921 1922 1921 920 919 -1 921 -1
4 1.1518750000e+05 5.0000000000e-01 922 1923 1922 921 920 -1 922 -1
4 1.1531250000e+05 5.0000000000e-01 923 1924 1923 922 921 -1 923 -1
4 1.1543750000e+05 5.0000000000e-01 924 1925 1924 923 922 -1 924 -1
4 1.1556250000e+05 5.0000000000e-01 925 1926 1925 924 923 -1 925 -1
4 1.1568750000e+05 5.0000000000e-01 926 1927 1926 925 924 -1 926 -1
4 1.1581250000e+05 5.0000000000e-01 927 1928 1927 926 925 -1 927 -1
4 1.1593750000e+05 5.0000000000e-01 928 1929 1928 927 926 -1 928 -1
4 1.1606250000e+05 5.0000000000e-01 929 1930 1929 928 927 -1 929 -1
4 1.1618750000e+05 5.0000000000e-01 930 1931 1930 929 928 -1 930 -1
4 1.1631250000e+05 5.0000000000e-01 931 1932 1931 930 929 -1 931 -1
4 1.1643750000e+05 5.0000000000e-01 932 1933 1932 931 930 -1 932 -1
4 1.1656250000e+05 5.0000000000e-01 933 1934 1933 932 931 -1 933 -1
4 1.1668750000e+05 5.0000000000e-01 934 1935 1934 933 932 -1 934 -1
4 1.1681250000e+05 5.0000000000e-01 935 1936 1935 934 933 -1 935 -1
4 1.1693750000e+05 5.0000000000e-01 936 1937 1936 935 934 -1 936 -1
4 1.1706250000e+05 5.0000000000e-01 937 1938 1937 936 935 -1 937 -1
4 1.1718750000e+05 5.0000000000e-01 938 1939 1938 937 936 -1 938 -1
4 1.1731250000e+05 5.0000000000e-01 939 1940 1939 938 937 -1 939 -1
4 1.1743750000e+05 5.0000000000e-01 940 1941 1940 939 938 -1 940 -1
4 1.1756250000e+05 5.0000000000e-01 941 1942 1941 940 939 -1 941 -1
4 1.1768750000e+05 5.0000000000e-01 942 1943 1942 941 940 -1 942 -1
4 1.1781250000e+05 5.0000000000e-01 943 1944 1943 942 941 -1 943 -1
4 1.1793750000e+05 5.0000000000e-01 944 1945 1944 943 942 -1 944 -1
4 1.1806250000e+05 5.0000000000e-01 945 1946 1945 944 943 -1 945 -1
4 1.1818750000e+05 5.0000000000e-01 946 1947 1946 945 944 -1 946 -1
4 1.1831250000e+05 5.0000000000e-01 947 1948 1947 946 945 -1 947 -1
4 1.1843750000e+05 5.0000000000e-01 948 1949 1948 947 946 -1 948 -1
4 1.1856250000e+05 5.0000000000e-01 949 1950 1949 948 947 -1 949 -1
4 1.1868750000e+05 5.0000000000e-01 950 1951 1950 949 948 -1 950 -1
4 1.1881250000e+05 5.0000000000e-01 951 1952 1951 950 949 -1 951 -1
4 1.1893750000e+05 5.0000000000e-01 952 1953 1952 951 950 -1 952 -1
4 1.1906250000e+05 5.0000000000e-01 953 1954 1953 952 951 -1 953 -1
4 1.1918750000e+05 5.0000000000e-01 954 1955 1954 953 952 -1 954 -1
4 1.1931250000e+05 5.0000000000e-01 955 1956 1955 954 953 -1 955 -1
4 1.1943750000e+05 5.0000000000e-01 956 1957 1956 955 954 -1 956 -1
4 1.1956250000e+05 5.0000000000e-01 957 1958 1957 956 955 -1 957 -1
4 1.1968750000e+05 5.0000000000e-01 958 1959 1958 957 956 -1 958 -1
4 1.1981250000e+05 5.0000000000e-01 959 1960 1959 958 957 -1 959 -1
4 1.1993750000e+05 5.0000000000e-01 960 1961 1960 959 958 -1 960 -1
4 1.2006250000e+05 5.0000000000e-01 961 1962 1961 960 959 -1 961 -1
4 1.2018750000e+05 5.0000000000e-01 962 1963 1962 961 960 -1 962 -1
4 1.2031250000e+05 5.0000000000e-01 963 1964 1963 962 961 -1 963 -1
4 1.2043750000e+05 5.0000000000e-01 964 1965 1964 963 962 -1 964 -1
4 1.2056250000e+05 5.0000000000e-01 965 1966 1965 964 963 -1 965 -1
4 1.2068750000e+05 5.0000000000e-01 966 1967 1966 965 964 -1 966 -1
4 1.2081250000e+05 5.0000000000e-01 967 1968 1967 966 965 -1 967 -1
4 1.2093750000e+05 5.0000000000e-01 968 1969 1968 967 966 -1 968 -1
4 1.2106250000e+05 5.0000000000e-01 969 1970 1969 968 967 -1 969 -1
4 1.2118750000e+05 5.0000000000e-01 970 1971 1970 969 968 -1 970 -1
4 1.2131250000e+05 5.0000000000e-01 971 1972 1971 970 969 -1 971 -1
4 1.2143750000e+05 5.0000000000e-01 972 1973 1972 971 970 -1 972 -1
4 1.2156250000e+05 5.0000000000e-01 973 1974 1973 972 971 -1 973 -1
4 1.2168750000e+05 5.0000000000e-01 974 1975 1974 973 972 -1 974 -1
4 1.2181250000e+05 5.0000000000e-01 975 1976 1975 974 973 -1 975 -1
4 1.2193750000e+05 5.0000000000e-01 976 1977 1976 975 974 -1 976 -1
4 1.2206250000e+05 5.0000000000e-01 977 1978 1977 976 975 -1 977 -1
4 1.2218750000e+05 5.0000000000e-01 978 1979 1978 977 976 -1 978 -1
4 1.2231250000e+05 5.0000000000e-01 979 1980 1979 978 977 -1 979 -1
4 1.2243750000e+05 5.0000000000e-01 980 1981 1980 979 978 -1 980 -1
4 1.2256250000e+05 5.0000000000e-01 981 1982 1981 980 979 -1 981 -1
4 1.2268750000e+05 5.0000000000e-01 982 1983 1982 981 980 -1 982 -1
4 1.2281250000e+05 5.0000000000e-01 983 1984 1983 982 981 -1 983 -1
4 1.2293750000e+05 5.0000000000e-01 984 1985 1984 983 982 -1 984 -1
4 1.2306250000e+05 5.0000000000e-01 985 1986 1985 984 983 -1 985 -1
4 1.2318750000e+05 5.0000000000e-01 986 1987 1986 985 984 -1 986 -1
4 1.2331250000e+05 5.0000000000e-01 987 1988 1987 986 985 -1 987 -1
4 1.2343750000e+05 5.0000000000e-01 988 1989 1988 987 986 -1 988 -1
4 1.2356250000e+05 5.0000000000e-01 989 1990 1989 988 987 -1 989 -1
4 1.2368750000e+05 5.0000000000e-01 990 1991 1990 989 988 -1 990 -1
4 1.2381250000e+05 5.0000000000e-01 991 1992 1991 990 989 -1 991 -1
4 1.2393750000e+05 5.0000000000e-01 992 1993 1992 991 990 -1 992 -1
4 1.2406250000e+05 5.0000000000e-01 993 1994 1993 992 991 -1 993 -1
4 1.2418750000e+05 5.0000000000e-01 994 1995 1994 993 992 -1 994 -1
4 1.2431250000e+05 5.0000000000e-01 995 1996 1995 994 993 -1 995 -1
4 1.2443750000e+05 5.0000000000e-01 996 1997 1996 995 994 -1 996 -1
4 1.2456250000e+05 5.0000000000e-01 997 1998 1997 996 995 -1 997 -1
4 1.2468750000e+05 5.0000000000e-01 998 1999 1998 997 996 -1 998 -1
4 1.2481250000e+05 5.0000000000e-01 999 2000 1999 998 997 -1 999 -1
4 1.2493750000e+05 5.0000000000e-01 1000 2001 2000 999 998 -1 -1 -1
