4 5.0000000000e+00 5.0000000000e-01 1 102 101 0 99 100 1 -1
4 1.5000000000e+01 5.0000000000e-01 2 103 102 1 0 101 2 -1
4 2.5000000000e+01 5.0000000000e-01 3 104 103 2 1 102 3 -1
4 3.5000000000e+01 5.0000000000e-01 4 105 104 3 2 103 4 -1
4 4.5000000000e+01 5.0000000000e-01 5 106 105 4 3 104 5 -1
4 5.5000000000e+01 5.0000000000e-01 6 107 106 5 4 105 6 -1
4 6.5000000000e+01 5.0000000000e-01 7 108 107 6 5 106 7 -1
4 7.5000000000e+01 5.0000000000e-01 8 109 108 7 6 107 8 -1
4 8.5000000000e+01 5.0000000000e-01 9 110 109 8 7 108 9 -1
4 9.5000000000e+01 5.0000000000e-01 10 111 110 9 8 109 10 -1
4 1.0500000000e+02 5.0000000000e-01 11 112 111 10 9 110 11 -1
4 1.1500000000e+02 5.0000000000e-01 12 113 112 11 10 111 12 -1
4 1.2500000000e+02 5.0000000000e-01 13 114 113 12 11 112 13 -1
4 1.3500000000e+02 5.0000000000e-01 14 115 114 13 12 113 14 -1
4 1.4500000000e+02 5.0000000000e-01 15 116 115 14 13 114 15 -1
4 1.5500000000e+02 5.0000000000e-01 16 117 116 15 14 115 16 -1
4 1.6500000000e+02 5.0000000000e-01 17 118 117 16 15 116 17 -1
4 1.7500000000e+02 5.0000000000e-01 18 119 118 17 16 117 18 -1
4 1.8500000000e+02 5.0000000000e-01 19 120 119 18 17 118 19 -1
4 1.9500000000e+02 5.0000000000e-01 20 121 120 19 18 119 20 -1
4 2.0500000000e+02 5.0000000000e-01 21 122 121 20 19 120 21 -1
4 2.1500000000e+02 5.0000000000e-01 22 123 122 21 20 121 22 -1
4 2.2500000000e+02 5.0000000000e-01 23 124 123 22 21 122 23 -1
4 2.3500000000e+02 5.0000000000e-01 24 125 124 23 22 123 24 -1
4 2.4500000000e+02 5.0000000000e-01 25 126 125 24 23 124 25 -1
4 2.5500000000e+02 5.0000000000e-01 26 127 126 25 24 125 26 -1
4 2.6500000000e+02 5.0000000000e-01 27 128 127 26 25 126 27 -1
4 2.7500000000e+02 5.0000000000e-01 28 129 128 27 26 127 28 -1
4 2.8500000000e+02 5.0000000000e-01 29 130 129 28 27 128 29 -1
4 2.9500000000e+02 5.0000000000e-01 30 131 130 29 28 129 30 -1
4 3.0500000000e+02 5.0000000000e-01 31 132 131 30 29 130 31 -1
4 3.1500000000e+02 5.0000000000e-01 32 133 132 31 30 131 32 -1
4 3.2500000000e+02 5.0000000000e-01 33 134 133 32 31 132 33 -1
4 3.3500000000e+02 5.0000000000e-01 34 135 134 33 32 133 34 -1
4 3.4500000000e+02 5.0000000000e-01 35 136 135 34 33 134 35 -1
4 3.5500000000e+02 5.0000000000e-01 36 137 136 35 34 135 36 -1
4 3.6500000000e+02 5.0000000000e-01 37 138 137 36 35 136 37 -1
4 3.7500000000e+02 5.0000000000e-01 38 139 138 37 36 137 38 -1
4 3.8500000000e+02 5.0000000000e-01 39 140 139 38 37 138 39 -1
4 3.9500000000e+02 5.0000000000e-01 40 141 140 39 38 139 40 -1
4 4.0500000000e+02 5.0000000000e-01 41 142 141 40 39 140 41 -1
4 4.1500000000e+02 5.0000000000e-01 42 143 142 41 40 141 42 -1
4 4.2500000000e+02 5.0000000000e-01 43 144 143 42 41 142 43 -1
4 4.3500000000e+02 5.0000000000e-01 44 145 144 43 42 143 44 -1
4 4.4500000000e+02 5.0000000000e-01 45 146 145 44 43 144 45 -1
4 4.5500000000e+02 5.0000000000e-01 46 147 146 45 44 145 46 -1
4 4.6500000000e+02 5.0000000000e-01 47 148 147 46 45 146 47 -1
4 4.7500000000e+02 5.0000000000e-01 48 149 148 47 46 147 48 -1
4 4.8500000000e+02 5.0000000000e-01 49 150 149 48 47 148 49 -1
4 4.9500000000e+02 5.0000000000e-01 50 151 150 49 48 149 50 -1
4 5.0500000000e+02 5.0000000000e-01 51 152 151 50 49 150 51 -1
4 5.1500000000e+02 5.0000000000e-01 52 153 152 51 50 151 52 -1
4 5.2500000000e+02 5.0000000000e-01 53 154 153 52 51 152 53 -1
4 5.3500000000e+02 5.0000000000e-01 54 155 154 53 52 153 54 -1
4 5.4500000000e+02 5.0000000000e-01 55 156 155 54 53 154 55 -1
4 5.5500000000e+02 5.0000000000e-01 56 157 156 55 54 155 56 -1
4 5.6500000000e+02 5.0000000000e-01 57 158 157 56 55 156 57 -1
4 5.7500000000e+02 5.0000000000e-01 58 159 158 57 56 157 58 -1
4 5.8500000000e+02 5.0000000000e-01 59 160 159 58 57 158 59 -1
4 5.9500000000e+02 5.0000000000e-01 60 161 160 59 58 159 60 -1
4 6.0500000000e+02 5.0000000000e-01 61 162 161 60 59 160 61 -1
4 6.1500000000e+02 5.0000000000e-01 62 163 162 61 60 161 62 -1
4 6.2500000000e+02 5.0000000000e-01 63 164 163 62 61 162 63 -1
4 6.3500000000e+02 5.0000000000e-01 64 165 164 63 62 163 64 -1
4 6.4500000000e+02 5.0000000000e-01 65 166 165 64 63 164 65 -1
4 6.5500000000e+02 5.0000000000e-01 66 167 166 65 64 165 66 -1
4 6.6500000000e+02 5.0000000000e-01 67 168 167 66 65 166 67 -1
4 6.7500000000e+02 5.0000000000e-01 68 169 168 67 66 167 68 -1
4 6.8500000000e+02 5.0000000000e-01 69 170 169 68 67 168 69 -1
4 6.9500000000e+02 5.0000000000e-01 70 171 170 69 68 169 70 -1
4 7.0500000000e+02 5.0000000000e-01 71 172 171 70 69 170 71 -1
4 7.1500000000e+02 5.0000000000e-01 72 173 172 71 70 171 72 -1
4 7.2500000000e+02 5.0000000000e-01 73 174 173 72 71 172 73 -1
4 7.3500000000e+02 5.0000000000e-01 74 175 174 73 72 173 74 -1
4 7.4500000000e+02 5.0000000000e-01 75 176 175 74 73 174 75 -1
4 7.5500000000e+02 5.0000000000e-01 76 177 176 75 74 175 76 -1
4 7.6500000000e+02 5.0000000000e-01 77 178 177 76 75 176 77 -1
4 7.7500000000e+02 5.0000000000e-01 78 179 178 77 76 177 78 -1
4 7.8500000000e+02 5.0000000000e-01 79 180 179 78 77 178 79 -1
4 7.9500000000e+02 5.0000000000e-01 80 181 180 79 78 179 80 -1
4 8.0500000000e+02 5.0000000000e-01 81 182 181 80 79 180 81 -1
4 8.1500000000e+02 5.0000000000e-01 82 183 182 81 80 181 82 -1
4 8.2500000000e+02 5.0000000000e-01 83 184 183 82 81 182 83 -1
4 8.3500000000e+02 5.0000000000e-01 84 185 184 83 82 183 84 -1
4 8.4500000000e+02 5.0000000000e-01 85 186 185 84 83 184 85 -1
4 8.5500000000e+02 5.0000000000e-01 86 187 186 85 84 185 86 -1
4 8.6500000000e+02 5.0000000000e-01 87 188 187 86 85 186 87 -1
4 8.7500000000e+02 5.0000000000e-01 88 189 188 87 86 187 88 -1
4 8.8500000000e+02 5.0000000000e-01 89 190 189 88 87 188 89 -1
4 8.9500000000e+02 5.0000000000e-01 90 191 190 89 88 189 90 -1
4 9.0500000000e+02 5.0000000000e-01 91 192 191 90 89 190 91 -1
4 9.1500000000e+02 5.0000000000e-01 92 193 192 91 90 191 92 -1
4 9.2500000000e+02 5.0000000000e-01 93 194 193 92 91 192 93 -1
4 9.3500000000e+02 5.0000000000e-01 94 195 194 93 92 193 94 -1
4 9.4500000000e+02 5.0000000000e-01 95 196 195 94 93 194 95 -1
4 9.5500000000e+02 5.0000000000e-01 96 197 196 95 94 195 96 -1
4 9.6500000000e+02 5.0000000000e-01 97 198 197 96 95 196 97 -1
4 9.7500000000e+02 5.0000000000e-01 98 199 198 97 96 197 98 -1
4 9.8500000000e+02 5.0000000000e-01 99 200 199 98 97 198 99 -1
4 9.9500000000e+02 5.0000000000e-01 100 201 200 99 98 199 0 -1
4 5.0000000000e+00 1.5000000000e+00 102 203 202 101 199 200 101 0
4 1.5000000000e+01 1.5000000000e+00 103 204 203 102 100 201 102 1
4 2.5000000000e+01 1.5000000000e+00 104 205 204 103 101 202 103 2
4 3.5000000000e+01 1.5000000000e+00 105 206 205 104 102 203 104 3
4 4.5000000000e+01 1.5000000000e+00 106 207 206 105 103 204 105 4
4 5.5000000000e+01 1.5000000000e+00 107 208 207 106 104 205 106 5
4 6.5000000000e+01 1.5000000000e+00 108 209 208 107 105 206 107 6
4 7.5000000000e+01 1.5000000000e+00 109 210 209 108 106 207 108 7
4 8.5000000000e+01 1.5000000000e+00 110 211 210 109 107 208 109 8
4 9.5000000000e+01 1.5000000000e+00 111 212 211 110 108 209 110 9
4 1.0500000000e+02 1.5000000000e+00 112 213 212 111 109 210 111 10
4 1.1500000000e+02 1.5000000000e+00 113 214 213 112 110 211 112 11
4 1.2500000000e+02 1.5000000000e+00 114 215 214 113 111 212 113 12
4 1.3500000000e+02 1.5000000000e+00 115 216 215 114 112 213 114 13
4 1.4500000000e+02 1.5000000000e+00 116 217 216 115 113 214 115 14
4 1.5500000000e+02 1.5000000000e+00 117 218 217 116 114 215 116 15
4 1.6500000000e+02 1.5000000000e+00 118 219 218 117 115 216 117 16
4 1.7500000000e+02 1.5000000000e+00 119 220 219 118 116 217 118 17
4 1.8500000000e+02 1.5000000000e+00 120 221 220 119 117 218 119 18
4 1.9500000000e+02 1.5000000000e+00 121 222 221 120 118 219 120 19
4 2.0500000000e+02 1.5000000000e+00 122 223 222 121 119 220 121 20
4 2.1500000000e+02 1.5000000000e+00 123 224 223 122 120 221 122 21
4 2.2500000000e+02 1.5000000000e+00 124 225 224 123 121 222 123 22
4 2.3500000000e+02 1.5000000000e+00 125 226 225 124 122 223 124 23
4 2.4500000000e+02 1.5000000000e+00 126 227 226 125 123 224 125 24
4 2.5500000000e+02 1.5000000000e+00 127 228 227 126 124 225 126 25
4 2.6500000000e+02 1.5000000000e+00 128 229 228 127 125 226 127 26
4 2.7500000000e+02 1.5000000000e+00 129 230 229 128 126 227 128 27
4 2.8500000000e+02 1.5000000000e+00 130 231 230 129 127 228 129 28
4 2.9500000000e+02 1.5000000000e+00 131 232 231 130 128 229 130 29
4 3.0500000000e+02 1.5000000000e+00 132 233 232 131 129 230 131 30
4 3.1500000000e+02 1.5000000000e+00 133 234 233 132 130 231 132 31
4 3.2500000000e+02 1.5000000000e+00 134 235 234 133 131 232 133 32
4 3.3500000000e+02 1.5000000000e+00 135 236 235 134 132 233 134 33
4 3.4500000000e+02 1.5000000000e+00 136 237 236 135 133 234 135 34
4 3.5500000000e+02 1.5000000000e+00 137 238 237 136 134 235 136 35
4 3.6500000000e+02 1.5000000000e+00 138 239 238 137 135 236 137 36
4 3.7500000000e+02 1.5000000000e+00 139 240 239 138 136 237 138 37
4 3.8500000000e+02 1.5000000000e+00 140 241 240 139 137 238 139 38
4 3.9500000000e+02 1.5000000000e+00 141 242 241 140 138 239 140 39
4 4.0500000000e+02 1.5000000000e+00 142 243 242 141 139 240 141 40
4 4.1500000000e+02 1.5000000000e+00 143 244 243 142 140 241 142 41
4 4.2500000000e+02 1.5000000000e+00 144 245 244 143 141 242 143 42
4 4.3500000000e+02 1.5000000000e+00 145 246 245 144 142 243 144 43
4 4.4500000000e+02 1.5000000000e+00 146 247 246 145 143 244 145 44
4 4.5500000000e+02 1.5000000000e+00 147 248 247 146 144 245 146 45
4 4.6500000000e+02 1.5000000000e+00 148 249 248 147 145 246 147 46
4 4.7500000000e+02 1.5000000000e+00 149 250 249 148 146 247 148 47
4 4.8500000000e+02 1.5000000000e+00 150 251 250 149 147 248 149 48
4 4.9500000000e+02 1.5000000000e+00 151 252 251 150 148 249 150 49
4 5.0500000000e+02 1.5000000000e+00 152 253 252 151 149 250 151 50
4 5.1500000000e+02 1.5000000000e+00 153 254 253 152 150 251 152 51
4 5.2500000000e+02 1.5000000000e+00 154 255 254 153 151 252 153 52
4 5.3500000000e+02 1.5000000000e+00 155 256 255 154 152 253 154 53
4 5.4500000000e+02 1.5000000000e+00 156 257 256 155 153 254 155 54
4 5.5500000000e+02 1.5000000000e+00 157 258 257 156 154 255 156 55
4 5.6500000000e+02 1.5000000000e+00 158 259 258 157 155 256 157 56
4 5.7500000000e+02 1.5000000000e+00 159 260 259 158 156 257 158 57
4 5.8500000000e+02 1.5000000000e+00 160 261 260 159 157 258 159 58
4 5.9500000000e+02 1.5000000000e+00 161 262 261 160 158 259 160 59
4 6.0500000000e+02 1.5000000000e+00 162 263 262 161 159 260 161 60
4 6.1500000000e+02 1.5000000000e+00 163 264 263 162 160 261 162 61
4 6.2500000000e+02 1.5000000000e+00 164 265 264 163 161 262 163 62
4 6.3500000000e+02 1.5000000000e+00 165 266 265 164 162 263 164 63
4 6.4500000000e+02 1.5000000000e+00 166 267 266 165 163 264 165 64
4 6.5500000000e+02 1.5000000000e+00 167 268 267 166 164 265 166 65
4 6.6500000000e+02 1.5000000000e+00 168 269 268 167 165 266 167 66
4 6.7500000000e+02 1.5000000000e+00 169 270 269 168 166 267 168 67
4 6.8500000000e+02 1.5000000000e+00 170 271 270 169 167 268 169 68
4 6.9500000000e+02 1.5000000000e+00 171 272 271 170 168 269 170 69
4 7.0500000000e+02 1.5000000000e+00 172 273 272 171 169 270 171 70
4 7.1500000000e+02 1.5000000000e+00 173 274 273 172 170 271 172 71
4 7.2500000000e+02 1.5000000000e+00 174 275 274 173 171 272 173 72
4 7.3500000000e+02 1.5000000000e+00 175 276 275 174 172 273 174 73
4 7.4500000000e+02 1.5000000000e+00 176 277 276 175 173 274 175 74
4 7.5500000000e+02 1.5000000000e+00 177 278 277 176 174 275 176 75
4 7.6500000000e+02 1.5000000000e+00 178 279 278 177 175 276 177 76
4 7.7500000000e+02 1.5000000000e+00 179 280 279 178 176 277 178 77
4 7.8500000000e+02 1.5000000000e+00 180 281 280 179 177 278 179 78
4 7.9500000000e+02 1.5000000000e+00 181 282 281 180 178 279 180 79
4 8.0500000000e+02 1.5000000000e+00 182 283 282 181 179 280 181 80
4 8.1500000000e+02 1.5000000000e+00 183 284 283 182 180 281 182 81
4 8.2500000000e+02 1.5000000000e+00 184 285 284 183 181 282 183 82
4 8.3500000000e+02 1.5000000000e+00 185 286 285 184 182 283 184 83
4 8.4500000000e+02 1.5000000000e+00 186 287 286 185 183 284 185 84
4 8.5500000000e+02 1.5000000000e+00 187 288 287 186 184 285 186 85
4 8.6500000000e+02 1.5000000000e+00 188 289 288 187 185 286 187 86
4 8.7500000000e+02 1.5000000000e+00 189 290 289 188 186 287 188 87
4 8.8500000000e+02 1.5000000000e+00 190 291 290 189 187 288 189 88
4 8.9500000000e+02 1.5000000000e+00 191 292 291 190 188 289 190 89
4 9.0500000000e+02 1.5000000000e+00 192 293 292 191 189 290 191 90
4 9.1500000000e+02 1.5000000000e+00 193 294 293 192 190 291 192 91
4 9.2500000000e+02 1.5000000000e+00 194 295 294 193 191 292 193 92
4 9.3500000000e+02 1.5000000000e+00 195 296 295 194 192 293 194 93
4 9.4500000000e+02 1.5000000000e+00 196 297 296 195 193 294 195 94
4 9.5500000000e+02 1.5000000000e+00 197 298 297 196 194 295 196 95
4 9.6500000000e+02 1.5000000000e+00 198 299 298 197 195 296 197 96
4 9.7500000000e+02 1.5000000000e+00 199 300 299 198 196 297 198 97
4 9.8500000000e+02 1.5000000000e+00 200 301 300 199 197 298 199 98
4 9.9500000000e+02 1.5000000000e+00 201 302 301 200 198 299 100 99
4 5.0000000000e+00 2.5000000000e+00 203 304 303 202 299 300 201 100
4 1.5000000000e+01 2.5000000000e+00 204 305 304 203 200 301 202 101
4 2.5000000000e+01 2.5000000000e+00 205 306 305 204 201 302 203 102
4 3.5000000000e+01 2.5000000000e+00 206 307 306 205 202 303 204 103
4 4.5000000000e+01 2.5000000000e+00 207 308 307 206 203 304 205 104
4 5.5000000000e+01 2.5000000000e+00 208 309 308 207 204 305 206 105
4 6.5000000000e+01 2.5000000000e+00 209 310 309 208 205 306 207 106
4 7.5000000000e+01 2.5000000000e+00 210 311 310 209 206 307 208 107
4 8.5000000000e+01 2.5000000000e+00 211 312 311 210 207 308 209 108
4 9.5000000000e+01 2.5000000000e+00 212 313 312 211 208 309 210 109
4 1.0500000000e+02 2.5000000000e+00 213 314 313 212 209 310 211 110
4 1.1500000000e+02 2.5000000000e+00 214 315 314 213 210 311 212 111
4 1.2500000000e+02 2.5000000000e+00 215 316 315 214 211 312 213 112
4 1.3500000000e+02 2.5000000000e+00 216 317 316 215 212 313 214 113
4 1.4500000000e+02 2.5000000000e+00 217 318 317 216 213 314 215 114
4 1.5500000000e+02 2.5000000000e+00 218 319 318 217 214 315 216 115
4 1.6500000000e+02 2.5000000000e+00 219 320 319 218 215 316 217 116
4 1.7500000000e+02 2.5000000000e+00 220 321 320 219 216 317 218 117
4 1.8500000000e+02 2.5000000000e+00 221 322 321 220 217 318 219 118
4 1.9500000000e+02 2.5000000000e+00 222 323 322 221 218 319 220 119
4 2.0500000000e+02 2.5000000000e+00 223 324 323 222 219 320 221 120
4 2.1500000000e+02 2.5000000000e+00 224 325 324 223 220 321 222 121
4 2.2500000000e+02 2.5000000000e+00 225 326 325 224 221 322 223 122
4 2.3500000000e+02 2.5000000000e+00 226 327 326 225 222 323 224 123
4 2.4500000000e+02 2.5000000000e+00 227 328 327 226 223 324 225 124
4 2.5500000000e+02 2.5000000000e+00 228 329 328 227 224 325 226 125
4 2.6500000000e+02 2.5000000000e+00 229 330 329 228 225 326 227 126
4 2.7500000000e+02 2.5000000000e+00 230 331 330 229 226 327 228 127
4 2.8500000000e+02 2.5000000000e+00 231 332 331 230 227 328 229 128
4 2.9500000000e+02 2.5000000000e+00 232 333 332 231 228 329 230 129
4 3.0500000000e+02 2.5000000000e+00 233 334 333 232 229 330 231 130
4 3.1500000000e+02 2.5000000000e+00 234 335 334 233 230 331 232 131
4 3.2500000000e+02 2.5000000000e+00 235 336 335 234 231 332 233 132
4 3.3500000000e+02 2.5000000000e+00 236 337 336 235 232 333 234 133
4 3.4500000000e+02 2.5000000000e+00 237 338 337 236 233 334 235 134
4 3.5500000000e+02 2.5000000000e+00 238 339 338 237 234 335 236 135
4 3.6500000000e+02 2.5000000000e+00 239 340 339 238 235 336 237 136
4 3.7500000000e+02 2.5000000000e+00 240 341 340 239 236 337 238 137
4 3.8500000000e+02 2.5000000000e+00 241 342 341 240 237 338 239 138
4 3.9500000000e+02 2.5000000000e+00 242 343 342 241 238 339 240 139
4 4.0500000000e+02 2.5000000000e+00 243 344 343 242 239 340 241 140
4 4.1500000000e+02 2.5000000000e+00 244 345 344 243 240 341 242 141
4 4.2500000000e+02 2.5000000000e+00 245 346 345 244 241 342 243 142
4 4.3500000000e+02 2.5000000000e+00 246 347 346 245 242 343 244 143
4 4.4500000000e+02 2.5000000000e+00 247 348 347 246 243 344 245 144
4 4.5500000000e+02 2.5000000000e+00 248 349 348 247 244 345 246 145
4 4.6500000000e+02 2.5000000000e+00 249 350 349 248 245 346 247 146
4 4.7500000000e+02 2.5000000000e+00 250 351 350 249 246 347 248 147
4 4.8500000000e+02 2.5000000000e+00 251 352 351 250 247 348 249 148
4 4.9500000000e+02 2.5000000000e+00 252 353 352 251 248 349 250 149
4 5.0500000000e+02 2.5000000000e+00 253 354 353 252 249 350 251 150
4 5.1500000000e+02 2.5000000000e+00 254 355 354 253 250 351 252 151
4 5.2500000000e+02 2.5000000000e+00 255 356 355 254 251 352 253 152
4 5.3500000000e+02 2.5000000000e+00 256 357 356 255 252 353 254 153
4 5.4500000000e+02 2.5000000000e+00 257 358 357 256 253 354 255 154
4 5.5500000000e+02 2.5000000000e+00 258 359 358 257 254 355 256 155
4 5.6500000000e+02 2.5000000000e+00 259 360 359 258 255 356 257 156
4 5.7500000000e+02 2.5000000000e+00 260 361 360 259 256 357 258 157
4 5.8500000000e+02 2.5000000000e+00 261 362 361 260 257 358 259 158
4 5.9500000000e+02 2.5000000000e+00 262 363 362 261 258 359 260 159
4 6.0500000000e+02 2.5000000000e+00 263 364 363 262 259 360 261 160
4 6.1500000000e+02 2.5000000000e+00 264 365 364 263 260 361 262 161
4 6.2500000000e+02 2.5000000000e+00 265 366 365 264 261 362 263 162
4 6.3500000000e+02 2.5000000000e+00 266 367 366 265 262 363 264 163
4 6.4500000000e+02 2.5000000000e+00 267 368 367 266 263 364 265 164
4 6.5500000000e+02 2.5000000000e+00 268 369 368 267 264 365 266 165
4 6.6500000000e+02 2.5000000000e+00 269 370 369 268 265 366 267 166
4 6.7500000000e+02 2.5000000000e+00 270 371 370 269 266 367 268 167
4 6.8500000000e+02 2.5000000000e+00 271 372 371 270 267 368 269 168
4 6.9500000000e+02 2.5000000000e+00 272 373 372 271 268 369 270 169
4 7.0500000000e+02 2.5000000000e+00 273 374 373 272 269 370 271 170
4 7.1500000000e+02 2.5000000000e+00 274 375 374 273 270 371 272 171
4 7.2500000000e+02 2.5000000000e+00 275 376 375 274 271 372 273 172
4 7.3500000000e+02 2.5000000000e+00 276 377 376 275 272 373 274 173
4 7.4500000000e+02 2.5000000000e+00 277 378 377 276 273 374 275 174
4 7.5500000000e+02 2.5000000000e+00 278 379 378 277 274 375 276 175
4 7.6500000000e+02 2.5000000000e+00 279 380 379 278 275 376 277 176
4 7.7500000000e+02 2.5000000000e+00 280 381 380 279 276 377 278 177
4 7.8500000000e+02 2.5000000000e+00 281 382 381 280 277 378 279 178
4 7.9500000000e+02 2.5000000000e+00 282 383 382 281 278 379 280 179
4 8.0500000000e+02 2.5000000000e+00 283 384 383 282 279 380 281 180
4 8.1500000000e+02 2.5000000000e+00 284 385 384 283 280 381 282 181
4 8.2500000000e+02 2.5000000000e+00 285 386 385 284 281 382 283 182
4 8.3500000000e+02 2.5000000000e+00 286 387 386 285 282 383 284 183
4 8.4500000000e+02 2.5000000000e+00 287 388 387 286 283 384 285 184
4 8.5500000000e+02 2.5000000000e+00 288 389 388 287 284 385 286 185
4 8.6500000000e+02 2.5000000000e+00 289 390 389 288 285 386 287 186
4 8.7500000000e+02 2.5000000000e+00 290 391 390 289 286 387 288 187
4 8.8500000000e+02 2.5000000000e+00 291 392 391 290 287 388 289 188
4 8.9500000000e+02 2.5000000000e+00 292 393 392 291 288 389 290 189
4 9.0500000000e+02 2.5000000000e+00 293 394 393 292 289 390 291 190
4 9.1500000000e+02 2.5000000000e+00 294 395 394 293 290 391 292 191
4 9.2500000000e+02 2.5000000000e+00 295 396 395 294 291 392 293 192
4 9.3500000000e+02 2.5000000000e+00 296 397 396 295 292 393 294 193
4 9.4500000000e+02 2.5000000000e+00 297 398 397 296 293 394 295 194
4 9.5500000000e+02 2.5000000000e+00 298 399 398 297 294 395 296 195
4 9.6500000000e+02 2.5000000000e+00 299 400 399 298 295 396 297 196
4 9.7500000000e+02 2.5000000000e+00 300 401 400 299 296 397 298 197
4 9.8500000000e+02 2.5000000000e+00 301 402 401 300 297 398 299 198
4 9.9500000000e+02 2.5000000000e+00 302 403 402 301 298 399 200 199
4 5.0000000000e+00 3.5000000000e+00 304 405 404 303 399 400 301 200
4 1.5000000000e+01 3.5000000000e+00 305 406 405 304 300 401 302 201
4 2.5000000000e+01 3.5000000000e+00 306 407 406 305 301 402 303 202
4 3.5000000000e+01 3.5000000000e+00 307 408 407 306 302 403 304 203
4 4.5000000000e+01 3.5000000000e+00 308 409 408 307 303 404 305 204
4 5.5000000000e+01 3.5000000000e+00 309 410 409 308 304 405 306 205
4 6.5000000000e+01 3.5000000000e+00 310 411 410 309 305 406 307 206
4 7.5000000000e+01 3.5000000000e+00 311 412 411 310 306 407 308 207
4 8.5000000000e+01 3.5000000000e+00 312 413 412 311 307 408 309 208
4 9.5000000000e+01 3.5000000000e+00 313 414 413 312 308 409 310 209
4 1.0500000000e+02 3.5000000000e+00 314 415 414 313 309 410 311 210
4 1.1500000000e+02 3.5000000000e+00 315 416 415 314 310 411 312 211
4 1.2500000000e+02 3.5000000000e+00 316 417 416 315 311 412 313 212
4 1.3500000000e+02 3.5000000000e+00 317 418 417 316 312 413 314 213
4 1.4500000000e+02 3.5000000000e+00 318 419 418 317 313 414 315 214
4 1.5500000000e+02 3.5000000000e+00 319 420 419 318 314 415 316 215
4 1.6500000000e+02 3.5000000000e+00 320 421 420 319 315 416 317 216
4 1.7500000000e+02 3.5000000000e+00 321 422 421 320 316 417 318 217
4 1.8500000000e+02 3.5000000000e+00 322 423 422 321 317 418 319 218
4 1.9500000000e+02 3.5000000000e+00 323 424 423 322 318 419 320 219
4 2.0500000000e+02 3.5000000000e+00 324 425 424 323 319 420 321 220
4 2.1500000000e+02 3.5000000000e+00 325 426 425 324 320 421 322 221
4 2.2500000000e+02 3.5000000000e+00 326 427 426 325 321 422 323 222
4 2.3500000000e+02 3.5000000000e+00 327 428 427 326 322 423 324 223
4 2.4500000000e+02 3.5000000000e+00 328 429 428 327 323 424 325 224
4 2.5500000000e+02 3.5000000000e+00 329 430 429 328 324 425 326 225
4 2.6500000000e+02 3.5000000000e+00 330 431 430 329 325 426 327 226
4 2.7500000000e+02 3.5000000000e+00 331 432 431 330 326 427 328 227
4 2.8500000000e+02 3.5000000000e+00 332 433 432 331 327 428 329 228
4 2.9500000000e+02 3.5000000000e+00 333 434 433 332 328 429 330 229
4 3.0500000000e+02 3.5000000000e+00 334 435 434 333 329 430 331 230
4 3.1500000000e+02 3.5000000000e+00 335 436 435 334 330 431 332 231
4 3.2500000000e+02 3.5000000000e+00 336 437 436 335 331 432 333 232
4 3.3500000000e+02 3.5000000000e+00 337 438 437 336 332 433 334 233
4 3.4500000000e+02 3.5000000000e+00 338 439 438 337 333 434 335 234
4 3.5500000000e+02 3.5000000000e+00 339 440 439 338 334 435 336 235
4 3.6500000000e+02 3.5000000000e+00 340 441 440 339 335 436 337 236
4 3.7500000000e+02 3.5000000000e+00 341 442 441 340 336 437 338 237
4 3.8500000000e+02 3.5000000000e+00 342 443 442 341 337 438 339 238
4 3.9500000000e+02 3.5000000000e+00 343 444 443 342 338 439 340 239
4 4.0500000000e+02 3.5000000000e+00 344 445 444 343 339 440 341 240
4 4.1500000000e+02 3.5000000000e+00 345 446 445 344 340 441 342 241
4 4.2500000000e+02 3.5000000000e+00 346 447 446 345 341 442 343 242
4 4.3500000000e+02 3.5000000000e+00 347 448 447 346 342 443 344 243
4 4.4500000000e+02 3.5000000000e+00 348 449 448 347 343 444 345 244
4 4.5500000000e+02 3.5000000000e+00 349 450 449 348 344 445 346 245
4 4.6500000000e+02 3.5000000000e+00 350 451 450 349 345 446 347 246
4 4.7500000000e+02 3.5000000000e+00 351 452 451 350 346 447 348 247
4 4.8500000000e+02 3.5000000000e+00 352 453 452 351 347 448 349 248
4 4.9500000000e+02 3.5000000000e+00 353 454 453 352 348 449 350 249
4 5.0500000000e+02 3.5000000000e+00 354 455 454 353 349 450 351 250
4 5.1500000000e+02 3.5000000000e+00 355 456 455 354 350 451 352 251
4 5.2500000000e+02 3.5000000000e+00 356 457 456 355 351 452 353 252
4 5.3500000000e+02 3.5000000000e+00 357 458 457 356 352 453 354 253
4 5.4500000000e+02 3.5000000000e+00 358 459 458 357 353 454 355 254
4 5.5500000000e+02 3.5000000000e+00 359 460 459 358 354 455 356 255
4 5.6500000000e+02 3.5000000000e+00 360 461 460 359 355 456 357 256
4 5.7500000000e+02 3.5000000000e+00 361 462 461 360 356 457 358 257
4 5.8500000000e+02 3.5000000000e+00 362 463 462 361 357 458 359 258
4 5.9500000000e+02 3.5000000000e+00 363 464 463 362 358 459 360 259
4 6.0500000000e+02 3.5000000000e+00 364 465 464 363 359 460 361 260
4 6.1500000000e+02 3.5000000000e+00 365 466 465 364 360 461 362 261
4 6.2500000000e+02 3.5000000000e+00 366 467 466 365 361 462 363 262
4 6.3500000000e+02 3.5000000000e+00 367 468 467 366 362 463 364 263
4 6.4500000000e+02 3.5000000000e+00 368 469 468 367 363 464 365 264
4 6.5500000000e+02 3.5000000000e+00 369 470 469 368 364 465 366 265
4 6.6500000000e+02 3.5000000000e+00 370 471 470 369 365 466 367 266
4 6.7500000000e+02 3.5000000000e+00 371 472 471 370 366 467 368 267
4 6.8500000000e+02 3.5000000000e+00 372 473 472 371 367 468 369 268
4 6.9500000000e+02 3.5000000000e+00 373 474 473 372 368 469 370 269
4 7.0500000000e+02 3.5000000000e+00 374 475 474 373 369 470 371 270
4 7.1500000000e+02 3.5000000000e+00 375 476 475 374 370 471 372 271
4 7.2500000000e+02 3.5000000000e+00 376 477 476 375 371 472 373 272
4 7.3500000000e+02 3.5000000000e+00 377 478 477 376 372 473 374 273
4 7.4500000000e+02 3.5000000000e+00 378 479 478 377 373 474 375 274
4 7.5500000000e+02 3.5000000000e+00 379 480 479 378 374 475 376 275
4 7.6500000000e+02 3.5000000000e+00 380 481 480 379 375 476 377 276
4 7.7500000000e+02 3.5000000000e+00 381 482 481 380 376 477 378 277
4 7.8500000000e+02 3.5000000000e+00 382 483 482 381 377 478 379 278
4 7.9500000000e+02 3.5000000000e+00 383 484 483 382 378 479 380 279
4 8.0500000000e+02 3.5000000000e+00 384 485 484 383 379 480 381 280
4 8.1500000000e+02 3.5000000000e+00 385 486 485 384 380 481 382 281
4 8.2500000000e+02 3.5000000000e+00 386 487 486 385 381 482 383 282
4 8.3500000000e+02 3.5000000000e+00 387 488 487 386 382 483 384 283
4 8.4500000000e+02 3.5000000000e+00 388 489 488 387 383 484 385 284
4 8.5500000000e+02 3.5000000000e+00 389 490 489 388 384 485 386 285
4 8.6500000000e+02 3.5000000000e+00 390 491 490 389 385 486 387 286
4 8.7500000000e+02 3.5000000000e+00 391 492 491 390 386 487 388 287
4 8.8500000000e+02 3.5000000000e+00 392 493 492 391 387 488 389 288
4 8.9500000000e+02 3.5000000000e+00 393 494 493 392 388 489 390 289
4 9.0500000000e+02 3.5000000000e+00 394 495 494 393 389 490 391 290
4 9.1500000000e+02 3.5000000000e+00 395 496 495 394 390 491 392 291
4 9.2500000000e+02 3.5000000000e+00 396 497 496 395 391 492 393 292
4 9.3500000000e+02 3.5000000000e+00 397 498 497 396 392 493 394 293
4 9.4500000000e+02 3.5000000000e+00 398 499 498 397 393 494 395 294
4 9.5500000000e+02 3.5000000000e+00 399 500 499 398 394 495 396 295
4 9.6500000000e+02 3.5000000000e+00 400 501 500 399 395 496 397 296
4 9.7500000000e+02 3.5000000000e+00 401 502 501 400 396 497 398 297
4 9.8500000000e+02 3.5000000000e+00 402 503 502 401 397 498 399 298
4 9.9500000000e+02 3.5000000000e+00 403 504 503 402 398 499 300 299
4 5.0000000000e+00 4.5000000000e+00 405 506 505 404 499 500 401 300
4 1.5000000000e+01 4.5000000000e+00 406 507 506 405 400 501 402 301
4 2.5000000000e+01 4.5000000000e+00 407 508 507 406 401 502 403 302
4 3.5000000000e+01 4.5000000000e+00 408 509 508 407 402 503 404 303
4 4.5000000000e+01 4.5000000000e+00 409 510 509 408 403 504 405 304
4 5.5000000000e+01 4.5000000000e+00 410 511 510 409 404 505 406 305
4 6.5000000000e+01 4.5000000000e+00 411 512 511 410 405 506 407 306
4 7.5000000000e+01 4.5000000000e+00 412 513 512 411 406 507 408 307
4 8.5000000000e+01 4.5000000000e+00 413 514 513 412 407 508 409 308
4 9.5000000000e+01 4.5000000000e+00 414 515 514 413 408 509 410 309
4 1.0500000000e+02 4.5000000000e+00 415 516 515 414 409 510 411 310
4 1.1500000000e+02 4.5000000000e+00 416 517 516 415 410 511 412 311
4 1.2500000000e+02 4.5000000000e+00 417 518 517 416 411 512 413 312
4 1.3500000000e+02 4.5000000000e+00 418 519 518 417 412 513 414 313
4 1.4500000000e+02 4.5000000000e+00 419 520 519 418 413 514 415 314
4 1.5500000000e+02 4.5000000000e+00 420 521 520 419 414 515 416 315
4 1.6500000000e+02 4.5000000000e+00 421 522 521 420 415 516 417 316
4 1.7500000000e+02 4.5000000000e+00 422 523 522 421 416 517 418 317
4 1.8500000000e+02 4.5000000000e+00 423 524 523 422 417 518 419 318
4 1.9500000000e+02 4.5000000000e+00 424 525 524 423 418 519 420 319
4 2.0500000000e+02 4.5000000000e+00 425 526 525 424 419 520 421 320
4 2.1500000000e+02 4.5000000000e+00 426 527 526 425 420 521 422 321
4 2.2500000000e+02 4.5000000000e+00 427 528 527 426 421 522 423 322
4 2.3500000000e+02 4.5000000000e+00 428 529 528 427 422 523 424 323
4 2.4500000000e+02 4.5000000000e+00 429 530 529 428 423 524 425 324
4 2.5500000000e+02 4.5000000000e+00 430 531 530 429 424 525 426 325
4 2.6500000000e+02 4.5000000000e+00 431 532 531 430 425 526 427 326
4 2.7500000000e+02 4.5000000000e+00 432 533 532 431 426 527 428 327
4 2.8500000000e+02 4.5000000000e+00 433 534 533 432 427 528 429 328
4 2.9500000000e+02 4.5000000000e+00 434 535 534 433 428 529 430 329
4 3.0500000000e+02 4.5000000000e+00 435 536 535 434 429 530 431 330
4 3.1500000000e+02 4.5000000000e+00 436 537 536 435 430 531 432 331
4 3.2500000000e+02 4.5000000000e+00 437 538 537 436 431 532 433 332
4 3.3500000000e+02 4.5000000000e+00 438 539 538 437 432 533 434 333
4 3.4500000000e+02 4.5000000000e+00 439 540 539 438 433 534 435 334
4 3.5500000000e+02 4.5000000000e+00 440 541 540 439 434 535 436 335
4 3.6500000000e+02 4.5000000000e+00 441 542 541 440 435 536 437 336
4 3.7500000000e+02 4.5000000000e+00 442 543 542 441 436 537 438 337
4 3.8500000000e+02 4.5000000000e+00 443 544 543 442 437 538 439 338
4 3.9500000000e+02 4.5000000000e+00 444 545 544 443 438 539 440 339
4 4.0500000000e+02 4.5000000000e+00 445 546 545 444 439 540 441 340
4 4.1500000000e+02 4.5000000000e+00 446 547 546 445 440 541 442 341
4 4.2500000000e+02 4.5000000000e+00 447 548 547 446 441 542 443 342
4 4.3500000000e+02 4.5000000000e+00 448 549 548 447 442 543 444 343
4 4.4500000000e+02 4.5000000000e+00 449 550 549 448 443 544 445 344
4 4.5500000000e+02 4.5000000000e+00 450 551 550 449 444 545 446 345
4 4.6500000000e+02 4.5000000000e+00 451 552 551 450 445 546 447 346
4 4.7500000000e+02 4.5000000000e+00 452 553 552 451 446 547 448 347
4 4.8500000000e+02 4.5000000000e+00 453 554 553 452 447 548 449 348
4 4.9500000000e+02 4.5000000000e+00 454 555 554 453 448 549 450 349
4 5.0500000000e+02 4.5000000000e+00 455 556 555 454 449 550 451 350
4 5.1500000000e+02 4.5000000000e+00 456 557 556 455 450 551 452 351
4 5.2500000000e+02 4.5000000000e+00 457 558 557 456 451 552 453 352
4 5.3500000000e+02 4.5000000000e+00 458 559 558 457 452 553 454 353
4 5.4500000000e+02 4.5000000000e+00 459 560 559 458 453 554 455 354
4 5.5500000000e+02 4.5000000000e+00 460 561 560 459 454 555 456 355
4 5.6500000000e+02 4.5000000000e+00 461 562 561 460 455 556 457 356
4 5.7500000000e+02 4.5000000000e+00 462 563 562 461 456 557 458 357
4 5.8500000000e+02 4.5000000000e+00 463 564 563 462 457 558 459 358
4 5.9500000000e+02 4.5000000000e+00 464 565 564 463 458 559 460 359
4 6.0500000000e+02 4.5000000000e+00 465 566 565 464 459 560 461 360
4 6.1500000000e+02 4.5000000000e+00 466 567 566 465 460 561 462 361
4 6.2500000000e+02 4.5000000000e+00 467 568 567 466 461 562 463 362
4 6.3500000000e+02 4.5000000000e+00 468 569 568 467 462 563 464 363
4 6.4500000000e+02 4.5000000000e+00 469 570 569 468 463 564 465 364
4 6.5500000000e+02 4.5000000000e+00 470 571 570 469 464 565 466 365
4 6.6500000000e+02 4.5000000000e+00 471 572 571 470 465 566 467 366
4 6.7500000000e+02 4.5000000000e+00 472 573 572 471 466 567 468 367
4 6.8500000000e+02 4.5000000000e+00 473 574 573 472 467 568 469 368
4 6.9500000000e+02 4.5000000000e+00 474 575 574 473 468 569 470 369
4 7.0500000000e+02 4.5000000000e+00 475 576 575 474 469 570 471 370
4 7.1500000000e+02 4.5000000000e+00 476 577 576 475 470 571 472 371
4 7.2500000000e+02 4.5000000000e+00 477 578 577 476 471 572 473 372
4 7.3500000000e+02 4.5000000000e+00 478 579 578 477 472 573 474 373
4 7.4500000000e+02 4.5000000000e+00 479 580 579 478 473 574 475 374
4 7.5500000000e+02 4.5000000000e+00 480 581 580 479 474 575 476 375
4 7.6500000000e+02 4.5000000000e+00 481 582 581 480 475 576 477 376
4 7.7500000000e+02 4.5000000000e+00 482 583 582 481 476 577 478 377
4 7.8500000000e+02 4.5000000000e+00 483 584 583 482 477 578 479 378
4 7.9500000000e+02 4.5000000000e+00 484 585 584 483 478 579 480 379
4 8.0500000000e+02 4.5000000000e+00 485 586 585 484 479 580 481 380
4 8.1500000000e+02 4.5000000000e+00 486 587 586 485 480 581 482 381
4 8.2500000000e+02 4.5000000000e+00 487 588 587 486 481 582 483 382
4 8.3500000000e+02 4.5000000000e+00 488 589 588 487 482 583 484 383
4 8.4500000000e+02 4.5000000000e+00 489 590 589 488 483 584 485 384
4 8.5500000000e+02 4.5000000000e+00 490 591 590 489 484 585 486 385
4 8.6500000000e+02 4.5000000000e+00 491 592 591 490 485 586 487 386
4 8.7500000000e+02 4.5000000000e+00 492 593 592 491 486 587 488 387
4 8.8500000000e+02 4.5000000000e+00 493 594 593 492 487 588 489 388
4 8.9500000000e+02 4.5000000000e+00 494 595 594 493 488 589 490 389
4 9.0500000000e+02 4.5000000000e+00 495 596 595 494 489 590 491 390
4 9.1500000000e+02 4.5000000000e+00 496 597 596 495 490 591 492 391
4 9.2500000000e+02 4.5000000000e+00 497 598 597 496 491 592 493 392
4 9.3500000000e+02 4.5000000000e+00 498 599 598 497 492 593 494 393
4 9.4500000000e+02 4.5000000000e+00 499 600 599 498 493 594 495 394
4 9.5500000000e+02 4.5000000000e+00 500 601 600 499 494 595 496 395
4 9.6500000000e+02 4.5000000000e+00 501 602 601 500 495 596 497 396
4 9.7500000000e+02 4.5000000000e+00 502 603 602 501 496 597 498 397
4 9.8500000000e+02 4.5000000000e+00 503 604 603 502 497 598 499 398
4 9.9500000000e+02 4.5000000000e+00 504 605 604 503 498 599 400 399
4 5.0000000000e+00 5.5000000000e+00 506 607 606 505 599 600 501 400
4 1.5000000000e+01 5.5000000000e+00 507 608 607 506 500 601 502 401
4 2.5000000000e+01 5.5000000000e+00 508 609 608 507 501 602 503 402
4 3.5000000000e+01 5.5000000000e+00 509 610 609 508 502 603 504 403
4 4.5000000000e+01 5.5000000000e+00 510 611 610 509 503 604 505 404
4 5.5000000000e+01 5.5000000000e+00 511 612 611 510 504 605 506 405
4 6.5000000000e+01 5.5000000000e+00 512 613 612 511 505 606 507 406
4 7.5000000000e+01 5.5000000000e+00 513 614 613 512 506 607 508 407
4 8.5000000000e+01 5.5000000000e+00 514 615 614 513 507 608 509 408
4 9.5000000000e+01 5.5000000000e+00 515 616 615 514 508 609 510 409
4 1.0500000000e+02 5.5000000000e+00 516 617 616 515 509 610 511 410
4 1.1500000000e+02 5.5000000000e+00 517 618 617 516 510 611 512 411
4 1.2500000000e+02 5.5000000000e+00 518 619 618 517 511 612 513 412
4 1.3500000000e+02 5.5000000000e+00 519 620 619 518 512 613 514 413
4 1.4500000000e+02 5.5000000000e+00 520 621 620 519 513 614 515 414
4 1.5500000000e+02 5.5000000000e+00 521 622 621 520 514 615 516 415
4 1.6500000000e+02 5.5000000000e+00 522 623 622 521 515 616 517 416
4 1.7500000000e+02 5.5000000000e+00 523 624 623 522 516 617 518 417
4 1.8500000000e+02 5.5000000000e+00 524 625 624 523 517 618 519 418
4 1.9500000000e+02 5.5000000000e+00 525 626 625 524 518 619 520 419
4 2.0500000000e+02 5.5000000000e+00 526 627 626 525 519 620 521 420
4 2.1500000000e+02 5.5000000000e+00 527 628 627 526 520 621 522 421
4 2.2500000000e+02 5.5000000000e+00 528 629 628 527 521 622 523 422
4 2.3500000000e+02 5.5000000000e+00 529 630 629 528 522 623 524 423
4 2.4500000000e+02 5.5000000000e+00 530 631 630 529 523 624 525 424
4 2.5500000000e+02 5.5000000000e+00 531 632 631 530 524 625 526 425
4 2.6500000000e+02 5.5000000000e+00 532 633 632 531 525 626 527 426
4 2.7500000000e+02 5.5000000000e+00 533 634 633 532 526 627 528 427
4 2.8500000000e+02 5.5000000000e+00 534 635 634 533 527 628 529 428
4 2.9500000000e+02 5.5000000000e+00 535 636 635 534 528 629 530 429
4 3.0500000000e+02 5.5000000000e+00 536 637 636 535 529 630 531 430
4 3.1500000000e+02 5.5000000000e+00 537 638 637 536 530 631 532 431
4 3.2500000000e+02 5.5000000000e+00 538 639 638 537 531 632 533 432
4 3.3500000000e+02 5.5000000000e+00 539 640 639 538 532 633 534 433
4 3.4500000000e+02 5.5000000000e+00 540 641 640 539 533 634 535 434
4 3.5500000000e+02 5.5000000000e+00 541 642 641 540 534 635 536 435
4 3.6500000000e+02 5.5000000000e+00 542 643 642 541 535 636 537 436
4 3.7500000000e+02 5.5000000000e+00 543 644 643 542 536 637 538 437
4 3.8500000000e+02 5.5000000000e+00 544 645 644 543 537 638 539 438
4 3.9500000000e+02 5.5000000000e+00 545 646 645 544 538 639 540 439
4 4.0500000000e+02 5.5000000000e+00 546 647 646 545 539 640 541 440
4 4.1500000000e+02 5.5000000000e+00 547 648 647 546 540 641 542 441
4 4.2500000000e+02 5.5000000000e+00 548 649 648 547 541 642 543 442
4 4.3500000000e+02 5.5000000000e+00 549 650 649 548 542 643 544 443
4 4.4500000000e+02 5.5000000000e+00 550 651 650 549 543 644 545 444
4 4.5500000000e+02 5.5000000000e+00 551 652 651 550 544 645 546 445
4 4.6500000000e+02 5.5000000000e+00 552 653 652 551 545 646 547 446
4 4.7500000000e+02 5.5000000000e+00 553 654 653 552 546 647 548 447
4 4.8500000000e+02 5.5000000000e+00 554 655 654 553 547 648 549 448
4 4.9500000000e+02 5.5000000000e+00 555 656 655 554 548 649 550 449
4 5.0500000000e+02 5.5000000000e+00 556 657 656 555 549 650 551 450
4 5.1500000000e+02 5.5000000000e+00 557 658 657 556 550 651 552 451
4 5.2500000000e+02 5.5000000000e+00 558 659 658 557 551 652 553 452
4 5.3500000000e+02 5.5000000000e+00 559 660 659 558 552 653 554 453
4 5.4500000000e+02 5.5000000000e+00 560 661 660 559 553 654 555 454
4 5.5500000000e+02 5.5000000000e+00 561 662 661 560 554 655 556 455
4 5.6500000000e+02 5.5000000000e+00 562 663 662 561 555 656 557 456
4 5.7500000000e+02 5.5000000000e+00 563 664 663 562 556 657 558 457
4 5.8500000000e+02 5.5000000000e+00 564 665 664 563 557 658 559 458
4 5.9500000000e+02 5.5000000000e+00 565 666 665 564 558 659 560 459
4 6.0500000000e+02 5.5000000000e+00 566 667 666 565 559 660 561 460
4 6.1500000000e+02 5.5000000000e+00 567 668 667 566 560 661 562 461
4 6.2500000000e+02 5.5000000000e+00 568 669 668 567 561 662 563 462
4 6.3500000000e+02 5.5000000000e+00 569 670 669 568 562 663 564 463
4 6.4500000000e+02 5.5000000000e+00 570 671 670 569 563 664 565 464
4 6.5500000000e+02 5.5000000000e+00 571 672 671 570 564 665 566 465
4 6.6500000000e+02 5.5000000000e+00 572 673 672 571 565 666 567 466
4 6.7500000000e+02 5.5000000000e+00 573 674 673 572 566 667 568 467
4 6.8500000000e+02 5.5000000000e+00 574 675 674 573 567 668 569 468
4 6.9500000000e+02 5.5000000000e+00 575 676 675 574 568 669 570 469
4 7.0500000000e+02 5.5000000000e+00 576 677 676 575 569 670 571 470
4 7.1500000000e+02 5.5000000000e+00 577 678 677 576 570 671 572 471
4 7.2500000000e+02 5.5000000000e+00 578 679 678 577 571 672 573 472
4 7.3500000000e+02 5.5000000000e+00 579 680 679 578 572 673 574 473
4 7.4500000000e+02 5.5000000000e+00 580 681 680 579 573 674 575 474
4 7.5500000000e+02 5.5000000000e+00 581 682 681 580 574 675 576 475
4 7.6500000000e+02 5.5000000000e+00 582 683 682 581 575 676 577 476
4 7.7500000000e+02 5.5000000000e+00 583 684 683 582 576 677 578 477
4 7.8500000000e+02 5.5000000000e+00 584 685 684 583 577 678 579 478
4 7.9500000000e+02 5.5000000000e+00 585 686 685 584 578 679 580 479
4 8.0500000000e+02 5.5000000000e+00 586 687 686 585 579 680 581 480
4 8.1500000000e+02 5.5000000000e+00 587 688 687 586 580 681 582 481
4 8.2500000000e+02 5.5000000000e+00 588 689 688 587 581 682 583 482
4 8.3500000000e+02 5.5000000000e+00 589 690 689 588 582 683 584 483
4 8.4500000000e+02 5.5000000000e+00 590 691 690 589 583 684 585 484
4 8.5500000000e+02 5.5000000000e+00 591 692 691 590 584 685 586 485
4 8.6500000000e+02 5.5000000000e+00 592 693 692 591 585 686 587 486
4 8.7500000000e+02 5.5000000000e+00 593 694 693 592 586 687 588 487
4 8.8500000000e+02 5.5000000000e+00 594 695 694 593 587 688 589 488
4 8.9500000000e+02 5.5000000000e+00 595 696 695 594 588 689 590 489
4 9.0500000000e+02 5.5000000000e+00 596 697 696 595 589 690 591 490
4 9.1500000000e+02 5.5000000000e+00 597 698 697 596 590 691 592 491
4 9.2500000000e+02 5.5000000000e+00 598 699 698 597 591 692 593 492
4 9.3500000000e+02 5.5000000000e+00 599 700 699 598 592 693 594 493
4 9.4500000000e+02 5.5000000000e+00 600 701 700 599 593 694 595 494
4 9.5500000000e+02 5.5000000000e+00 601 702 701 600 594 695 596 495
4 9.6500000000e+02 5.5000000000e+00 602 703 702 601 595 696 597 496
4 9.7500000000e+02 5.5000000000e+00 603 704 703 602 596 697 598 497
4 9.8500000000e+02 5.5000000000e+00 604 705 704 603 597 698 599 498
4 9.9500000000e+02 5.5000000000e+00 605 706 705 604 598 699 500 499
4 5.0000000000e+00 6.5000000000e+00 607 708 707 606 699 700 601 500
4 1.5000000000e+01 6.5000000000e+00 608 709 708 607 600 701 602 501
4 2.5000000000e+01 6.5000000000e+00 609 710 709 608 601 702 603 502
4 3.5000000000e+01 6.5000000000e+00 610 711 710 609 602 703 604 503
4 4.5000000000e+01 6.5000000000e+00 611 712 711 610 603 704 605 504
4 5.5000000000e+01 6.5000000000e+00 612 713 712 611 604 705 606 505
4 6.5000000000e+01 6.5000000000e+00 613 714 713 612 605 706 607 506
4 7.5000000000e+01 6.5000000000e+00 614 715 714 613 606 707 608 507
4 8.5000000000e+01 6.5000000000e+00 615 716 715 614 607 708 609 508
4 9.5000000000e+01 6.5000000000e+00 616 717 716 615 608 709 610 509
4 1.0500000000e+02 6.5000000000e+00 617 718 717 616 609 710 611 510
4 1.1500000000e+02 6.5000000000e+00 618 719 718 617 610 711 612 511
4 1.2500000000e+02 6.5000000000e+00 619 720 719 618 611 712 613 512
4 1.3500000000e+02 6.5000000000e+00 620 721 720 619 612 713 614 513
4 1.4500000000e+02 6.5000000000e+00 621 722 721 620 613 714 615 514
4 1.5500000000e+02 6.5000000000e+00 622 723 722 621 614 715 616 515
4 1.6500000000e+02 6.5000000000e+00 623 724 723 622 615 716 617 516
4 1.7500000000e+02 6.5000000000e+00 624 725 724 623 616 717 618 517
4 1.8500000000e+02 6.5000000000e+00 625 726 725 624 617 718 619 518
4 1.9500000000e+02 6.5000000000e+00 626 727 726 625 618 719 620 519
4 2.0500000000e+02 6.5000000000e+00 627 728 727 626 619 720 621 520
4 2.1500000000e+02 6.5000000000e+00 628 729 728 627 620 721 622 521
4 2.2500000000e+02 6.5000000000e+00 629 730 729 628 621 722 623 522
4 2.3500000000e+02 6.5000000000e+00 630 731 730 629 622 723 624 523
4 2.4500000000e+02 6.5000000000e+00 631 732 731 630 623 724 625 524
4 2.5500000000e+02 6.5000000000e+00 632 733 732 631 624 725 626 525
4 2.6500000000e+02 6.5000000000e+00 633 734 733 632 625 726 627 526
4 2.7500000000e+02 6.5000000000e+00 634 735 734 633 626 727 628 527
4 2.8500000000e+02 6.5000000000e+00 635 736 735 634 627 728 629 528
4 2.9500000000e+02 6.5000000000e+00 636 737 736 635 628 729 630 529
4 3.0500000000e+02 6.5000000000e+00 637 738 737 636 629 730 631 530
4 3.1500000000e+02 6.5000000000e+00 638 739 738 637 630 731 632 531
4 3.2500000000e+02 6.5000000000e+00 639 740 739 638 631 732 633 532
4 3.3500000000e+02 6.5000000000e+00 640 741 740 639 632 733 634 533
4 3.4500000000e+02 6.5000000000e+00 641 742 741 640 633 734 635 534
4 3.5500000000e+02 6.5000000000e+00 642 743 742 641 634 735 636 535
4 3.6500000000e+02 6.5000000000e+00 643 744 743 642 635 736 637 536
4 3.7500000000e+02 6.5000000000e+00 644 745 744 643 636 737 638 537
4 3.8500000000e+02 6.5000000000e+00 645 746 745 644 637 738 639 538
4 3.9500000000e+02 6.5000000000e+00 646 747 746 645 638 739 640 539
4 4.0500000000e+02 6.5000000000e+00 647 748 747 646 639 740 641 540
4 4.1500000000e+02 6.5000000000e+00 648 749 748 647 640 741 642 541
4 4.2500000000e+02 6.5000000000e+00 649 750 749 648 641 742 643 542
4 4.3500000000e+02 6.5000000000e+00 650 751 750 649 642 743 644 543
4 4.4500000000e+02 6.5000000000e+00 651 752 751 650 643 744 645 544
4 4.5500000000e+02 6.5000000000e+00 652 753 752 651 644 745 646 545
4 4.6500000000e+02 6.5000000000e+00 653 754 753 652 645 746 647 546
4 4.7500000000e+02 6.5000000000e+00 654 755 754 653 646 747 648 547
4 4.8500000000e+02 6.5000000000e+00 655 756 755 654 647 748 649 548
4 4.9500000000e+02 6.5000000000e+00 656 757 756 655 648 749 650 549
4 5.0500000000e+02 6.5000000000e+00 657 758 757 656 649 750 651 550
4 5.1500000000e+02 6.5000000000e+00 658 759 758 657 650 751 652 551
4 5.2500000000e+02 6.5000000000e+00 659 760 759 658 651 752 653 552
4 5.3500000000e+02 6.5000000000e+00 660 761 760 659 652 753 654 553
4 5.4500000000e+02 6.5000000000e+00 661 762 761 660 653 754 655 554
4 5.5500000000e+02 6.5000000000e+00 662 763 762 661 654 755 656 555
4 5.6500000000e+02 6.5000000000e+00 663 764 763 662 655 756 657 556
4 5.7500000000e+02 6.5000000000e+00 664 765 764 663 656 757 658 557
4 5.8500000000e+02 6.5000000000e+00 665 766 765 664 657 758 659 558
4 5.9500000000e+02 6.5000000000e+00 666 767 766 665 658 759 660 559
4 6.0500000000e+02 6.5000000000e+00 667 768 767 666 659 760 661 560
4 6.1500000000e+02 6.5000000000e+00 668 769 768 667 660 761 662 561
4 6.2500000000e+02 6.5000000000e+00 669 770 769 668 661 762 663 562
4 6.3500000000e+02 6.5000000000e+00 670 771 770 669 662 763 664 563
4 6.4500000000e+02 6.5000000000e+00 671 772 771 670 663 764 665 564
4 6.5500000000e+02 6.5000000000e+00 672 773 772 671 664 765 666 565
4 6.6500000000e+02 6.5000000000e+00 673 774 773 672 665 766 667 566
4 6.7500000000e+02 6.5000000000e+00 674 775 774 673 666 767 668 567
4 6.8500000000e+02 6.5000000000e+00 675 776 775 674 667 768 669 568
4 6.9500000000e+02 6.5000000000e+00 676 777 776 675 668 769 670 569
4 7.0500000000e+02 6.5000000000e+00 677 778 777 676 669 770 671 570
4 7.1500000000e+02 6.5000000000e+00 678 779 778 677 670 771 672 571
4 7.2500000000e+02 6.5000000000e+00 679 780 779 678 671 772 673 572
4 7.3500000000e+02 6.5000000000e+00 680 781 780 679 672 773 674 573
4 7.4500000000e+02 6.5000000000e+00 681 782 781 680 673 774 675 574
4 7.5500000000e+02 6.5000000000e+00 682 783 782 681 674 775 676 575
4 7.6500000000e+02 6.5000000000e+00 683 784 783 682 675 776 677 576
4 7.7500000000e+02 6.5000000000e+00 684 785 784 683 676 777 678 577
4 7.8500000000e+02 6.5000000000e+00 685 786 785 684 677 778 679 578
4 7.9500000000e+02 6.5000000000e+00 686 787 786 685 678 779 680 579
4 8.0500000000e+02 6.5000000000e+00 687 788 787 686 679 780 681 580
4 8.1500000000e+02 6.5000000000e+00 688 789 788 687 680 781 682 581
4 8.2500000000e+02 6.5000000000e+00 689 790 789 688 681 782 683 582
4 8.3500000000e+02 6.5000000000e+00 690 791 790 689 682 783 684 583
4 8.4500000000e+02 6.5000000000e+00 691 792 791 690 683 784 685 584
4 8.5500000000e+02 6.5000000000e+00 692 793 792 691 684 785 686 585
4 8.6500000000e+02 6.5000000000e+00 693 794 793 692 685 786 687 586
4 8.7500000000e+02 6.5000000000e+00 694 795 794 693 686 787 688 587
4 8.8500000000e+02 6.5000000000e+00 695 796 795 694 687 788 689 588
4 8.9500000000e+02 6.5000000000e+00 696 797 796 695 688 789 690 589
4 9.0500000000e+02 6.5000000000e+00 697 798 797 696 689 790 691 590
4 9.1500000000e+02 6.5000000000e+00 698 799 798 697 690 791 692 591
4 9.2500000000e+02 6.5000000000e+00 699 800 799 698 691 792 693 592
4 9.3500000000e+02 6.5000000000e+00 700 801 800 699 692 793 694 593
4 9.4500000000e+02 6.5000000000e+00 701 802 801 700 693 794 695 594
4 9.5500000000e+02 6.5000000000e+00 702 803 802 701 694 795 696 595
4 9.6500000000e+02 6.5000000000e+00 703 804 803 702 695 796 697 596
4 9.7500000000e+02 6.5000000000e+00 704 805 804 703 696 797 698 597
4 9.8500000000e+02 6.5000000000e+00 705 806 805 704 697 798 699 598
4 9.9500000000e+02 6.5000000000e+00 706 807 806 705 698 799 600 599
4 5.0000000000e+00 7.5000000000e+00 708 809 808 707 799 800 701 600
4 1.5000000000e+01 7.5000000000e+00 709 810 809 708 700 801 702 601
4 2.5000000000e+01 7.5000000000e+00 710 811 810 709 701 802 703 602
4 3.5000000000e+01 7.5000000000e+00 711 812 811 710 702 803 704 603
4 4.5000000000e+01 7.5000000000e+00 712 813 812 711 703 804 705 604
4 5.5000000000e+01 7.5000000000e+00 713 814 813 712 704 805 706 605
4 6.5000000000e+01 7.5000000000e+00 714 815 814 713 705 806 707 606
4 7.5000000000e+01 7.5000000000e+00 715 816 815 714 706 807 708 607
4 8.5000000000e+01 7.5000000000e+00 716 817 816 715 707 808 709 608
4 9.5000000000e+01 7.5000000000e+00 717 818 817 716 708 809 710 609
4 1.0500000000e+02 7.5000000000e+00 718 819 818 717 709 810 711 610
4 1.1500000000e+02 7.5000000000e+00 719 820 819 718 710 811 712 611
4 1.2500000000e+02 7.5000000000e+00 720 821 820 719 711 812 713 612
4 1.3500000000e+02 7.5000000000e+00 721 822 821 720 712 813 714 613
4 1.4500000000e+02 7.5000000000e+00 722 823 822 721 713 814 715 614
4 1.5500000000e+02 7.5000000000e+00 723 824 823 722 714 815 716 615
4 1.6500000000e+02 7.5000000000e+00 724 825 824 723 715 816 717 616
4 1.7500000000e+02 7.5000000000e+00 725 826 825 724 716 817 718 617
4 1.8500000000e+02 7.5000000000e+00 726 827 826 725 717 818 719 618
4 1.9500000000e+02 7.5000000000e+00 727 828 827 726 718 819 720 619
4 2.0500000000e+02 7.5000000000e+00 728 829 828 727 719 820 721 620
4 2.1500000000e+02 7.5000000000e+00 729 830 829 728 720 821 722 621
4 2.2500000000e+02 7.5000000000e+00 730 831 830 729 721 822 723 622
4 2.3500000000e+02 7.5000000000e+00 731 832 831 730 722 823 724 623
4 2.4500000000e+02 7.5000000000e+00 732 833 832 731 723 824 725 624
4 2.5500000000e+02 7.5000000000e+00 733 834 833 732 724 825 726 625
4 2.6500000000e+02 7.5000000000e+00 734 835 834 733 725 826 727 626
4 2.7500000000e+02 7.5000000000e+00 735 836 835 734 726 827 728 627
4 2.8500000000e+02 7.5000000000e+00 736 837 836 735 727 828 729 628
4 2.9500000000e+02 7.5000000000e+00 737 838 837 736 728 829 730 629
4 3.0500000000e+02 7.5000000000e+00 738 839 838 737 729 830 731 630
4 3.1500000000e+02 7.5000000000e+00 739 840 839 738 730 831 732 631
4 3.2500000000e+02 7.5000000000e+00 740 841 840 739 731 832 733 632
4 3.3500000000e+02 7.5000000000e+00 741 842 841 740 732 833 734 633
4 3.4500000000e+02 7.5000000000e+00 742 843 842 741 733 834 735 634
4 3.5500000000e+02 7.5000000000e+00 743 844 843 742 734 835 736 635
4 3.6500000000e+02 7.5000000000e+00 744 845 844 743 735 836 737 636
4 3.7500000000e+02 7.5000000000e+00 745 846 845 744 736 837 738 637
4 3.8500000000e+02 7.5000000000e+00 746 847 846 745 737 838 739 638
4 3.9500000000e+02 7.5000000000e+00 747 848 847 746 738 839 740 639
4 4.0500000000e+02 7.5000000000e+00 748 849 848 747 739 840 741 640
4 4.1500000000e+02 7.5000000000e+00 749 850 849 748 740 841 742 641
4 4.2500000000e+02 7.5000000000e+00 750 851 850 749 741 842 743 642
4 4.3500000000e+02 7.5000000000e+00 751 852 851 750 742 843 744 643
4 4.4500000000e+02 7.5000000000e+00 752 853 852 751 743 844 745 644
4 4.5500000000e+02 7.5000000000e+00 753 854 853 752 744 845 746 645
4 4.6500000000e+02 7.5000000000e+00 754 855 854 753 745 846 747 646
4 4.7500000000e+02 7.5000000000e+00 755 856 855 754 746 847 748 647
4 4.8500000000e+02 7.5000000000e+00 756 857 856 755 747 848 749 648
4 4.9500000000e+02 7.5000000000e+00 757 858 857 756 748 849 750 649
4 5.0500000000e+02 7.5000000000e+00 758 859 858 757 749 850 751 650
4 5.1500000000e+02 7.5000000000e+00 759 860 859 758 750 851 752 651
4 5.2500000000e+02 7.5000000000e+00 760 861 860 759 751 852 753 652
4 5.3500000000e+02 7.5000000000e+00 761 862 861 760 752 853 754 653
4 5.4500000000e+02 7.5000000000e+00 762 863 862 761 753 854 755 654
4 5.5500000000e+02 7.5000000000e+00 763 864 863 762 754 855 756 655
4 5.6500000000e+02 7.5000000000e+00 764 865 864 763 755 856 757 656
4 5.7500000000e+02 7.5000000000e+00 765 866 865 764 756 857 758 657
4 5.8500000000e+02 7.5000000000e+00 766 867 866 765 757 858 759 658
4 5.9500000000e+02 7.5000000000e+00 767 868 867 766 758 859 760 659
4 6.0500000000e+02 7.5000000000e+00 768 869 868 767 759 860 761 660
4 6.1500000000e+02 7.5000000000e+00 769 870 869 768 760 861 762 661
4 6.2500000000e+02 7.5000000000e+00 770 871 870 769 761 862 763 662
4 6.3500000000e+02 7.5000000000e+00 771 872 871 770 762 863 764 663
4 6.4500000000e+02 7.5000000000e+00 772 873 872 771 763 864 765 664
4 6.5500000000e+02 7.5000000000e+00 773 874 873 772 764 865 766 665
4 6.6500000000e+02 7.5000000000e+00 774 875 874 773 765 866 767 666
4 6.7500000000e+02 7.5000000000e+00 775 876 875 774 766 867 768 667
4 6.8500000000e+02 7.5000000000e+00 776 877 876 775 767 868 769 668
4 6.9500000000e+02 7.5000000000e+00 777 878 877 776 768 869 770 669
4 7.0500000000e+02 7.5000000000e+00 778 879 878 777 769 870 771 670
4 7.1500000000e+02 7.5000000000e+00 779 880 879 778 770 871 772 671
4 7.2500000000e+02 7.5000000000e+00 780 881 880 779 771 872 773 672
4 7.3500000000e+02 7.5000000000e+00 781 882 881 780 772 873 774 673
4 7.4500000000e+02 7.5000000000e+00 782 883 882 781 773 874 775 674
4 7.5500000000e+02 7.5000000000e+00 783 884 883 782 774 875 776 675
4 7.6500000000e+02 7.5000000000e+00 784 885 884 783 775 876 777 676
4 7.7500000000e+02 7.5000000000e+00 785 886 885 784 776 877 778 677
4 7.8500000000e+02 7.5000000000e+00 786 887 886 785 777 878 779 678
4 7.9500000000e+02 7.5000000000e+00 787 888 887 786 778 879 780 679
4 8.0500000000e+02 7.5000000000e+00 788 889 888 787 779 880 781 680
4 8.1500000000e+02 7.5000000000e+00 789 890 889 788 780 881 782 681
4 8.2500000000e+02 7.5000000000e+00 790 891 890 789 781 882 783 682
4 8.3500000000e+02 7.5000000000e+00 791 892 891 790 782 883 784 683
4 8.4500000000e+02 7.5000000000e+00 792 893 892 791 783 884 785 684
4 8.5500000000e+02 7.5000000000e+00 793 894 893 792 784 885 786 685
4 8.6500000000e+02 7.5000000000e+00 794 895 894 793 785 886 787 686
4 8.7500000000e+02 7.5000000000e+00 795 896 895 794 786 887 788 687
4 8.8500000000e+02 7.5000000000e+00 796 897 896 795 787 888 789 688
4 8.9500000000e+02 7.5000000000e+00 797 898 897 796 788 889 790 689
4 9.0500000000e+02 7.5000000000e+00 798 899 898 797 789 890 791 690
4 9.1500000000e+02 7.5000000000e+00 799 900 899 798 790 891 792 691
4 9.2500000000e+02 7.5000000000e+00 800 901 900 799 791 892 793 692
4 9.3500000000e+02 7.5000000000e+00 801 902 901 800 792 893 794 693
4 9.4500000000e+02 7.5000000000e+00 802 903 902 801 793 894 795 694
4 9.5500000000e+02 7.5000000000e+00 803 904 903 802 794 895 796 695
4 9.6500000000e+02 7.5000000000e+00 804 905 904 803 795 896 797 696
4 9.7500000000e+02 7.5000000000e+00 805 906 905 804 796 897 798 697
4 9.8500000000e+02 7.5000000000e+00 806 907 906 805 797 898 799 698
4 9.9500000000e+02 7.5000000000e+00 807 908 907 806 798 899 700 699
4 5.0000000000e+00 8.5000000000e+00 809 910 909 808 899 900 801 700
4 1.5000000000e+01 8.5000000000e+00 810 911 910 809 800 901 802 701
4 2.5000000000e+01 8.5000000000e+00 811 912 911 810 801 902 803 702
4 3.5000000000e+01 8.5000000000e+00 812 913 912 811 802 903 804 703
4 4.5000000000e+01 8.5000000000e+00 813 914 913 812 803 904 805 704
4 5.5000000000e+01 8.5000000000e+00 814 915 914 813 804 905 806 705
4 6.5000000000e+01 8.5000000000e+00 815 916 915 814 805 906 807 706
4 7.5000000000e+01 8.5000000000e+00 816 917 916 815 806 907 808 707
4 8.5000000000e+01 8.5000000000e+00 817 918 917 816 807 908 809 708
4 9.5000000000e+01 8.5000000000e+00 818 919 918 817 808 909 810 709
4 1.0500000000e+02 8.5000000000e+00 819 920 919 818 809 910 811 710
4 1.1500000000e+02 8.5000000000e+00 820 921 920 819 810 911 812 711
4 1.2500000000e+02 8.5000000000e+00 821 922 921 820 811 912 813 712
4 1.3500000000e+02 8.5000000000e+00 822 923 922 821 812 913 814 713
4 1.4500000000e+02 8.5000000000e+00 823 924 923 822 813 914 815 714
4 1.5500000000e+02 8.5000000000e+00 824 925 924 823 814 915 816 715
4 1.6500000000e+02 8.5000000000e+00 825 926 925 824 815 916 817 716
4 1.7500000000e+02 8.5000000000e+00 826 927 926 825 816 917 818 717
4 1.8500000000e+02 8.5000000000e+00 827 928 927 826 817 918 819 718
4 1.9500000000e+02 8.5000000000e+00 828 929 928 827 818 919 820 719
4 2.0500000000e+02 8.5000000000e+00 829 930 929 828 819 920 821 720
4 2.1500000000e+02 8.5000000000e+00 830 931 930 829 820 921 822 721
4 2.2500000000e+02 8.5000000000e+00 831 932 931 830 821 922 823 722
4 2.3500000000e+02 8.5000000000e+00 832 933 932 831 822 923 824 723
4 2.4500000000e+02 8.5000000000e+00 833 934 933 832 823 924 825 724
4 2.5500000000e+02 8.5000000000e+00 834 935 934 833 824 925 826 725
4 2.6500000000e+02 8.5000000000e+00 835 936 935 834 825 926 827 726
4 2.7500000000e+02 8.5000000000e+00 836 937 936 835 826 927 828 727
4 2.8500000000e+02 8.5000000000e+00 837 938 937 836 827 928 829 728
4 2.9500000000e+02 8.5000000000e+00 838 939 938 837 828 929 830 729
4 3.0500000000e+02 8.5000000000e+00 839 940 939 838 829 930 831 730
4 3.1500000000e+02 8.5000000000e+00 840 941 940 839 830 931 832 731
4 3.2500000000e+02 8.5000000000e+00 841 942 941 840 831 932 833 732
4 3.3500000000e+02 8.5000000000e+00 842 943 942 841 832 933 834 733
4 3.4500000000e+02 8.5000000000e+00 843 944 943 842 833 934 835 734
4 3.5500000000e+02 8.5000000000e+00 844 945 944 843 834 935 836 735
4 3.6500000000e+02 8.5000000000e+00 845 946 945 844 835 936 837 736
4 3.7500000000e+02 8.5000000000e+00 846 947 946 845 836 937 838 737
4 3.8500000000e+02 8.5000000000e+00 847 948 947 846 837 938 839 738
4 3.9500000000e+02 8.5000000000e+00 848 949 948 847 838 939 840 739
4 4.0500000000e+02 8.5000000000e+00 849 950 949 848 839 940 841 740
4 4.1500000000e+02 8.5000000000e+00 850 951 950 849 840 941 842 741
4 4.2500000000e+02 8.5000000000e+00 851 952 951 850 841 942 843 742
4 4.3500000000e+02 8.5000000000e+00 852 953 952 851 842 943 844 743
4 4.4500000000e+02 8.5000000000e+00 853 954 953 852 843 944 845 744
4 4.5500000000e+02 8.5000000000e+00 854 955 954 853 844 945 846 745
4 4.6500000000e+02 8.5000000000e+00 855 956 955 854 845 946 847 746
4 4.7500000000e+02 8.5000000000e+00 856 957 956 855 846 947 848 747
4 4.8500000000e+02 8.5000000000e+00 857 958 957 856 847 948 849 748
4 4.9500000000e+02 8.5000000000e+00 858 959 958 857 848 949 850 749
4 5.0500000000e+02 8.5000000000e+00 859 960 959 858 849 950 851 750
4 5.1500000000e+02 8.5000000000e+00 860 961 960 859 850 951 852 751
4 5.2500000000e+02 8.5000000000e+00 861 962 961 860 851 952 853 752
4 5.3500000000e+02 8.5000000000e+00 862 963 962 861 852 953 854 753
4 5.4500000000e+02 8.5000000000e+00 863 964 963 862 853 954 855 754
4 5.5500000000e+02 8.5000000000e+00 864 965 964 863 854 955 856 755
4 5.6500000000e+02 8.5000000000e+00 865 966 965 864 855 956 857 756
4 5.7500000000e+02 8.5000000000e+00 866 967 966 865 856 957 858 757
4 5.8500000000e+02 8.5000000000e+00 867 968 967 866 857 958 859 758
4 5.9500000000e+02 8.5000000000e+00 868 969 968 867 858 959 860 759
4 6.0500000000e+02 8.5000000000e+00 869 970 969 868 859 960 861 760
4 6.1500000000e+02 8.5000000000e+00 870 971 970 869 860 961 862 761
4 6.2500000000e+02 8.5000000000e+00 871 972 971 870 861 962 863 762
4 6.3500000000e+02 8.5000000000e+00 872 973 972 871 862 963 864 763
4 6.4500000000e+02 8.5000000000e+00 873 974 973 872 863 964 865 764
4 6.5500000000e+02 8.5000000000e+00 874 975 974 873 864 965 866 765
4 6.6500000000e+02 8.5000000000e+00 875 976 975 874 865 966 867 766
4 6.7500000000e+02 8.5000000000e+00 876 977 976 875 866 967 868 767
4 6.8500000000e+02 8.5000000000e+00 877 978 977 876 867 968 869 768
4 6.9500000000e+02 8.5000000000e+00 878 979 978 877 868 969 870 769
4 7.0500000000e+02 8.5000000000e+00 879 980 979 878 869 970 871 770
4 7.1500000000e+02 8.5000000000e+00 880 981 980 879 870 971 872 771
4 7.2500000000e+02 8.5000000000e+00 881 982 981 880 871 972 873 772
4 7.3500000000e+02 8.5000000000e+00 882 983 982 881 872 973 874 773
4 7.4500000000e+02 8.5000000000e+00 883 984 983 882 873 974 875 774
4 7.5500000000e+02 8.5000000000e+00 884 985 984 883 874 975 876 775
4 7.6500000000e+02 8.5000000000e+00 885 986 985 884 875 976 877 776
4 7.7500000000e+02 8.5000000000e+00 886 987 986 885 876 977 878 777
4 7.8500000000e+02 8.5000000000e+00 887 988 987 886 877 978 879 778
4 7.9500000000e+02 8.5000000000e+00 888 989 988 887 878 979 880 779
4 8.0500000000e+02 8.5000000000e+00 889 990 989 888 879 980 881 780
4 8.1500000000e+02 8.5000000000e+00 890 991 990 889 880 981 882 781
4 8.2500000000e+02 8.5000000000e+00 891 992 991 890 881 982 883 782
4 8.3500000000e+02 8.5000000000e+00 892 993 992 891 882 983 884 783
4 8.4500000000e+02 8.5000000000e+00 893 994 993 892 883 984 885 784
4 8.5500000000e+02 8.5000000000e+00 894 995 994 893 884 985 886 785
4 8.6500000000e+02 8.5000000000e+00 895 996 995 894 885 986 887 786
4 8.7500000000e+02 8.5000000000e+00 896 997 996 895 886 987 888 787
4 8.8500000000e+02 8.5000000000e+00 897 998 997 896 887 988 889 788
4 8.9500000000e+02 8.5000000000e+00 898 999 998 897 888 989 890 789
4 9.0500000000e+02 8.5000000000e+00 899 1000 999 898 889 990 891 790
4 9.1500000000e+02 8.5000000000e+00 900 1001 1000 899 890 991 892 791
4 9.2500000000e+02 8.5000000000e+00 901 1002 1001 900 891 992 893 792
4 9.3500000000e+02 8.5000000000e+00 902 1003 1002 901 892 993 894 793
4 9.4500000000e+02 8.5000000000e+00 903 1004 1003 902 893 994 895 794
4 9.5500000000e+02 8.5000000000e+00 904 1005 1004 903 894 995 896 795
4 9.6500000000e+02 8.5000000000e+00 905 1006 1005 904 895 996 897 796
4 9.7500000000e+02 8.5000000000e+00 906 1007 1006 905 896 997 898 797
4 9.8500000000e+02 8.5000000000e+00 907 1008 1007 906 897 998 899 798
4 9.9500000000e+02 8.5000000000e+00 908 1009 1008 907 898 999 800 799
4 5.0000000000e+00 9.5000000000e+00 910 1011 1010 909 999 -1 901 800
4 1.5000000000e+01 9.5000000000e+00 911 1012 1011 910 900 -1 902 801
4 2.5000000000e+01 9.5000000000e+00 912 1013 1012 911 901 -1 903 802
4 3.5000000000e+01 9.5000000000e+00 913 1014 1013 912 902 -1 904 803
4 4.5000000000e+01 9.5000000000e+00 914 1015 1014 913 903 -1 905 804
4 5.5000000000e+01 9.5000000000e+00 915 1016 1015 914 904 -1 906 805
4 6.5000000000e+01 9.5000000000e+00 916 1017 1016 915 905 -1 907 806
4 7.5000000000e+01 9.5000000000e+00 917 1018 1017 916 906 -1 908 807
4 8.5000000000e+01 9.5000000000e+00 918 1019 1018 917 907 -1 909 808
4 9.5000000000e+01 9.5000000000e+00 919 1020 1019 918 908 -1 910 809
4 1.0500000000e+02 9.5000000000e+00 920 1021 1020 919 909 -1 911 810
4 1.1500000000e+02 9.5000000000e+00 921 1022 1021 920 910 -1 912 811
4 1.2500000000e+02 9.5000000000e+00 922 1023 1022 921 911 -1 913 812
4 1.3500000000e+02 9.5000000000e+00 923 1024 1023 922 912 -1 914 813
4 1.4500000000e+02 9.5000000000e+00 924 1025 1024 923 913 -1 915 814
4 1.5500000000e+02 9.5000000000e+00 925 1026 1025 924 914 -1 916 815
4 1.6500000000e+02 9.5000000000e+00 926 1027 1026 925 915 -1 917 816
4 1.7500000000e+02 9.5000000000e+00 927 1028 1027 926 916 -1 918 817
4 1.8500000000e+02 9.5000000000e+00 928 1029 1028 927 917 -1 919 818
4 1.9500000000e+02 9.5000000000e+00 929 1030 1029 928 918 -1 920 819
4 2.0500000000e+02 9.5000000000e+00 930 1031 1030 929 919 -1 921 820
4 2.1500000000e+02 9.5000000000e+00 931 1032 1031 930 920 -1 922 821
4 2.2500000000e+02 9.5000000000e+00 932 1033 1032 931 921 -1 923 822
4 2.3500000000e+02 9.5000000000e+00 933 1034 1033 932 922 -1 924 823
4 2.4500000000e+02 9.5000000000e+00 934 1035 1034 933 923 -1 925 824
4 2.5500000000e+02 9.5000000000e+00 935 1036 1035 934 924 -1 926 825
4 2.6500000000e+02 9.5000000000e+00 936 1037 1036 935 925 -1 927 826
4 2.7500000000e+02 9.5000000000e+00 937 1038 1037 936 926 -1 928 827
4 2.8500000000e+02 9.5000000000e+00 938 1039 1038 937 927 -1 929 828
4 2.9500000000e+02 9.5000000000e+00 939 1040 1039 938 928 -1 930 829
4 3.0500000000e+02 9.5000000000e+00 940 1041 1040 939 929 -1 931 830
4 3.1500000000e+02 9.5000000000e+00 941 1042 1041 940 930 -1 932 831
4 3.2500000000e+02 9.5000000000e+00 942 1043 1042 941 931 -1 933 832
4 3.3500000000e+02 9.5000000000e+00 943 1044 1043 942 932 -1 934 833
4 3.4500000000e+02 9.5000000000e+00 944 1045 1044 943 933 -1 935 834
4 3.5500000000e+02 9.5000000000e+00 945 1046 1045 944 934 -1 936 835
4 3.6500000000e+02 9.5000000000e+00 946 1047 1046 945 935 -1 937 836
4 3.7500000000e+02 9.5000000000e+00 947 1048 1047 946 936 -1 938 837
4 3.8500000000e+02 9.5000000000e+00 948 1049 1048 947 937 -1 939 838
4 3.9500000000e+02 9.5000000000e+00 949 1050 1049 948 938 -1 940 839
4 4.0500000000e+02 9.5000000000e+00 950 1051 1050 949 939 -1 941 840
4 4.1500000000e+02 9.5000000000e+00 951 1052 1051 950 940 -1 942 841
4 4.2500000000e+02 9.5000000000e+00 952 1053 1052 951 941 -1 943 842
4 4.3500000000e+02 9.5000000000e+00 953 1054 1053 952 942 -1 944 843
4 4.4500000000e+02 9.5000000000e+00 954 1055 1054 953 943 -1 945 844
4 4.5500000000e+02 9.5000000000e+00 955 1056 1055 954 944 -1 946 845
4 4.6500000000e+02 9.5000000000e+00 956 1057 1056 955 945 -1 947 846
4 4.7500000000e+02 9.5000000000e+00 957 1058 1057 956 946 -1 948 847
4 4.8500000000e+02 9.5000000000e+00 958 1059 1058 957 947 -1 949 848
4 4.9500000000e+02 9.5000000000e+00 959 1060 1059 958 948 -1 950 849
4 5.0500000000e+02 9.5000000000e+00 960 1061 1060 959 949 -1 951 850
4 5.1500000000e+02 9.5000000000e+00 961 1062 1061 960 950 -1 952 851
4 5.2500000000e+02 9.5000000000e+00 962 1063 1062 961 951 -1 953 852
4 5.3500000000e+02 9.5000000000e+00 963 1064 1063 962 952 -1 954 853
4 5.4500000000e+02 9.5000000000e+00 964 1065 1064 963 953 -1 955 854
4 5.5500000000e+02 9.5000000000e+00 965 1066 1065 964 954 -1 956 855
4 5.6500000000e+02 9.5000000000e+00 966 1067 1066 965 955 -1 957 856
4 5.7500000000e+02 9.5000000000e+00 967 1068 1067 966 956 -1 958 857
4 5.8500000000e+02 9.5000000000e+00 968 1069 1068 967 957 -1 959 858
4 5.9500000000e+02 9.5000000000e+00 969 1070 1069 968 958 -1 960 859
4 6.0500000000e+02 9.5000000000e+00 970 1071 1070 969 959 -1 961 860
4 6.1500000000e+02 9.5000000000e+00 971 1072 1071 970 960 -1 962 861
4 6.2500000000e+02 9.5000000000e+00 972 1073 1072 971 961 -1 963 862
4 6.3500000000e+02 9.5000000000e+00 973 1074 1073 972 962 -1 964 863
4 6.4500000000e+02 9.5000000000e+00 974 1075 1074 973 963 -1 965 864
4 6.5500000000e+02 9.5000000000e+00 975 1076 1075 974 964 -1 966 865
4 6.6500000000e+02 9.5000000000e+00 976 1077 1076 975 965 -1 967 866
4 6.7500000000e+02 9.5000000000e+00 977 1078 1077 976 966 -1 968 867
4 6.8500000000e+02 9.5000000000e+00 978 1079 1078 977 967 -1 969 868
4 6.9500000000e+02 9.5000000000e+00 979 1080 1079 978 968 -1 970 869
4 7.0500000000e+02 9.5000000000e+00 980 1081 1080 979 969 -1 971 870
4 7.1500000000e+02 9.5000000000e+00 981 1082 1081 980 970 -1 972 871
4 7.2500000000e+02 9.5000000000e+00 982 1083 1082 981 971 -1 973 872
4 7.3500000000e+02 9.5000000000e+00 983 1084 1083 982 972 -1 974 873
4 7.4500000000e+02 9.5000000000e+00 984 1085 1084 983 973 -1 975 874
4 7.5500000000e+02 9.5000000000e+00 985 1086 1085 984 974 -1 976 875
4 7.6500000000e+02 9.5000000000e+00 986 1087 1086 985 975 -1 977 876
4 7.7500000000e+02 9.5000000000e+00 987 1088 1087 986 976 -1 978 877
4 7.8500000000e+02 9.5000000000e+00 988 1089 1088 987 977 -1 979 878
4 7.9500000000e+02 9.5000000000e+00 989 1090 1089 988 978 -1 980 879
4 8.0500000000e+02 9.5000000000e+00 990 1091 1090 989 979 -1 981 880
4 8.1500000000e+02 9.5000000000e+00 991 1092 1091 990 980 -1 982 881
4 8.2500000000e+02 9.5000000000e+00 992 1093 1092 991 981 -1 983 882
4 8.3500000000e+02 9.5000000000e+00 993 1094 1093 992 982 -1 984 883
4 8.4500000000e+02 9.5000000000e+00 994 1095 1094 993 983 -1 985 884
4 8.5500000000e+02 9.5000000000e+00 995 1096 1095 994 984 -1 986 885
4 8.6500000000e+02 9.5000000000e+00 996 1097 1096 995 985 -1 987 886
4 8.7500000000e+02 9.5000000000e+00 997 1098 1097 996 986 -1 988 887
4 8.8500000000e+02 9.5000000000e+00 998 1099 1098 997 987 -1 989 888
4 8.9500000000e+02 9.5000000000e+00 999 1100 1099 998 988 -1 990 889
4 9.0500000000e+02 9.5000000000e+00 1000 1101 1100 999 989 -1 991 890
4 9.1500000000e+02 9.5000000000e+00 1001 1102 1101 1000 990 -1 992 891
4 9.2500000000e+02 9.5000000000e+00 1002 1103 1102 1001 991 -1 993 892
4 9.3500000000e+02 9.5000000000e+00 1003 1104 1103 1002 992 -1 994 893
4 9.4500000000e+02 9.5000000000e+00 1004 1105 1104 1003 993 -1 995 894
4 9.5500000000e+02 9.5000000000e+00 1005 1106 1105 1004 994 -1 996 895
4 9.6500000000e+02 9.5000000000e+00 1006 1107 1106 1005 995 -1 997 896
4 9.7500000000e+02 9.5000000000e+00 1007 1108 1107 1006 996 -1 998 897
4 9.8500000000e+02 9.5000000000e+00 1008 1109 1108 1007 997 -1 999 898
4 9.9500000000e+02 9.5000000000e+00 1009 1110 1109 1008 998 -1 900 899
