0 101 0 0 99
1 102 0 0 1
2 103 0 1 2
3 104 0 2 3
4 105 0 3 4
5 106 0 4 5
6 107 0 5 6
7 108 0 6 7
8 109 0 7 8
9 110 0 8 9
10 111 0 9 10
11 112 0 10 11
12 113 0 11 12
13 114 0 12 13
14 115 0 13 14
15 116 0 14 15
16 117 0 15 16
17 118 0 16 17
18 119 0 17 18
19 120 0 18 19
20 121 0 19 20
21 122 0 20 21
22 123 0 21 22
23 124 0 22 23
24 125 0 23 24
25 126 0 24 25
26 127 0 25 26
27 128 0 26 27
28 129 0 27 28
29 130 0 28 29
30 131 0 29 30
31 132 0 30 31
32 133 0 31 32
33 134 0 32 33
34 135 0 33 34
35 136 0 34 35
36 137 0 35 36
37 138 0 36 37
38 139 0 37 38
39 140 0 38 39
40 141 0 39 40
41 142 0 40 41
42 143 0 41 42
43 144 0 42 43
44 145 0 43 44
45 146 0 44 45
46 147 0 45 46
47 148 0 46 47
48 149 0 47 48
49 150 0 48 49
50 151 0 49 50
51 152 0 50 51
52 153 0 51 52
53 154 0 52 53
54 155 0 53 54
55 156 0 54 55
56 157 0 55 56
57 158 0 56 57
58 159 0 57 58
59 160 0 58 59
60 161 0 59 60
61 162 0 60 61
62 163 0 61 62
63 164 0 62 63
64 165 0 63 64
65 166 0 64 65
66 167 0 65 66
67 168 0 66 67
68 169 0 67 68
69 170 0 68 69
70 171 0 69 70
71 172 0 70 71
72 173 0 71 72
73 174 0 72 73
74 175 0 73 74
75 176 0 74 75
76 177 0 75 76
77 178 0 76 77
78 179 0 77 78
79 180 0 78 79
80 181 0 79 80
81 182 0 80 81
82 183 0 81 82
83 184 0 82 83
84 185 0 83 84
85 186 0 84 85
86 187 0 85 86
87 188 0 86 87
88 189 0 87 88
89 190 0 88 89
90 191 0 89 90
91 192 0 90 91
92 193 0 91 92
93 194 0 92 93
94 195 0 93 94
95 196 0 94 95
96 197 0 95 96
97 198 0 96 97
98 199 0 97 98
99 200 0 98 99
101 202 0 100 199
102 203 0 100 101
103 204 0 101 102
104 205 0 102 103
105 206 0 103 104
106 207 0 104 105
107 208 0 105 106
108 209 0 106 107
109 210 0 107 108
110 211 0 108 109
111 212 0 109 110
112 213 0 110 111
113 214 0 111 112
114 215 0 112 113
115 216 0 113 114
116 217 0 114 115
117 218 0 115 116
118 219 0 116 117
119 220 0 117 118
120 221 0 118 119
121 222 0 119 120
122 223 0 120 121
123 224 0 121 122
124 225 0 122 123
125 226 0 123 124
126 227 0 124 125
127 228 0 125 126
128 229 0 126 127
129 230 0 127 128
130 231 0 128 129
131 232 0 129 130
132 233 0 130 131
133 234 0 131 132
134 235 0 132 133
135 236 0 133 134
136 237 0 134 135
137 238 0 135 136
138 239 0 136 137
139 240 0 137 138
140 241 0 138 139
141 242 0 139 140
142 243 0 140 141
143 244 0 141 142
144 245 0 142 143
145 246 0 143 144
146 247 0 144 145
147 248 0 145 146
148 249 0 146 147
149 250 0 147 148
150 251 0 148 149
151 252 0 149 150
152 253 0 150 151
153 254 0 151 152
154 255 0 152 153
155 256 0 153 154
156 257 0 154 155
157 258 0 155 156
158 259 0 156 157
159 260 0 157 158
160 261 0 158 159
161 262 0 159 160
162 263 0 160 161
163 264 0 161 162
164 265 0 162 163
165 266 0 163 164
166 267 0 164 165
167 268 0 165 166
168 269 0 166 167
169 270 0 167 168
170 271 0 168 169
171 272 0 169 170
172 273 0 170 171
173 274 0 171 172
174 275 0 172 173
175 276 0 173 174
176 277 0 174 175
177 278 0 175 176
178 279 0 176 177
179 280 0 177 178
180 281 0 178 179
181 282 0 179 180
182 283 0 180 181
183 284 0 181 182
184 285 0 182 183
185 286 0 183 184
186 287 0 184 185
187 288 0 185 186
188 289 0 186 187
189 290 0 187 188
190 291 0 188 189
191 292 0 189 190
192 293 0 190 191
193 294 0 191 192
194 295 0 192 193
195 296 0 193 194
196 297 0 194 195
197 298 0 195 196
198 299 0 196 197
199 300 0 197 198
200 301 0 198 199
202 303 0 200 299
203 304 0 200 201
204 305 0 201 202
205 306 0 202 203
206 307 0 203 204
207 308 0 204 205
208 309 0 205 206
209 310 0 206 207
210 311 0 207 208
211 312 0 208 209
212 313 0 209 210
213 314 0 210 211
214 315 0 211 212
215 316 0 212 213
216 317 0 213 214
217 318 0 214 215
218 319 0 215 216
219 320 0 216 217
220 321 0 217 218
221 322 0 218 219
222 323 0 219 220
223 324 0 220 221
224 325 0 221 222
225 326 0 222 223
226 327 0 223 224
227 328 0 224 225
228 329 0 225 226
229 330 0 226 227
230 331 0 227 228
231 332 0 228 229
232 333 0 229 230
233 334 0 230 231
234 335 0 231 232
235 336 0 232 233
236 337 0 233 234
237 338 0 234 235
238 339 0 235 236
239 340 0 236 237
240 341 0 237 238
241 342 0 238 239
242 343 0 239 240
243 344 0 240 241
244 345 0 241 242
245 346 0 242 243
246 347 0 243 244
247 348 0 244 245
248 349 0 245 246
249 350 0 246 247
250 351 0 247 248
251 352 0 248 249
252 353 0 249 250
253 354 0 250 251
254 355 0 251 252
255 356 0 252 253
256 357 0 253 254
257 358 0 254 255
258 359 0 255 256
259 360 0 256 257
260 361 0 257 258
261 362 0 258 259
262 363 0 259 260
263 364 0 260 261
264 365 0 261 262
265 366 0 262 263
266 367 0 263 264
267 368 0 264 265
268 369 0 265 266
269 370 0 266 267
270 371 0 267 268
271 372 0 268 269
272 373 0 269 270
273 374 0 270 271
274 375 0 271 272
275 376 0 272 273
276 377 0 273 274
277 378 0 274 275
278 379 0 275 276
279 380 0 276 277
280 381 0 277 278
281 382 0 278 279
282 383 0 279 280
283 384 0 280 281
284 385 0 281 282
285 386 0 282 283
286 387 0 283 284
287 388 0 284 285
288 389 0 285 286
289 390 0 286 287
290 391 0 287 288
291 392 0 288 289
292 393 0 289 290
293 394 0 290 291
294 395 0 291 292
295 396 0 292 293
296 397 0 293 294
297 398 0 294 295
298 399 0 295 296
299 400 0 296 297
300 401 0 297 298
301 402 0 298 299
303 404 0 300 399
304 405 0 300 301
305 406 0 301 302
306 407 0 302 303
307 408 0 303 304
308 409 0 304 305
309 410 0 305 306
310 411 0 306 307
311 412 0 307 308
312 413 0 308 309
313 414 0 309 310
314 415 0 310 311
315 416 0 311 312
316 417 0 312 313
317 418 0 313 314
318 419 0 314 315
319 420 0 315 316
320 421 0 316 317
321 422 0 317 318
322 423 0 318 319
323 424 0 319 320
324 425 0 320 321
325 426 0 321 322
326 427 0 322 323
327 428 0 323 324
328 429 0 324 325
329 430 0 325 326
330 431 0 326 327
331 432 0 327 328
332 433 0 328 329
333 434 0 329 330
334 435 0 330 331
335 436 0 331 332
336 437 0 332 333
337 438 0 333 334
338 439 0 334 335
339 440 0 335 336
340 441 0 336 337
341 442 0 337 338
342 443 0 338 339
343 444 0 339 340
344 445 0 340 341
345 446 0 341 342
346 447 0 342 343
347 448 0 343 344
348 449 0 344 345
349 450 0 345 346
350 451 0 346 347
351 452 0 347 348
352 453 0 348 349
353 454 0 349 350
354 455 0 350 351
355 456 0 351 352
356 457 0 352 353
357 458 0 353 354
358 459 0 354 355
359 460 0 355 356
360 461 0 356 357
361 462 0 357 358
362 463 0 358 359
363 464 0 359 360
364 465 0 360 361
365 466 0 361 362
366 467 0 362 363
367 468 0 363 364
368 469 0 364 365
369 470 0 365 366
370 471 0 366 367
371 472 0 367 368
372 473 0 368 369
373 474 0 369 370
374 475 0 370 371
375 476 0 371 372
376 477 0 372 373
377 478 0 373 374
378 479 0 374 375
379 480 0 375 376
380 481 0 376 377
381 482 0 377 378
382 483 0 378 379
383 484 0 379 380
384 485 0 380 381
385 486 0 381 382
386 487 0 382 383
387 488 0 383 384
388 489 0 384 385
389 490 0 385 386
390 491 0 386 387
391 492 0 387 388
392 493 0 388 389
393 494 0 389 390
394 495 0 390 391
395 496 0 391 392
396 497 0 392 393
397 498 0 393 394
398 499 0 394 395
399 500 0 395 396
400 501 0 396 397
401 502 0 397 398
402 503 0 398 399
404 505 0 400 499
405 506 0 400 401
406 507 0 401 402
407 508 0 402 403
408 509 0 403 404
409 510 0 404 405
410 511 0 405 406
411 512 0 406 407
412 513 0 407 408
413 514 0 408 409
414 515 0 409 410
415 516 0 410 411
416 517 0 411 412
417 518 0 412 413
418 519 0 413 414
419 520 0 414 415
420 521 0 415 416
421 522 0 416 417
422 523 0 417 418
423 524 0 418 419
424 525 0 419 420
425 526 0 420 421
426 527 0 421 422
427 528 0 422 423
428 529 0 423 424
429 530 0 424 425
430 531 0 425 426
431 532 0 426 427
432 533 0 427 428
433 534 0 428 429
434 535 0 429 430
435 536 0 430 431
436 537 0 431 432
437 538 0 432 433
438 539 0 433 434
439 540 0 434 435
440 541 0 435 436
441 542 0 436 437
442 543 0 437 438
443 544 0 438 439
444 545 0 439 440
445 546 0 440 441
446 547 0 441 442
447 548 0 442 443
448 549 0 443 444
449 550 0 444 445
450 551 0 445 446
451 552 0 446 447
452 553 0 447 448
453 554 0 448 449
454 555 0 449 450
455 556 0 450 451
456 557 0 451 452
457 558 0 452 453
458 559 0 453 454
459 560 0 454 455
460 561 0 455 456
461 562 0 456 457
462 563 0 457 458
463 564 0 458 459
464 565 0 459 460
465 566 0 460 461
466 567 0 461 462
467 568 0 462 463
468 569 0 463 464
469 570 0 464 465
470 571 0 465 466
471 572 0 466 467
472 573 0 467 468
473 574 0 468 469
474 575 0 469 470
475 576 0 470 471
476 577 0 471 472
477 578 0 472 473
478 579 0 473 474
479 580 0 474 475
480 581 0 475 476
481 582 0 476 477
482 583 0 477 478
483 584 0 478 479
484 585 0 479 480
485 586 0 480 481
486 587 0 481 482
487 588 0 482 483
488 589 0 483 484
489 590 0 484 485
490 591 0 485 486
491 592 0 486 487
492 593 0 487 488
493 594 0 488 489
494 595 0 489 490
495 596 0 490 491
496 597 0 491 492
497 598 0 492 493
498 599 0 493 494
499 600 0 494 495
500 601 0 495 496
501 602 0 496 497
502 603 0 497 498
503 604 0 498 499
505 606 0 500 599
506 607 0 500 501
507 608 0 501 502
508 609 0 502 503
509 610 0 503 504
510 611 0 504 505
511 612 0 505 506
512 613 0 506 507
513 614 0 507 508
514 615 0 508 509
515 616 0 509 510
516 617 0 510 511
517 618 0 511 512
518 619 0 512 513
519 620 0 513 514
520 621 0 514 515
521 622 0 515 516
522 623 0 516 517
523 624 0 517 518
524 625 0 518 519
525 626 0 519 520
526 627 0 520 521
527 628 0 521 522
528 629 0 522 523
529 630 0 523 524
530 631 0 524 525
531 632 0 525 526
532 633 0 526 527
533 634 0 527 528
534 635 0 528 529
535 636 0 529 530
536 637 0 530 531
537 638 0 531 532
538 639 0 532 533
539 640 0 533 534
540 641 0 534 535
541 642 0 535 536
542 643 0 536 537
543 644 0 537 538
544 645 0 538 539
545 646 0 539 540
546 647 0 540 541
547 648 0 541 542
548 649 0 542 543
549 650 0 543 544
550 651 0 544 545
551 652 0 545 546
552 653 0 546 547
553 654 0 547 548
554 655 0 548 549
555 656 0 549 550
556 657 0 550 551
557 658 0 551 552
558 659 0 552 553
559 660 0 553 554
560 661 0 554 555
561 662 0 555 556
562 663 0 556 557
563 664 0 557 558
564 665 0 558 559
565 666 0 559 560
566 667 0 560 561
567 668 0 561 562
568 669 0 562 563
569 670 0 563 564
570 671 0 564 565
571 672 0 565 566
572 673 0 566 567
573 674 0 567 568
574 675 0 568 569
575 676 0 569 570
576 677 0 570 571
577 678 0 571 572
578 679 0 572 573
579 680 0 573 574
580 681 0 574 575
581 682 0 575 576
582 683 0 576 577
583 684 0 577 578
584 685 0 578 579
585 686 0 579 580
586 687 0 580 581
587 688 0 581 582
588 689 0 582 583
589 690 0 583 584
590 691 0 584 585
591 692 0 585 586
592 693 0 586 587
593 694 0 587 588
594 695 0 588 589
595 696 0 589 590
596 697 0 590 591
597 698 0 591 592
598 699 0 592 593
599 700 0 593 594
600 701 0 594 595
601 702 0 595 596
602 703 0 596 597
603 704 0 597 598
604 705 0 598 599
606 707 0 600 699
607 708 0 600 601
608 709 0 601 602
609 710 0 602 603
610 711 0 603 604
611 712 0 604 605
612 713 0 605 606
613 714 0 606 607
614 715 0 607 608
615 716 0 608 609
616 717 0 609 610
617 718 0 610 611
618 719 0 611 612
619 720 0 612 613
620 721 0 613 614
621 722 0 614 615
622 723 0 615 616
623 724 0 616 617
624 725 0 617 618
625 726 0 618 619
626 727 0 619 620
627 728 0 620 621
628 729 0 621 622
629 730 0 622 623
630 731 0 623 624
631 732 0 624 625
632 733 0 625 626
633 734 0 626 627
634 735 0 627 628
635 736 0 628 629
636 737 0 629 630
637 738 0 630 631
638 739 0 631 632
639 740 0 632 633
640 741 0 633 634
641 742 0 634 635
642 743 0 635 636
643 744 0 636 637
644 745 0 637 638
645 746 0 638 639
646 747 0 639 640
647 748 0 640 641
648 749 0 641 642
649 750 0 642 643
650 751 0 643 644
651 752 0 644 645
652 753 0 645 646
653 754 0 646 647
654 755 0 647 648
655 756 0 648 649
656 757 0 649 650
657 758 0 650 651
658 759 0 651 652
659 760 0 652 653
660 761 0 653 654
661 762 0 654 655
662 763 0 655 656
663 764 0 656 657
664 765 0 657 658
665 766 0 658 659
666 767 0 659 660
667 768 0 660 661
668 769 0 661 662
669 770 0 662 663
670 771 0 663 664
671 772 0 664 665
672 773 0 665 666
673 774 0 666 667
674 775 0 667 668
675 776 0 668 669
676 777 0 669 670
677 778 0 670 671
678 779 0 671 672
679 780 0 672 673
680 781 0 673 674
681 782 0 674 675
682 783 0 675 676
683 784 0 676 677
684 785 0 677 678
685 786 0 678 679
686 787 0 679 680
687 788 0 680 681
688 789 0 681 682
689 790 0 682 683
690 791 0 683 684
691 792 0 684 685
692 793 0 685 686
693 794 0 686 687
694 795 0 687 688
695 796 0 688 689
696 797 0 689 690
697 798 0 690 691
698 799 0 691 692
699 800 0 692 693
700 801 0 693 694
701 802 0 694 695
702 803 0 695 696
703 804 0 696 697
704 805 0 697 698
705 806 0 698 699
707 808 0 700 799
708 809 0 700 701
709 810 0 701 702
710 811 0 702 703
711 812 0 703 704
712 813 0 704 705
713 814 0 705 706
714 815 0 706 707
715 816 0 707 708
716 817 0 708 709
717 818 0 709 710
718 819 0 710 711
719 820 0 711 712
720 821 0 712 713
721 822 0 713 714
722 823 0 714 715
723 824 0 715 716
724 825 0 716 717
725 826 0 717 718
726 827 0 718 719
727 828 0 719 720
728 829 0 720 721
729 830 0 721 722
730 831 0 722 723
731 832 0 723 724
732 833 0 724 725
733 834 0 725 726
734 835 0 726 727
735 836 0 727 728
736 837 0 728 729
737 838 0 729 730
738 839 0 730 731
739 840 0 731 732
740 841 0 732 733
741 842 0 733 734
742 843 0 734 735
743 844 0 735 736
744 845 0 736 737
745 846 0 737 738
746 847 0 738 739
747 848 0 739 740
748 849 0 740 741
749 850 0 741 742
750 851 0 742 743
751 852 0 743 744
752 853 0 744 745
753 854 0 745 746
754 855 0 746 747
755 856 0 747 748
756 857 0 748 749
757 858 0 749 750
758 859 0 750 751
759 860 0 751 752
760 861 0 752 753
761 862 0 753 754
762 863 0 754 755
763 864 0 755 756
764 865 0 756 757
765 866 0 757 758
766 867 0 758 759
767 868 0 759 760
768 869 0 760 761
769 870 0 761 762
770 871 0 762 763
771 872 0 763 764
772 873 0 764 765
773 874 0 765 766
774 875 0 766 767
775 876 0 767 768
776 877 0 768 769
777 878 0 769 770
778 879 0 770 771
779 880 0 771 772
780 881 0 772 773
781 882 0 773 774
782 883 0 774 775
783 884 0 775 776
784 885 0 776 777
785 886 0 777 778
786 887 0 778 779
787 888 0 779 780
788 889 0 780 781
789 890 0 781 782
790 891 0 782 783
791 892 0 783 784
792 893 0 784 785
793 894 0 785 786
794 895 0 786 787
795 896 0 787 788
796 897 0 788 789
797 898 0 789 790
798 899 0 790 791
799 900 0 791 792
800 901 0 792 793
801 902 0 793 794
802 903 0 794 795
803 904 0 795 796
804 905 0 796 797
805 906 0 797 798
806 907 0 798 799
808 909 0 800 899
809 910 0 800 801
810 911 0 801 802
811 912 0 802 803
812 913 0 803 804
813 914 0 804 805
814 915 0 805 806
815 916 0 806 807
816 917 0 807 808
817 918 0 808 809
818 919 0 809 810
819 920 0 810 811
820 921 0 811 812
821 922 0 812 813
822 923 0 813 814
823 924 0 814 815
824 925 0 815 816
825 926 0 816 817
826 927 0 817 818
827 928 0 818 819
828 929 0 819 820
829 930 0 820 821
830 931 0 821 822
831 932 0 822 823
832 933 0 823 824
833 934 0 824 825
834 935 0 825 826
835 936 0 826 827
836 937 0 827 828
837 938 0 828 829
838 939 0 829 830
839 940 0 830 831
840 941 0 831 832
841 942 0 832 833
842 943 0 833 834
843 944 0 834 835
844 945 0 835 836
845 946 0 836 837
846 947 0 837 838
847 948 0 838 839
848 949 0 839 840
849 950 0 840 841
850 951 0 841 842
851 952 0 842 843
852 953 0 843 844
853 954 0 844 845
854 955 0 845 846
855 956 0 846 847
856 957 0 847 848
857 958 0 848 849
858 959 0 849 850
859 960 0 850 851
860 961 0 851 852
861 962 0 852 853
862 963 0 853 854
863 964 0 854 855
864 965 0 855 856
865 966 0 856 857
866 967 0 857 858
867 968 0 858 859
868 969 0 859 860
869 970 0 860 861
870 971 0 861 862
871 972 0 862 863
872 973 0 863 864
873 974 0 864 865
874 975 0 865 866
875 976 0 866 867
876 977 0 867 868
877 978 0 868 869
878 979 0 869 870
879 980 0 870 871
880 981 0 871 872
881 982 0 872 873
882 983 0 873 874
883 984 0 874 875
884 985 0 875 876
885 986 0 876 877
886 987 0 877 878
887 988 0 878 879
888 989 0 879 880
889 990 0 880 881
890 991 0 881 882
891 992 0 882 883
892 993 0 883 884
893 994 0 884 885
894 995 0 885 886
895 996 0 886 887
896 997 0 887 888
897 998 0 888 889
898 999 0 889 890
899 1000 0 890 891
900 1001 0 891 892
901 1002 0 892 893
902 1003 0 893 894
903 1004 0 894 895
904 1005 0 895 896
905 1006 0 896 897
906 1007 0 897 898
907 1008 0 898 899
909 1010 0 900 999
910 1011 0 900 901
911 1012 0 901 902
912 1013 0 902 903
913 1014 0 903 904
914 1015 0 904 905
915 1016 0 905 906
916 1017 0 906 907
917 1018 0 907 908
918 1019 0 908 909
919 1020 0 909 910
920 1021 0 910 911
921 1022 0 911 912
922 1023 0 912 913
923 1024 0 913 914
924 1025 0 914 915
925 1026 0 915 916
926 1027 0 916 917
927 1028 0 917 918
928 1029 0 918 919
929 1030 0 919 920
930 1031 0 920 921
931 1032 0 921 922
932 1033 0 922 923
933 1034 0 923 924
934 1035 0 924 925
935 1036 0 925 926
936 1037 0 926 927
937 1038 0 927 928
938 1039 0 928 929
939 1040 0 929 930
940 1041 0 930 931
941 1042 0 931 932
942 1043 0 932 933
943 1044 0 933 934
944 1045 0 934 935
945 1046 0 935 936
946 1047 0 936 937
947 1048 0 937 938
948 1049 0 938 939
949 1050 0 939 940
950 1051 0 940 941
951 1052 0 941 942
952 1053 0 942 943
953 1054 0 943 944
954 1055 0 944 945
955 1056 0 945 946
956 1057 0 946 947
957 1058 0 947 948
958 1059 0 948 949
959 1060 0 949 950
960 1061 0 950 951
961 1062 0 951 952
962 1063 0 952 953
963 1064 0 953 954
964 1065 0 954 955
965 1066 0 955 956
966 1067 0 956 957
967 1068 0 957 958
968 1069 0 958 959
969 1070 0 959 960
970 1071 0 960 961
971 1072 0 961 962
972 1073 0 962 963
973 1074 0 963 964
974 1075 0 964 965
975 1076 0 965 966
976 1077 0 966 967
977 1078 0 967 968
978 1079 0 968 969
979 1080 0 969 970
980 1081 0 970 971
981 1082 0 971 972
982 1083 0 972 973
983 1084 0 973 974
984 1085 0 974 975
985 1086 0 975 976
986 1087 0 976 977
987 1088 0 977 978
988 1089 0 978 979
989 1090 0 979 980
990 1091 0 980 981
991 1092 0 981 982
992 1093 0 982 983
993 1094 0 983 984
994 1095 0 984 985
995 1096 0 985 986
996 1097 0 986 987
997 1098 0 987 988
998 1099 0 988 989
999 1100 0 989 990
1000 1101 0 990 991
1001 1102 0 991 992
1002 1103 0 992 993
1003 1104 0 993 994
1004 1105 0 994 995
1005 1106 0 995 996
1006 1107 0 996 997
1007 1108 0 997 998
1008 1109 0 998 999
0 1 1 0 -1
1 2 1 1 -1
2 3 1 2 -1
3 4 1 3 -1
4 5 1 4 -1
5 6 1 5 -1
6 7 1 6 -1
7 8 1 7 -1
8 9 1 8 -1
9 10 1 9 -1
10 11 1 10 -1
11 12 1 11 -1
12 13 1 12 -1
13 14 1 13 -1
14 15 1 14 -1
15 16 1 15 -1
16 17 1 16 -1
17 18 1 17 -1
18 19 1 18 -1
19 20 1 19 -1
20 21 1 20 -1
21 22 1 21 -1
22 23 1 22 -1
23 24 1 23 -1
24 25 1 24 -1
25 26 1 25 -1
26 27 1 26 -1
27 28 1 27 -1
28 29 1 28 -1
29 30 1 29 -1
30 31 1 30 -1
31 32 1 31 -1
32 33 1 32 -1
33 34 1 33 -1
34 35 1 34 -1
35 36 1 35 -1
36 37 1 36 -1
37 38 1 37 -1
38 39 1 38 -1
39 40 1 39 -1
40 41 1 40 -1
41 42 1 41 -1
42 43 1 42 -1
43 44 1 43 -1
44 45 1 44 -1
45 46 1 45 -1
46 47 1 46 -1
47 48 1 47 -1
48 49 1 48 -1
49 50 1 49 -1
50 51 1 50 -1
51 52 1 51 -1
52 53 1 52 -1
53 54 1 53 -1
54 55 1 54 -1
55 56 1 55 -1
56 57 1 56 -1
57 58 1 57 -1
58 59 1 58 -1
59 60 1 59 -1
60 61 1 60 -1
61 62 1 61 -1
62 63 1 62 -1
63 64 1 63 -1
64 65 1 64 -1
65 66 1 65 -1
66 67 1 66 -1
67 68 1 67 -1
68 69 1 68 -1
69 70 1 69 -1
70 71 1 70 -1
71 72 1 71 -1
72 73 1 72 -1
73 74 1 73 -1
74 75 1 74 -1
75 76 1 75 -1
76 77 1 76 -1
77 78 1 77 -1
78 79 1 78 -1
79 80 1 79 -1
80 81 1 80 -1
81 82 1 81 -1
82 83 1 82 -1
83 84 1 83 -1
84 85 1 84 -1
85 86 1 85 -1
86 87 1 86 -1
87 88 1 87 -1
88 89 1 88 -1
89 90 1 89 -1
90 91 1 90 -1
91 92 1 91 -1
92 93 1 92 -1
93 94 1 93 -1
94 95 1 94 -1
95 96 1 95 -1
96 97 1 96 -1
97 98 1 97 -1
98 99 1 98 -1
99 100 1 99 -1
101 102 0 100 0
102 103 0 101 1
103 104 0 102 2
104 105 0 103 3
105 106 0 104 4
106 107 0 105 5
107 108 0 106 6
108 109 0 107 7
109 110 0 108 8
110 111 0 109 9
111 112 0 110 10
112 113 0 111 11
113 114 0 112 12
114 115 0 113 13
115 116 0 114 14
116 117 0 115 15
117 118 0 116 16
118 119 0 117 17
119 120 0 118 18
120 121 0 119 19
121 122 0 120 20
122 123 0 121 21
123 124 0 122 22
124 125 0 123 23
125 126 0 124 24
126 127 0 125 25
127 128 0 126 26
128 129 0 127 27
129 130 0 128 28
130 131 0 129 29
131 132 0 130 30
132 133 0 131 31
133 134 0 132 32
134 135 0 133 33
135 136 0 134 34
136 137 0 135 35
137 138 0 136 36
138 139 0 137 37
139 140 0 138 38
140 141 0 139 39
141 142 0 140 40
142 143 0 141 41
143 144 0 142 42
144 145 0 143 43
145 146 0 144 44
146 147 0 145 45
147 148 0 146 46
148 149 0 147 47
149 150 0 148 48
150 151 0 149 49
151 152 0 150 50
152 153 0 151 51
153 154 0 152 52
154 155 0 153 53
155 156 0 154 54
156 157 0 155 55
157 158 0 156 56
158 159 0 157 57
159 160 0 158 58
160 161 0 159 59
161 162 0 160 60
162 163 0 161 61
163 164 0 162 62
164 165 0 163 63
165 166 0 164 64
166 167 0 165 65
167 168 0 166 66
168 169 0 167 67
169 170 0 168 68
170 171 0 169 69
171 172 0 170 70
172 173 0 171 71
173 174 0 172 72
174 175 0 173 73
175 176 0 174 74
176 177 0 175 75
177 178 0 176 76
178 179 0 177 77
179 180 0 178 78
180 181 0 179 79
181 182 0 180 80
182 183 0 181 81
183 184 0 182 82
184 185 0 183 83
185 186 0 184 84
186 187 0 185 85
187 188 0 186 86
188 189 0 187 87
189 190 0 188 88
190 191 0 189 89
191 192 0 190 90
192 193 0 191 91
193 194 0 192 92
194 195 0 193 93
195 196 0 194 94
196 197 0 195 95
197 198 0 196 96
198 199 0 197 97
199 200 0 198 98
200 201 0 199 99
202 203 0 200 100
203 204 0 201 101
204 205 0 202 102
205 206 0 203 103
206 207 0 204 104
207 208 0 205 105
208 209 0 206 106
209 210 0 207 107
210 211 0 208 108
211 212 0 209 109
212 213 0 210 110
213 214 0 211 111
214 215 0 212 112
215 216 0 213 113
216 217 0 214 114
217 218 0 215 115
218 219 0 216 116
219 220 0 217 117
220 221 0 218 118
221 222 0 219 119
222 223 0 220 120
223 224 0 221 121
224 225 0 222 122
225 226 0 223 123
226 227 0 224 124
227 228 0 225 125
228 229 0 226 126
229 230 0 227 127
230 231 0 228 128
231 232 0 229 129
232 233 0 230 130
233 234 0 231 131
234 235 0 232 132
235 236 0 233 133
236 237 0 234 134
237 238 0 235 135
238 239 0 236 136
239 240 0 237 137
240 241 0 238 138
241 242 0 239 139
242 243 0 240 140
243 244 0 241 141
244 245 0 242 142
245 246 0 243 143
246 247 0 244 144
247 248 0 245 145
248 249 0 246 146
249 250 0 247 147
250 251 0 248 148
251 252 0 249 149
252 253 0 250 150
253 254 0 251 151
254 255 0 252 152
255 256 0 253 153
256 257 0 254 154
257 258 0 255 155
258 259 0 256 156
259 260 0 257 157
260 261 0 258 158
261 262 0 259 159
262 263 0 260 160
263 264 0 261 161
264 265 0 262 162
265 266 0 263 163
266 267 0 264 164
267 268 0 265 165
268 269 0 266 166
269 270 0 267 167
270 271 0 268 168
271 272 0 269 169
272 273 0 270 170
273 274 0 271 171
274 275 0 272 172
275 276 0 273 173
276 277 0 274 174
277 278 0 275 175
278 279 0 276 176
279 280 0 277 177
280 281 0 278 178
281 282 0 279 179
282 283 0 280 180
283 284 0 281 181
284 285 0 282 182
285 286 0 283 183
286 287 0 284 184
287 288 0 285 185
288 289 0 286 186
289 290 0 287 187
290 291 0 288 188
291 292 0 289 189
292 293 0 290 190
293 294 0 291 191
294 295 0 292 192
295 296 0 293 193
296 297 0 294 194
297 298 0 295 195
298 299 0 296 196
299 300 0 297 197
300 301 0 298 198
301 302 0 299 199
303 304 0 300 200
304 305 0 301 201
305 306 0 302 202
306 307 0 303 203
307 308 0 304 204
308 309 0 305 205
309 310 0 306 206
310 311 0 307 207
311 312 0 308 208
312 313 0 309 209
313 314 0 310 210
314 315 0 311 211
315 316 0 312 212
316 317 0 313 213
317 318 0 314 214
318 319 0 315 215
319 320 0 316 216
320 321 0 317 217
321 322 0 318 218
322 323 0 319 219
323 324 0 320 220
324 325 0 321 221
325 326 0 322 222
326 327 0 323 223
327 328 0 324 224
328 329 0 325 225
329 330 0 326 226
330 331 0 327 227
331 332 0 328 228
332 333 0 329 229
333 334 0 330 230
334 335 0 331 231
335 336 0 332 232
336 337 0 333 233
337 338 0 334 234
338 339 0 335 235
339 340 0 336 236
340 341 0 337 237
341 342 0 338 238
342 343 0 339 239
343 344 0 340 240
344 345 0 341 241
345 346 0 342 242
346 347 0 343 243
347 348 0 344 244
348 349 0 345 245
349 350 0 346 246
350 351 0 347 247
351 352 0 348 248
352 353 0 349 249
353 354 0 350 250
354 355 0 351 251
355 356 0 352 252
356 357 0 353 253
357 358 0 354 254
358 359 0 355 255
359 360 0 356 256
360 361 0 357 257
361 362 0 358 258
362 363 0 359 259
363 364 0 360 260
364 365 0 361 261
365 366 0 362 262
366 367 0 363 263
367 368 0 364 264
368 369 0 365 265
369 370 0 366 266
370 371 0 367 267
371 372 0 368 268
372 373 0 369 269
373 374 0 370 270
374 375 0 371 271
375 376 0 372 272
376 377 0 373 273
377 378 0 374 274
378 379 0 375 275
379 380 0 376 276
380 381 0 377 277
381 382 0 378 278
382 383 0 379 279
383 384 0 380 280
384 385 0 381 281
385 386 0 382 282
386 387 0 383 283
387 388 0 384 284
388 389 0 385 285
389 390 0 386 286
390 391 0 387 287
391 392 0 388 288
392 393 0 389 289
393 394 0 390 290
394 395 0 391 291
395 396 0 392 292
396 397 0 393 293
397 398 0 394 294
398 399 0 395 295
399 400 0 396 296
400 401 0 397 297
401 402 0 398 298
402 403 0 399 299
404 405 0 400 300
405 406 0 401 301
406 407 0 402 302
407 408 0 403 303
408 409 0 404 304
409 410 0 405 305
410 411 0 406 306
411 412 0 407 307
412 413 0 408 308
413 414 0 409 309
414 415 0 410 310
415 416 0 411 311
416 417 0 412 312
417 418 0 413 313
418 419 0 414 314
419 420 0 415 315
420 421 0 416 316
421 422 0 417 317
422 423 0 418 318
423 424 0 419 319
424 425 0 420 320
425 426 0 421 321
426 427 0 422 322
427 428 0 423 323
428 429 0 424 324
429 430 0 425 325
430 431 0 426 326
431 432 0 427 327
432 433 0 428 328
433 434 0 429 329
434 435 0 430 330
435 436 0 431 331
436 437 0 432 332
437 438 0 433 333
438 439 0 434 334
439 440 0 435 335
440 441 0 436 336
441 442 0 437 337
442 443 0 438 338
443 444 0 439 339
444 445 0 440 340
445 446 0 441 341
446 447 0 442 342
447 448 0 443 343
448 449 0 444 344
449 450 0 445 345
450 451 0 446 346
451 452 0 447 347
452 453 0 448 348
453 454 0 449 349
454 455 0 450 350
455 456 0 451 351
456 457 0 452 352
457 458 0 453 353
458 459 0 454 354
459 460 0 455 355
460 461 0 456 356
461 462 0 457 357
462 463 0 458 358
463 464 0 459 359
464 465 0 460 360
465 466 0 461 361
466 467 0 462 362
467 468 0 463 363
468 469 0 464 364
469 470 0 465 365
470 471 0 466 366
471 472 0 467 367
472 473 0 468 368
473 474 0 469 369
474 475 0 470 370
475 476 0 471 371
476 477 0 472 372
477 478 0 473 373
478 479 0 474 374
479 480 0 475 375
480 481 0 476 376
481 482 0 477 377
482 483 0 478 378
483 484 0 479 379
484 485 0 480 380
485 486 0 481 381
486 487 0 482 382
487 488 0 483 383
488 489 0 484 384
489 490 0 485 385
490 491 0 486 386
491 492 0 487 387
492 493 0 488 388
493 494 0 489 389
494 495 0 490 390
495 496 0 491 391
496 497 0 492 392
497 498 0 493 393
498 499 0 494 394
499 500 0 495 395
500 501 0 496 396
501 502 0 497 397
502 503 0 498 398
503 504 0 499 399
505 506 0 500 400
506 507 0 501 401
507 508 0 502 402
508 509 0 503 403
509 510 0 504 404
510 511 0 505 405
511 512 0 506 406
512 513 0 507 407
513 514 0 508 408
514 515 0 509 409
515 516 0 510 410
516 517 0 511 411
517 518 0 512 412
518 519 0 513 413
519 520 0 514 414
520 521 0 515 415
521 522 0 516 416
522 523 0 517 417
523 524 0 518 418
524 525 0 519 419
525 526 0 520 420
526 527 0 521 421
527 528 0 522 422
528 529 0 523 423
529 530 0 524 424
530 531 0 525 425
531 532 0 526 426
532 533 0 527 427
533 534 0 528 428
534 535 0 529 429
535 536 0 530 430
536 537 0 531 431
537 538 0 532 432
538 539 0 533 433
539 540 0 534 434
540 541 0 535 435
541 542 0 536 436
542 543 0 537 437
543 544 0 538 438
544 545 0 539 439
545 546 0 540 440
546 547 0 541 441
547 548 0 542 442
548 549 0 543 443
549 550 0 544 444
550 551 0 545 445
551 552 0 546 446
552 553 0 547 447
553 554 0 548 448
554 555 0 549 449
555 556 0 550 450
556 557 0 551 451
557 558 0 552 452
558 559 0 553 453
559 560 0 554 454
560 561 0 555 455
561 562 0 556 456
562 563 0 557 457
563 564 0 558 458
564 565 0 559 459
565 566 0 560 460
566 567 0 561 461
567 568 0 562 462
568 569 0 563 463
569 570 0 564 464
570 571 0 565 465
571 572 0 566 466
572 573 0 567 467
573 574 0 568 468
574 575 0 569 469
575 576 0 570 470
576 577 0 571 471
577 578 0 572 472
578 579 0 573 473
579 580 0 574 474
580 581 0 575 475
581 582 0 576 476
582 583 0 577 477
583 584 0 578 478
584 585 0 579 479
585 586 0 580 480
586 587 0 581 481
587 588 0 582 482
588 589 0 583 483
589 590 0 584 484
590 591 0 585 485
591 592 0 586 486
592 593 0 587 487
593 594 0 588 488
594 595 0 589 489
595 596 0 590 490
596 597 0 591 491
597 598 0 592 492
598 599 0 593 493
599 600 0 594 494
600 601 0 595 495
601 602 0 596 496
602 603 0 597 497
603 604 0 598 498
604 605 0 599 499
606 607 0 600 500
607 608 0 601 501
608 609 0 602 502
609 610 0 603 503
610 611 0 604 504
611 612 0 605 505
612 613 0 606 506
613 614 0 607 507
614 615 0 608 508
615 616 0 609 509
616 617 0 610 510
617 618 0 611 511
618 619 0 612 512
619 620 0 613 513
620 621 0 614 514
621 622 0 615 515
622 623 0 616 516
623 624 0 617 517
624 625 0 618 518
625 626 0 619 519
626 627 0 620 520
627 628 0 621 521
628 629 0 622 522
629 630 0 623 523
630 631 0 624 524
631 632 0 625 525
632 633 0 626 526
633 634 0 627 527
634 635 0 628 528
635 636 0 629 529
636 637 0 630 530
637 638 0 631 531
638 639 0 632 532
639 640 0 633 533
640 641 0 634 534
641 642 0 635 535
642 643 0 636 536
643 644 0 637 537
644 645 0 638 538
645 646 0 639 539
646 647 0 640 540
647 648 0 641 541
648 649 0 642 542
649 650 0 643 543
650 651 0 644 544
651 652 0 645 545
652 653 0 646 546
653 654 0 647 547
654 655 0 648 548
655 656 0 649 549
656 657 0 650 550
657 658 0 651 551
658 659 0 652 552
659 660 0 653 553
660 661 0 654 554
661 662 0 655 555
662 663 0 656 556
663 664 0 657 557
664 665 0 658 558
665 666 0 659 559
666 667 0 660 560
667 668 0 661 561
668 669 0 662 562
669 670 0 663 563
670 671 0 664 564
671 672 0 665 565
672 673 0 666 566
673 674 0 667 567
674 675 0 668 568
675 676 0 669 569
676 677 0 670 570
677 678 0 671 571
678 679 0 672 572
679 680 0 673 573
680 681 0 674 574
681 682 0 675 575
682 683 0 676 576
683 684 0 677 577
684 685 0 678 578
685 686 0 679 579
686 687 0 680 580
687 688 0 681 581
688 689 0 682 582
689 690 0 683 583
690 691 0 684 584
691 692 0 685 585
692 693 0 686 586
693 694 0 687 587
694 695 0 688 588
695 696 0 689 589
696 697 0 690 590
697 698 0 691 591
698 699 0 692 592
699 700 0 693 593
700 701 0 694 594
701 702 0 695 595
702 703 0 696 596
703 704 0 697 597
704 705 0 698 598
705 706 0 699 599
707 708 0 700 600
708 709 0 701 601
709 710 0 702 602
710 711 0 703 603
711 712 0 704 604
712 713 0 705 605
713 714 0 706 606
714 715 0 707 607
715 716 0 708 608
716 717 0 709 609
717 718 0 710 610
718 719 0 711 611
719 720 0 712 612
720 721 0 713 613
721 722 0 714 614
722 723 0 715 615
723 724 0 716 616
724 725 0 717 617
725 726 0 718 618
726 727 0 719 619
727 728 0 720 620
728 729 0 721 621
729 730 0 722 622
730 731 0 723 623
731 732 0 724 624
732 733 0 725 625
733 734 0 726 626
734 735 0 727 627
735 736 0 728 628
736 737 0 729 629
737 738 0 730 630
738 739 0 731 631
739 740 0 732 632
740 741 0 733 633
741 742 0 734 634
742 743 0 735 635
743 744 0 736 636
744 745 0 737 637
745 746 0 738 638
746 747 0 739 639
747 748 0 740 640
748 749 0 741 641
749 750 0 742 642
750 751 0 743 643
751 752 0 744 644
752 753 0 745 645
753 754 0 746 646
754 755 0 747 647
755 756 0 748 648
756 757 0 749 649
757 758 0 750 650
758 759 0 751 651
759 760 0 752 652
760 761 0 753 653
761 762 0 754 654
762 763 0 755 655
763 764 0 756 656
764 765 0 757 657
765 766 0 758 658
766 767 0 759 659
767 768 0 760 660
768 769 0 761 661
769 770 0 762 662
770 771 0 763 663
771 772 0 764 664
772 773 0 765 665
773 774 0 766 666
774 775 0 767 667
775 776 0 768 668
776 777 0 769 669
777 778 0 770 670
778 779 0 771 671
779 780 0 772 672
780 781 0 773 673
781 782 0 774 674
782 783 0 775 675
783 784 0 776 676
784 785 0 777 677
785 786 0 778 678
786 787 0 779 679
787 788 0 780 680
788 789 0 781 681
789 790 0 782 682
790 791 0 783 683
791 792 0 784 684
792 793 0 785 685
793 794 0 786 686
794 795 0 787 687
795 796 0 788 688
796 797 0 789 689
797 798 0 790 690
798 799 0 791 691
799 800 0 792 692
800 801 0 793 693
801 802 0 794 694
802 803 0 795 695
803 804 0 796 696
804 805 0 797 697
805 806 0 798 698
806 807 0 799 699
808 809 0 800 700
809 810 0 801 701
810 811 0 802 702
811 812 0 803 703
812 813 0 804 704
813 814 0 805 705
814 815 0 806 706
815 816 0 807 707
816 817 0 808 708
817 818 0 809 709
818 819 0 810 710
819 820 0 811 711
820 821 0 812 712
821 822 0 813 713
822 823 0 814 714
823 824 0 815 715
824 825 0 816 716
825 826 0 817 717
826 827 0 818 718
827 828 0 819 719
828 829 0 820 720
829 830 0 821 721
830 831 0 822 722
831 832 0 823 723
832 833 0 824 724
833 834 0 825 725
834 835 0 826 726
835 836 0 827 727
836 837 0 828 728
837 838 0 829 729
838 839 0 830 730
839 840 0 831 731
840 841 0 832 732
841 842 0 833 733
842 843 0 834 734
843 844 0 835 735
844 845 0 836 736
845 846 0 837 737
846 847 0 838 738
847 848 0 839 739
848 849 0 840 740
849 850 0 841 741
850 851 0 842 742
851 852 0 843 743
852 853 0 844 744
853 854 0 845 745
854 855 0 846 746
855 856 0 847 747
856 857 0 848 748
857 858 0 849 749
858 859 0 850 750
859 860 0 851 751
860 861 0 852 752
861 862 0 853 753
862 863 0 854 754
863 864 0 855 755
864 865 0 856 756
865 866 0 857 757
866 867 0 858 758
867 868 0 859 759
868 869 0 860 760
869 870 0 861 761
870 871 0 862 762
871 872 0 863 763
872 873 0 864 764
873 874 0 865 765
874 875 0 866 766
875 876 0 867 767
876 877 0 868 768
877 878 0 869 769
878 879 0 870 770
879 880 0 871 771
880 881 0 872 772
881 882 0 873 773
882 883 0 874 774
883 884 0 875 775
884 885 0 876 776
885 886 0 877 777
886 887 0 878 778
887 888 0 879 779
888 889 0 880 780
889 890 0 881 781
890 891 0 882 782
891 892 0 883 783
892 893 0 884 784
893 894 0 885 785
894 895 0 886 786
895 896 0 887 787
896 897 0 888 788
897 898 0 889 789
898 899 0 890 790
899 900 0 891 791
900 901 0 892 792
901 902 0 893 793
902 903 0 894 794
903 904 0 895 795
904 905 0 896 796
905 906 0 897 797
906 907 0 898 798
907 908 0 899 799
909 910 0 900 800
910 911 0 901 801
911 912 0 902 802
912 913 0 903 803
913 914 0 904 804
914 915 0 905 805
915 916 0 906 806
916 917 0 907 807
917 918 0 908 808
918 919 0 909 809
919 920 0 910 810
920 921 0 911 811
921 922 0 912 812
922 923 0 913 813
923 924 0 914 814
924 925 0 915 815
925 926 0 916 816
926 927 0 917 817
927 928 0 918 818
928 929 0 919 819
929 930 0 920 820
930 931 0 921 821
931 932 0 922 822
932 933 0 923 823
933 934 0 924 824
934 935 0 925 825
935 936 0 926 826
936 937 0 927 827
937 938 0 928 828
938 939 0 929 829
939 940 0 930 830
940 941 0 931 831
941 942 0 932 832
942 943 0 933 833
943 944 0 934 834
944 945 0 935 835
945 946 0 936 836
946 947 0 937 837
947 948 0 938 838
948 949 0 939 839
949 950 0 940 840
950 951 0 941 841
951 952 0 942 842
952 953 0 943 843
953 954 0 944 844
954 955 0 945 845
955 956 0 946 846
956 957 0 947 847
957 958 0 948 848
958 959 0 949 849
959 960 0 950 850
960 961 0 951 851
961 962 0 952 852
962 963 0 953 853
963 964 0 954 854
964 965 0 955 855
965 966 0 956 856
966 967 0 957 857
967 968 0 958 858
968 969 0 959 859
969 970 0 960 860
970 971 0 961 861
971 972 0 962 862
972 973 0 963 863
973 974 0 964 864
974 975 0 965 865
975 976 0 966 866
976 977 0 967 867
977 978 0 968 868
978 979 0 969 869
979 980 0 970 870
980 981 0 971 871
981 982 0 972 872
982 983 0 973 873
983 984 0 974 874
984 985 0 975 875
985 986 0 976 876
986 987 0 977 877
987 988 0 978 878
988 989 0 979 879
989 990 0 980 880
990 991 0 981 881
991 992 0 982 882
992 993 0 983 883
993 994 0 984 884
994 995 0 985 885
995 996 0 986 886
996 997 0 987 887
997 998 0 988 888
998 999 0 989 889
999 1000 0 990 890
1000 1001 0 991 891
1001 1002 0 992 892
1002 1003 0 993 893
1003 1004 0 994 894
1004 1005 0 995 895
1005 1006 0 996 896
1006 1007 0 997 897
1007 1008 0 998 898
1008 1009 0 999 899
1010 1011 1 900 -1
1011 1012 1 901 -1
1012 1013 1 902 -1
1013 1014 1 903 -1
1014 1015 1 904 -1
1015 1016 1 905 -1
1016 1017 1 906 -1
1017 1018 1 907 -1
1018 1019 1 908 -1
1019 1020 1 909 -1
1020 1021 1 910 -1
1021 1022 1 911 -1
1022 1023 1 912 -1
1023 1024 1 913 -1
1024 1025 1 914 -1
1025 1026 1 915 -1
1026 1027 1 916 -1
1027 1028 1 917 -1
1028 1029 1 918 -1
1029 1030 1 919 -1
1030 1031 1 920 -1
1031 1032 1 921 -1
1032 1033 1 922 -1
1033 1034 1 923 -1
1034 1035 1 924 -1
1035 1036 1 925 -1
1036 1037 1 926 -1
1037 1038 1 927 -1
1038 1039 1 928 -1
1039 1040 1 929 -1
1040 1041 1 930 -1
1041 1042 1 931 -1
1042 1043 1 932 -1
1043 1044 1 933 -1
1044 1045 1 934 -1
1045 1046 1 935 -1
1046 1047 1 936 -1
1047 1048 1 937 -1
1048 1049 1 938 -1
1049 1050 1 939 -1
1050 1051 1 940 -1
1051 1052 1 941 -1
1052 1053 1 942 -1
1053 1054 1 943 -1
1054 1055 1 944 -1
1055 1056 1 945 -1
1056 1057 1 946 -1
1057 1058 1 947 -1
1058 1059 1 948 -1
1059 1060 1 949 -1
1060 1061 1 950 -1
1061 1062 1 951 -1
1062 1063 1 952 -1
1063 1064 1 953 -1
1064 1065 1 954 -1
1065 1066 1 955 -1
1066 1067 1 956 -1
1067 1068 1 957 -1
1068 1069 1 958 -1
1069 1070 1 959 -1
1070 1071 1 960 -1
1071 1072 1 961 -1
1072 1073 1 962 -1
1073 1074 1 963 -1
1074 1075 1 964 -1
1075 1076 1 965 -1
1076 1077 1 966 -1
1077 1078 1 967 -1
1078 1079 1 968 -1
1079 1080 1 969 -1
1080 1081 1 970 -1
1081 1082 1 971 -1
1082 1083 1 972 -1
1083 1084 1 973 -1
1084 1085 1 974 -1
1085 1086 1 975 -1
1086 1087 1 976 -1
1087 1088 1 977 -1
1088 1089 1 978 -1
1089 1090 1 979 -1
1090 1091 1 980 -1
1091 1092 1 981 -1
1092 1093 1 982 -1
1093 1094 1 983 -1
1094 1095 1 984 -1
1095 1096 1 985 -1
1096 1097 1 986 -1
1097 1098 1 987 -1
1098 1099 1 988 -1
1099 1100 1 989 -1
1100 1101 1 990 -1
1101 1102 1 991 -1
1102 1103 1 992 -1
1103 1104 1 993 -1
1104 1105 1 994 -1
1105 1106 1 995 -1
1106 1107 1 996 -1
1107 1108 1 997 -1
1108 1109 1 998 -1
1109 1110 1 999 -1
