0 41 3 0 -1
1 42 0 0 1
2 43 0 1 2
3 44 0 2 3
4 45 0 3 4
5 46 0 4 5
6 47 0 5 6
7 48 0 6 7
8 49 0 7 8
9 50 0 8 9
10 51 0 9 10
11 52 0 10 11
12 53 0 11 12
13 54 0 12 13
14 55 0 13 14
15 56 0 14 15
16 57 0 15 16
17 58 0 16 17
18 59 0 17 18
19 60 0 18 19
20 61 0 19 20
21 62 0 20 21
22 63 0 21 22
23 64 0 22 23
24 65 0 23 24
25 66 0 24 25
26 67 0 25 26
27 68 0 26 27
28 69 0 27 28
29 70 0 28 29
30 71 0 29 30
31 72 0 30 31
32 73 0 31 32
33 74 0 32 33
34 75 0 33 34
35 76 0 34 35
36 77 0 35 36
37 78 0 36 37
38 79 0 37 38
39 80 0 38 39
40 81 1 39 -1
0 1 1 0 -1
1 2 1 1 -1
2 3 1 2 -1
3 4 1 3 -1
4 5 1 4 -1
5 6 1 5 -1
6 7 1 6 -1
7 8 1 7 -1
8 9 1 8 -1
9 10 1 9 -1
10 11 1 10 -1
11 12 1 11 -1
12 13 1 12 -1
13 14 1 13 -1
14 15 1 14 -1
15 16 1 15 -1
16 17 1 16 -1
17 18 1 17 -1
18 19 1 18 -1
19 20 1 19 -1
20 21 1 20 -1
21 22 1 21 -1
22 23 1 22 -1
23 24 1 23 -1
24 25 1 24 -1
25 26 1 25 -1
26 27 1 26 -1
27 28 1 27 -1
28 29 1 28 -1
29 30 1 29 -1
30 31 1 30 -1
31 32 1 31 -1
32 33 1 32 -1
33 34 1 33 -1
34 35 1 34 -1
35 36 1 35 -1
36 37 1 36 -1
37 38 1 37 -1
38 39 1 38 -1
39 40 1 39 -1
41 42 1 0 -1
42 43 1 1 -1
43 44 1 2 -1
44 45 1 3 -1
45 46 1 4 -1
46 47 1 5 -1
47 48 1 6 -1
48 49 1 7 -1
49 50 1 8 -1
50 51 1 9 -1
51 52 1 10 -1
52 53 1 11 -1
53 54 1 12 -1
54 55 1 13 -1
55 56 1 14 -1
56 57 1 15 -1
57 58 1 16 -1
58 59 1 17 -1
59 60 1 18 -1
60 61 1 19 -1
61 62 1 20 -1
62 63 1 21 -1
63 64 1 22 -1
64 65 1 23 -1
65 66 1 24 -1
66 67 1 25 -1
67 68 1 26 -1
68 69 1 27 -1
69 70 1 28 -1
70 71 1 29 -1
71 72 1 30 -1
72 73 1 31 -1
73 74 1 32 -1
74 75 1 33 -1
75 76 1 34 -1
76 77 1 35 -1
77 78 1 36 -1
78 79 1 37 -1
79 80 1 38 -1
80 81 1 39 -1
