4 5.0000000000e+02 5.0000000000e+02 1 102 101 0 -1 100 1 -1
4 1.5000000000e+03 5.0000000000e+02 2 103 102 1 0 101 2 -1
4 2.5000000000e+03 5.0000000000e+02 3 104 103 2 1 102 3 -1
4 3.5000000000e+03 5.0000000000e+02 4 105 104 3 2 103 4 -1
4 4.5000000000e+03 5.0000000000e+02 5 106 105 4 3 104 5 -1
4 5.5000000000e+03 5.0000000000e+02 6 107 106 5 4 105 6 -1
4 6.5000000000e+03 5.0000000000e+02 7 108 107 6 5 106 7 -1
4 7.5000000000e+03 5.0000000000e+02 8 109 108 7 6 107 8 -1
4 8.5000000000e+03 5.0000000000e+02 9 110 109 8 7 108 9 -1
4 9.5000000000e+03 5.0000000000e+02 10 111 110 9 8 109 10 -1
4 1.0500000000e+04 5.0000000000e+02 11 112 111 10 9 110 11 -1
4 1.1500000000e+04 5.0000000000e+02 12 113 112 11 10 111 12 -1
4 1.2500000000e+04 5.0000000000e+02 13 114 113 12 11 112 13 -1
4 1.3500000000e+04 5.0000000000e+02 14 115 114 13 12 113 14 -1
4 1.4500000000e+04 5.0000000000e+02 15 116 115 14 13 114 15 -1
4 1.5500000000e+04 5.0000000000e+02 16 117 116 15 14 115 16 -1
4 1.6500000000e+04 5.0000000000e+02 17 118 117 16 15 116 17 -1
4 1.7500000000e+04 5.0000000000e+02 18 119 118 17 16 117 18 -1
4 1.8500000000e+04 5.0000000000e+02 19 120 119 18 17 118 19 -1
4 1.9500000000e+04 5.0000000000e+02 20 121 120 19 18 119 20 -1
4 2.0500000000e+04 5.0000000000e+02 21 122 121 20 19 120 21 -1
4 2.1500000000e+04 5.0000000000e+02 22 123 122 21 20 121 22 -1
4 2.2500000000e+04 5.0000000000e+02 23 124 123 22 21 122 23 -1
4 2.3500000000e+04 5.0000000000e+02 24 125 124 23 22 123 24 -1
4 2.4500000000e+04 5.0000000000e+02 25 126 125 24 23 124 25 -1
4 2.5500000000e+04 5.0000000000e+02 26 127 126 25 24 125 26 -1
4 2.6500000000e+04 5.0000000000e+02 27 128 127 26 25 126 27 -1
4 2.7500000000e+04 5.0000000000e+02 28 129 128 27 26 127 28 -1
4 2.8500000000e+04 5.0000000000e+02 29 130 129 28 27 128 29 -1
4 2.9500000000e+04 5.0000000000e+02 30 131 130 29 28 129 30 -1
4 3.0500000000e+04 5.0000000000e+02 31 132 131 30 29 130 31 -1
4 3.1500000000e+04 5.0000000000e+02 32 133 132 31 30 131 32 -1
4 3.2500000000e+04 5.0000000000e+02 33 134 133 32 31 132 33 -1
4 3.3500000000e+04 5.0000000000e+02 34 135 134 33 32 133 34 -1
4 3.4500000000e+04 5.0000000000e+02 35 136 135 34 33 134 35 -1
4 3.5500000000e+04 5.0000000000e+02 36 137 136 35 34 135 36 -1
4 3.6500000000e+04 5.0000000000e+02 37 138 137 36 35 136 37 -1
4 3.7500000000e+04 5.0000000000e+02 38 139 138 37 36 137 38 -1
4 3.8500000000e+04 5.0000000000e+02 39 140 139 38 37 138 39 -1
4 3.9500000000e+04 5.0000000000e+02 40 141 140 39 38 139 40 -1
4 4.0500000000e+04 5.0000000000e+02 41 142 141 40 39 140 41 -1
4 4.1500000000e+04 5.0000000000e+02 42 143 142 41 40 141 42 -1
4 4.2500000000e+04 5.0000000000e+02 43 144 143 42 41 142 43 -1
4 4.3500000000e+04 5.0000000000e+02 44 145 144 43 42 143 44 -1
4 4.4500000000e+04 5.0000000000e+02 45 146 145 44 43 144 45 -1
4 4.5500000000e+04 5.0000000000e+02 46 147 146 45 44 145 46 -1
4 4.6500000000e+04 5.0000000000e+02 47 148 147 46 45 146 47 -1
4 4.7500000000e+04 5.0000000000e+02 48 149 148 47 46 147 48 -1
4 4.8500000000e+04 5.0000000000e+02 49 150 149 48 47 148 49 -1
4 4.9500000000e+04 5.0000000000e+02 50 151 150 49 48 149 50 -1
4 5.0500000000e+04 5.0000000000e+02 51 152 151 50 49 150 51 -1
4 5.1500000000e+04 5.0000000000e+02 52 153 152 51 50 151 52 -1
4 5.2500000000e+04 5.0000000000e+02 53 154 153 52 51 152 53 -1
4 5.3500000000e+04 5.0000000000e+02 54 155 154 53 52 153 54 -1
4 5.4500000000e+04 5.0000000000e+02 55 156 155 54 53 154 55 -1
4 5.5500000000e+04 5.0000000000e+02 56 157 156 55 54 155 56 -1
4 5.6500000000e+04 5.0000000000e+02 57 158 157 56 55 156 57 -1
4 5.7500000000e+04 5.0000000000e+02 58 159 158 57 56 157 58 -1
4 5.8500000000e+04 5.0000000000e+02 59 160 159 58 57 158 59 -1
4 5.9500000000e+04 5.0000000000e+02 60 161 160 59 58 159 60 -1
4 6.0500000000e+04 5.0000000000e+02 61 162 161 60 59 160 61 -1
4 6.1500000000e+04 5.0000000000e+02 62 163 162 61 60 161 62 -1
4 6.2500000000e+04 5.0000000000e+02 63 164 163 62 61 162 63 -1
4 6.3500000000e+04 5.0000000000e+02 64 165 164 63 62 163 64 -1
4 6.4500000000e+04 5.0000000000e+02 65 166 165 64 63 164 65 -1
4 6.5500000000e+04 5.0000000000e+02 66 167 166 65 64 165 66 -1
4 6.6500000000e+04 5.0000000000e+02 67 168 167 66 65 166 67 -1
4 6.7500000000e+04 5.0000000000e+02 68 169 168 67 66 167 68 -1
4 6.8500000000e+04 5.0000000000e+02 69 170 169 68 67 168 69 -1
4 6.9500000000e+04 5.0000000000e+02 70 171 170 69 68 169 70 -1
4 7.0500000000e+04 5.0000000000e+02 71 172 171 70 69 170 71 -1
4 7.1500000000e+04 5.0000000000e+02 72 173 172 71 70 171 72 -1
4 7.2500000000e+04 5.0000000000e+02 73 174 173 72 71 172 73 -1
4 7.3500000000e+04 5.0000000000e+02 74 175 174 73 72 173 74 -1
4 7.4500000000e+04 5.0000000000e+02 75 176 175 74 73 174 75 -1
4 7.5500000000e+04 5.0000000000e+02 76 177 176 75 74 175 76 -1
4 7.6500000000e+04 5.0000000000e+02 77 178 177 76 75 176 77 -1
4 7.7500000000e+04 5.0000000000e+02 78 179 178 77 76 177 78 -1
4 7.8500000000e+04 5.0000000000e+02 79 180 179 78 77 178 79 -1
4 7.9500000000e+04 5.0000000000e+02 80 181 180 79 78 179 80 -1
4 8.0500000000e+04 5.0000000000e+02 81 182 181 80 79 180 81 -1
4 8.1500000000e+04 5.0000000000e+02 82 183 182 81 80 181 82 -1
4 8.2500000000e+04 5.0000000000e+02 83 184 183 82 81 182 83 -1
4 8.3500000000e+04 5.0000000000e+02 84 185 184 83 82 183 84 -1
4 8.4500000000e+04 5.0000000000e+02 85 186 185 84 83 184 85 -1
4 8.5500000000e+04 5.0000000000e+02 86 187 186 85 84 185 86 -1
4 8.6500000000e+04 5.0000000000e+02 87 188 187 86 85 186 87 -1
4 8.7500000000e+04 5.0000000000e+02 88 189 188 87 86 187 88 -1
4 8.8500000000e+04 5.0000000000e+02 89 190 189 88 87 188 89 -1
4 8.9500000000e+04 5.0000000000e+02 90 191 190 89 88 189 90 -1
4 9.0500000000e+04 5.0000000000e+02 91 192 191 90 89 190 91 -1
4 9.1500000000e+04 5.0000000000e+02 92 193 192 91 90 191 92 -1
4 9.2500000000e+04 5.0000000000e+02 93 194 193 92 91 192 93 -1
4 9.3500000000e+04 5.0000000000e+02 94 195 194 93 92 193 94 -1
4 9.4500000000e+04 5.0000000000e+02 95 196 195 94 93 194 95 -1
4 9.5500000000e+04 5.0000000000e+02 96 197 196 95 94 195 96 -1
4 9.6500000000e+04 5.0000000000e+02 97 198 197 96 95 196 97 -1
4 9.7500000000e+04 5.0000000000e+02 98 199 198 97 96 197 98 -1
4 9.8500000000e+04 5.0000000000e+02 99 200 199 98 97 198 99 -1
4 9.9500000000e+04 5.0000000000e+02 100 201 200 99 98 199 -1 -1
4 5.0000000000e+02 1.5000000000e+03 102 203 202 101 -1 200 101 0
4 1.5000000000e+03 1.5000000000e+03 103 204 203 102 100 201 102 1
4 2.5000000000e+03 1.5000000000e+03 104 205 204 103 101 202 103 2
4 3.5000000000e+03 1.5000000000e+03 105 206 205 104 102 203 104 3
4 4.5000000000e+03 1.5000000000e+03 106 207 206 105 103 204 105 4
4 5.5000000000e+03 1.5000000000e+03 107 208 207 106 104 205 106 5
4 6.5000000000e+03 1.5000000000e+03 108 209 208 107 105 206 107 6
4 7.5000000000e+03 1.5000000000e+03 109 210 209 108 106 207 108 7
4 8.5000000000e+03 1.5000000000e+03 110 211 210 109 107 208 109 8
4 9.5000000000e+03 1.5000000000e+03 111 212 211 110 108 209 110 9
4 1.0500000000e+04 1.5000000000e+03 112 213 212 111 109 210 111 10
4 1.1500000000e+04 1.5000000000e+03 113 214 213 112 110 211 112 11
4 1.2500000000e+04 1.5000000000e+03 114 215 214 113 111 212 113 12
4 1.3500000000e+04 1.5000000000e+03 115 216 215 114 112 213 114 13
4 1.4500000000e+04 1.5000000000e+03 116 217 216 115 113 214 115 14
4 1.5500000000e+04 1.5000000000e+03 117 218 217 116 114 215 116 15
4 1.6500000000e+04 1.5000000000e+03 118 219 218 117 115 216 117 16
4 1.7500000000e+04 1.5000000000e+03 119 220 219 118 116 217 118 17
4 1.8500000000e+04 1.5000000000e+03 120 221 220 119 117 218 119 18
4 1.9500000000e+04 1.5000000000e+03 121 222 221 120 118 219 120 19
4 2.0500000000e+04 1.5000000000e+03 122 223 222 121 119 220 121 20
4 2.1500000000e+04 1.5000000000e+03 123 224 223 122 120 221 122 21
4 2.2500000000e+04 1.5000000000e+03 124 225 224 123 121 222 123 22
4 2.3500000000e+04 1.5000000000e+03 125 226 225 124 122 223 124 23
4 2.4500000000e+04 1.5000000000e+03 126 227 226 125 123 224 125 24
4 2.5500000000e+04 1.5000000000e+03 127 228 227 126 124 225 126 25
4 2.6500000000e+04 1.5000000000e+03 128 229 228 127 125 226 127 26
4 2.7500000000e+04 1.5000000000e+03 129 230 229 128 126 227 128 27
4 2.8500000000e+04 1.5000000000e+03 130 231 230 129 127 228 129 28
4 2.9500000000e+04 1.5000000000e+03 131 232 231 130 128 229 130 29
4 3.0500000000e+04 1.5000000000e+03 132 233 232 131 129 230 131 30
4 3.1500000000e+04 1.5000000000e+03 133 234 233 132 130 231 132 31
4 3.2500000000e+04 1.5000000000e+03 134 235 234 133 131 232 133 32
4 3.3500000000e+04 1.5000000000e+03 135 236 235 134 132 233 134 33
4 3.4500000000e+04 1.5000000000e+03 136 237 236 135 133 234 135 34
4 3.5500000000e+04 1.5000000000e+03 137 238 237 136 134 235 136 35
4 3.6500000000e+04 1.5000000000e+03 138 239 238 137 135 236 137 36
4 3.7500000000e+04 1.5000000000e+03 139 240 239 138 136 237 138 37
4 3.8500000000e+04 1.5000000000e+03 140 241 240 139 137 238 139 38
4 3.9500000000e+04 1.5000000000e+03 141 242 241 140 138 239 140 39
4 4.0500000000e+04 1.5000000000e+03 142 243 242 141 139 240 141 40
4 4.1500000000e+04 1.5000000000e+03 143 244 243 142 140 241 142 41
4 4.2500000000e+04 1.5000000000e+03 144 245 244 143 141 242 143 42
4 4.3500000000e+04 1.5000000000e+03 145 246 245 144 142 243 144 43
4 4.4500000000e+04 1.5000000000e+03 146 247 246 145 143 244 145 44
4 4.5500000000e+04 1.5000000000e+03 147 248 247 146 144 245 146 45
4 4.6500000000e+04 1.5000000000e+03 148 249 248 147 145 246 147 46
4 4.7500000000e+04 1.5000000000e+03 149 250 249 148 146 247 148 47
4 4.8500000000e+04 1.5000000000e+03 150 251 250 149 147 248 149 48
4 4.9500000000e+04 1.5000000000e+03 151 252 251 150 148 249 150 49
4 5.0500000000e+04 1.5000000000e+03 152 253 252 151 149 250 151 50
4 5.1500000000e+04 1.5000000000e+03 153 254 253 152 150 251 152 51
4 5.2500000000e+04 1.5000000000e+03 154 255 254 153 151 252 153 52
4 5.3500000000e+04 1.5000000000e+03 155 256 255 154 152 253 154 53
4 5.4500000000e+04 1.5000000000e+03 156 257 256 155 153 254 155 54
4 5.5500000000e+04 1.5000000000e+03 157 258 257 156 154 255 156 55
4 5.6500000000e+04 1.5000000000e+03 158 259 258 157 155 256 157 56
4 5.7500000000e+04 1.5000000000e+03 159 260 259 158 156 257 158 57
4 5.8500000000e+04 1.5000000000e+03 160 261 260 159 157 258 159 58
4 5.9500000000e+04 1.5000000000e+03 161 262 261 160 158 259 160 59
4 6.0500000000e+04 1.5000000000e+03 162 263 262 161 159 260 161 60
4 6.1500000000e+04 1.5000000000e+03 163 264 263 162 160 261 162 61
4 6.2500000000e+04 1.5000000000e+03 164 265 264 163 161 262 163 62
4 6.3500000000e+04 1.5000000000e+03 165 266 265 164 162 263 164 63
4 6.4500000000e+04 1.5000000000e+03 166 267 266 165 163 264 165 64
4 6.5500000000e+04 1.5000000000e+03 167 268 267 166 164 265 166 65
4 6.6500000000e+04 1.5000000000e+03 168 269 268 167 165 266 167 66
4 6.7500000000e+04 1.5000000000e+03 169 270 269 168 166 267 168 67
4 6.8500000000e+04 1.5000000000e+03 170 271 270 169 167 268 169 68
4 6.9500000000e+04 1.5000000000e+03 171 272 271 170 168 269 170 69
4 7.0500000000e+04 1.5000000000e+03 172 273 272 171 169 270 171 70
4 7.1500000000e+04 1.5000000000e+03 173 274 273 172 170 271 172 71
4 7.2500000000e+04 1.5000000000e+03 174 275 274 173 171 272 173 72
4 7.3500000000e+04 1.5000000000e+03 175 276 275 174 172 273 174 73
4 7.4500000000e+04 1.5000000000e+03 176 277 276 175 173 274 175 74
4 7.5500000000e+04 1.5000000000e+03 177 278 277 176 174 275 176 75
4 7.6500000000e+04 1.5000000000e+03 178 279 278 177 175 276 177 76
4 7.7500000000e+04 1.5000000000e+03 179 280 279 178 176 277 178 77
4 7.8500000000e+04 1.5000000000e+03 180 281 280 179 177 278 179 78
4 7.9500000000e+04 1.5000000000e+03 181 282 281 180 178 279 180 79
4 8.0500000000e+04 1.5000000000e+03 182 283 282 181 179 280 181 80
4 8.1500000000e+04 1.5000000000e+03 183 284 283 182 180 281 182 81
4 8.2500000000e+04 1.5000000000e+03 184 285 284 183 181 282 183 82
4 8.3500000000e+04 1.5000000000e+03 185 286 285 184 182 283 184 83
4 8.4500000000e+04 1.5000000000e+03 186 287 286 185 183 284 185 84
4 8.5500000000e+04 1.5000000000e+03 187 288 287 186 184 285 186 85
4 8.6500000000e+04 1.5000000000e+03 188 289 288 187 185 286 187 86
4 8.7500000000e+04 1.5000000000e+03 189 290 289 188 186 287 188 87
4 8.8500000000e+04 1.5000000000e+03 190 291 290 189 187 288 189 88
4 8.9500000000e+04 1.5000000000e+03 191 292 291 190 188 289 190 89
4 9.0500000000e+04 1.5000000000e+03 192 293 292 191 189 290 191 90
4 9.1500000000e+04 1.5000000000e+03 193 294 293 192 190 291 192 91
4 9.2500000000e+04 1.5000000000e+03 194 295 294 193 191 292 193 92
4 9.3500000000e+04 1.5000000000e+03 195 296 295 194 192 293 194 93
4 9.4500000000e+04 1.5000000000e+03 196 297 296 195 193 294 195 94
4 9.5500000000e+04 1.5000000000e+03 197 298 297 196 194 295 196 95
4 9.6500000000e+04 1.5000000000e+03 198 299 298 197 195 296 197 96
4 9.7500000000e+04 1.5000000000e+03 199 300 299 198 196 297 198 97
4 9.8500000000e+04 1.5000000000e+03 200 301 300 199 197 298 199 98
4 9.9500000000e+04 1.5000000000e+03 201 302 301 200 198 299 -1 99
4 5.0000000000e+02 2.5000000000e+03 203 304 303 202 -1 300 201 100
4 1.5000000000e+03 2.5000000000e+03 204 305 304 203 200 301 202 101
4 2.5000000000e+03 2.5000000000e+03 205 306 305 204 201 302 203 102
4 3.5000000000e+03 2.5000000000e+03 206 307 306 205 202 303 204 103
4 4.5000000000e+03 2.5000000000e+03 207 308 307 206 203 304 205 104
4 5.5000000000e+03 2.5000000000e+03 208 309 308 207 204 305 206 105
4 6.5000000000e+03 2.5000000000e+03 209 310 309 208 205 306 207 106
4 7.5000000000e+03 2.5000000000e+03 210 311 310 209 206 307 208 107
4 8.5000000000e+03 2.5000000000e+03 211 312 311 210 207 308 209 108
4 9.5000000000e+03 2.5000000000e+03 212 313 312 211 208 309 210 109
4 1.0500000000e+04 2.5000000000e+03 213 314 313 212 209 310 211 110
4 1.1500000000e+04 2.5000000000e+03 214 315 314 213 210 311 212 111
4 1.2500000000e+04 2.5000000000e+03 215 316 315 214 211 312 213 112
4 1.3500000000e+04 2.5000000000e+03 216 317 316 215 212 313 214 113
4 1.4500000000e+04 2.5000000000e+03 217 318 317 216 213 314 215 114
4 1.5500000000e+04 2.5000000000e+03 218 319 318 217 214 315 216 115
4 1.6500000000e+04 2.5000000000e+03 219 320 319 218 215 316 217 116
4 1.7500000000e+04 2.5000000000e+03 220 321 320 219 216 317 218 117
4 1.8500000000e+04 2.5000000000e+03 221 322 321 220 217 318 219 118
4 1.9500000000e+04 2.5000000000e+03 222 323 322 221 218 319 220 119
4 2.0500000000e+04 2.5000000000e+03 223 324 323 222 219 320 221 120
4 2.1500000000e+04 2.5000000000e+03 224 325 324 223 220 321 222 121
4 2.2500000000e+04 2.5000000000e+03 225 326 325 224 221 322 223 122
4 2.3500000000e+04 2.5000000000e+03 226 327 326 225 222 323 224 123
4 2.4500000000e+04 2.5000000000e+03 227 328 327 226 223 324 225 124
4 2.5500000000e+04 2.5000000000e+03 228 329 328 227 224 325 226 125
4 2.6500000000e+04 2.5000000000e+03 229 330 329 228 225 326 227 126
4 2.7500000000e+04 2.5000000000e+03 230 331 330 229 226 327 228 127
4 2.8500000000e+04 2.5000000000e+03 231 332 331 230 227 328 229 128
4 2.9500000000e+04 2.5000000000e+03 232 333 332 231 228 329 230 129
4 3.0500000000e+04 2.5000000000e+03 233 334 333 232 229 330 231 130
4 3.1500000000e+04 2.5000000000e+03 234 335 334 233 230 331 232 131
4 3.2500000000e+04 2.5000000000e+03 235 336 335 234 231 332 233 132
4 3.3500000000e+04 2.5000000000e+03 236 337 336 235 232 333 234 133
4 3.4500000000e+04 2.5000000000e+03 237 338 337 236 233 334 235 134
4 3.5500000000e+04 2.5000000000e+03 238 339 338 237 234 335 236 135
4 3.6500000000e+04 2.5000000000e+03 239 340 339 238 235 336 237 136
4 3.7500000000e+04 2.5000000000e+03 240 341 340 239 236 337 238 137
4 3.8500000000e+04 2.5000000000e+03 241 342 341 240 237 338 239 138
4 3.9500000000e+04 2.5000000000e+03 242 343 342 241 238 339 240 139
4 4.0500000000e+04 2.5000000000e+03 243 344 343 242 239 340 241 140
4 4.1500000000e+04 2.5000000000e+03 244 345 344 243 240 341 242 141
4 4.2500000000e+04 2.5000000000e+03 245 346 345 244 241 342 243 142
4 4.3500000000e+04 2.5000000000e+03 246 347 346 245 242 343 244 143
4 4.4500000000e+04 2.5000000000e+03 247 348 347 246 243 344 245 144
4 4.5500000000e+04 2.5000000000e+03 248 349 348 247 244 345 246 145
4 4.6500000000e+04 2.5000000000e+03 249 350 349 248 245 346 247 146
4 4.7500000000e+04 2.5000000000e+03 250 351 350 249 246 347 248 147
4 4.8500000000e+04 2.5000000000e+03 251 352 351 250 247 348 249 148
4 4.9500000000e+04 2.5000000000e+03 252 353 352 251 248 349 250 149
4 5.0500000000e+04 2.5000000000e+03 253 354 353 252 249 350 251 150
4 5.1500000000e+04 2.5000000000e+03 254 355 354 253 250 351 252 151
4 5.2500000000e+04 2.5000000000e+03 255 356 355 254 251 352 253 152
4 5.3500000000e+04 2.5000000000e+03 256 357 356 255 252 353 254 153
4 5.4500000000e+04 2.5000000000e+03 257 358 357 256 253 354 255 154
4 5.5500000000e+04 2.5000000000e+03 258 359 358 257 254 355 256 155
4 5.6500000000e+04 2.5000000000e+03 259 360 359 258 255 356 257 156
4 5.7500000000e+04 2.5000000000e+03 260 361 360 259 256 357 258 157
4 5.8500000000e+04 2.5000000000e+03 261 362 361 260 257 358 259 158
4 5.9500000000e+04 2.5000000000e+03 262 363 362 261 258 359 260 159
4 6.0500000000e+04 2.5000000000e+03 263 364 363 262 259 360 261 160
4 6.1500000000e+04 2.5000000000e+03 264 365 364 263 260 361 262 161
4 6.2500000000e+04 2.5000000000e+03 265 366 365 264 261 362 263 162
4 6.3500000000e+04 2.5000000000e+03 266 367 366 265 262 363 264 163
4 6.4500000000e+04 2.5000000000e+03 267 368 367 266 263 364 265 164
4 6.5500000000e+04 2.5000000000e+03 268 369 368 267 264 365 266 165
4 6.6500000000e+04 2.5000000000e+03 269 370 369 268 265 366 267 166
4 6.7500000000e+04 2.5000000000e+03 270 371 370 269 266 367 268 167
4 6.8500000000e+04 2.5000000000e+03 271 372 371 270 267 368 269 168
4 6.9500000000e+04 2.5000000000e+03 272 373 372 271 268 369 270 169
4 7.0500000000e+04 2.5000000000e+03 273 374 373 272 269 370 271 170
4 7.1500000000e+04 2.5000000000e+03 274 375 374 273 270 371 272 171
4 7.2500000000e+04 2.5000000000e+03 275 376 375 274 271 372 273 172
4 7.3500000000e+04 2.5000000000e+03 276 377 376 275 272 373 274 173
4 7.4500000000e+04 2.5000000000e+03 277 378 377 276 273 374 275 174
4 7.5500000000e+04 2.5000000000e+03 278 379 378 277 274 375 276 175
4 7.6500000000e+04 2.5000000000e+03 279 380 379 278 275 376 277 176
4 7.7500000000e+04 2.5000000000e+03 280 381 380 279 276 377 278 177
4 7.8500000000e+04 2.5000000000e+03 281 382 381 280 277 378 279 178
4 7.9500000000e+04 2.5000000000e+03 282 383 382 281 278 379 280 179
4 8.0500000000e+04 2.5000000000e+03 283 384 383 282 279 380 281 180
4 8.1500000000e+04 2.5000000000e+03 284 385 384 283 280 381 282 181
4 8.2500000000e+04 2.5000000000e+03 285 386 385 284 281 382 283 182
4 8.3500000000e+04 2.5000000000e+03 286 387 386 285 282 383 284 183
4 8.4500000000e+04 2.5000000000e+03 287 388 387 286 283 384 285 184
4 8.5500000000e+04 2.5000000000e+03 288 389 388 287 284 385 286 185
4 8.6500000000e+04 2.5000000000e+03 289 390 389 288 285 386 287 186
4 8.7500000000e+04 2.5000000000e+03 290 391 390 289 286 387 288 187
4 8.8500000000e+04 2.5000000000e+03 291 392 391 290 287 388 289 188
4 8.9500000000e+04 2.5000000000e+03 292 393 392 291 288 389 290 189
4 9.0500000000e+04 2.5000000000e+03 293 394 393 292 289 390 291 190
4 9.1500000000e+04 2.5000000000e+03 294 395 394 293 290 391 292 191
4 9.2500000000e+04 2.5000000000e+03 295 396 395 294 291 392 293 192
4 9.3500000000e+04 2.5000000000e+03 296 397 396 295 292 393 294 193
4 9.4500000000e+04 2.5000000000e+03 297 398 397 296 293 394 295 194
4 9.5500000000e+04 2.5000000000e+03 298 399 398 297 294 395 296 195
4 9.6500000000e+04 2.5000000000e+03 299 400 399 298 295 396 297 196
4 9.7500000000e+04 2.5000000000e+03 300 401 400 299 296 397 298 197
4 9.8500000000e+04 2.5000000000e+03 301 402 401 300 297 398 299 198
4 9.9500000000e+04 2.5000000000e+03 302 403 402 301 298 399 -1 199
4 5.0000000000e+02 3.5000000000e+03 304 405 404 303 -1 400 301 200
4 1.5000000000e+03 3.5000000000e+03 305 406 405 304 300 401 302 201
4 2.5000000000e+03 3.5000000000e+03 306 407 406 305 301 402 303 202
4 3.5000000000e+03 3.5000000000e+03 307 408 407 306 302 403 304 203
4 4.5000000000e+03 3.5000000000e+03 308 409 408 307 303 404 305 204
4 5.5000000000e+03 3.5000000000e+03 309 410 409 308 304 405 306 205
4 6.5000000000e+03 3.5000000000e+03 310 411 410 309 305 406 307 206
4 7.5000000000e+03 3.5000000000e+03 311 412 411 310 306 407 308 207
4 8.5000000000e+03 3.5000000000e+03 312 413 412 311 307 408 309 208
4 9.5000000000e+03 3.5000000000e+03 313 414 413 312 308 409 310 209
4 1.0500000000e+04 3.5000000000e+03 314 415 414 313 309 410 311 210
4 1.1500000000e+04 3.5000000000e+03 315 416 415 314 310 411 312 211
4 1.2500000000e+04 3.5000000000e+03 316 417 416 315 311 412 313 212
4 1.3500000000e+04 3.5000000000e+03 317 418 417 316 312 413 314 213
4 1.4500000000e+04 3.5000000000e+03 318 419 418 317 313 414 315 214
4 1.5500000000e+04 3.5000000000e+03 319 420 419 318 314 415 316 215
4 1.6500000000e+04 3.5000000000e+03 320 421 420 319 315 416 317 216
4 1.7500000000e+04 3.5000000000e+03 321 422 421 320 316 417 318 217
4 1.8500000000e+04 3.5000000000e+03 322 423 422 321 317 418 319 218
4 1.9500000000e+04 3.5000000000e+03 323 424 423 322 318 419 320 219
4 2.0500000000e+04 3.5000000000e+03 324 425 424 323 319 420 321 220
4 2.1500000000e+04 3.5000000000e+03 325 426 425 324 320 421 322 221
4 2.2500000000e+04 3.5000000000e+03 326 427 426 325 321 422 323 222
4 2.3500000000e+04 3.5000000000e+03 327 428 427 326 322 423 324 223
4 2.4500000000e+04 3.5000000000e+03 328 429 428 327 323 424 325 224
4 2.5500000000e+04 3.5000000000e+03 329 430 429 328 324 425 326 225
4 2.6500000000e+04 3.5000000000e+03 330 431 430 329 325 426 327 226
4 2.7500000000e+04 3.5000000000e+03 331 432 431 330 326 427 328 227
4 2.8500000000e+04 3.5000000000e+03 332 433 432 331 327 428 329 228
4 2.9500000000e+04 3.5000000000e+03 333 434 433 332 328 429 330 229
4 3.0500000000e+04 3.5000000000e+03 334 435 434 333 329 430 331 230
4 3.1500000000e+04 3.5000000000e+03 335 436 435 334 330 431 332 231
4 3.2500000000e+04 3.5000000000e+03 336 437 436 335 331 432 333 232
4 3.3500000000e+04 3.5000000000e+03 337 438 437 336 332 433 334 233
4 3.4500000000e+04 3.5000000000e+03 338 439 438 337 333 434 335 234
4 3.5500000000e+04 3.5000000000e+03 339 440 439 338 334 435 336 235
4 3.6500000000e+04 3.5000000000e+03 340 441 440 339 335 436 337 236
4 3.7500000000e+04 3.5000000000e+03 341 442 441 340 336 437 338 237
4 3.8500000000e+04 3.5000000000e+03 342 443 442 341 337 438 339 238
4 3.9500000000e+04 3.5000000000e+03 343 444 443 342 338 439 340 239
4 4.0500000000e+04 3.5000000000e+03 344 445 444 343 339 440 341 240
4 4.1500000000e+04 3.5000000000e+03 345 446 445 344 340 441 342 241
4 4.2500000000e+04 3.5000000000e+03 346 447 446 345 341 442 343 242
4 4.3500000000e+04 3.5000000000e+03 347 448 447 346 342 443 344 243
4 4.4500000000e+04 3.5000000000e+03 348 449 448 347 343 444 345 244
4 4.5500000000e+04 3.5000000000e+03 349 450 449 348 344 445 346 245
4 4.6500000000e+04 3.5000000000e+03 350 451 450 349 345 446 347 246
4 4.7500000000e+04 3.5000000000e+03 351 452 451 350 346 447 348 247
4 4.8500000000e+04 3.5000000000e+03 352 453 452 351 347 448 349 248
4 4.9500000000e+04 3.5000000000e+03 353 454 453 352 348 449 350 249
4 5.0500000000e+04 3.5000000000e+03 354 455 454 353 349 450 351 250
4 5.1500000000e+04 3.5000000000e+03 355 456 455 354 350 451 352 251
4 5.2500000000e+04 3.5000000000e+03 356 457 456 355 351 452 353 252
4 5.3500000000e+04 3.5000000000e+03 357 458 457 356 352 453 354 253
4 5.4500000000e+04 3.5000000000e+03 358 459 458 357 353 454 355 254
4 5.5500000000e+04 3.5000000000e+03 359 460 459 358 354 455 356 255
4 5.6500000000e+04 3.5000000000e+03 360 461 460 359 355 456 357 256
4 5.7500000000e+04 3.5000000000e+03 361 462 461 360 356 457 358 257
4 5.8500000000e+04 3.5000000000e+03 362 463 462 361 357 458 359 258
4 5.9500000000e+04 3.5000000000e+03 363 464 463 362 358 459 360 259
4 6.0500000000e+04 3.5000000000e+03 364 465 464 363 359 460 361 260
4 6.1500000000e+04 3.5000000000e+03 365 466 465 364 360 461 362 261
4 6.2500000000e+04 3.5000000000e+03 366 467 466 365 361 462 363 262
4 6.3500000000e+04 3.5000000000e+03 367 468 467 366 362 463 364 263
4 6.4500000000e+04 3.5000000000e+03 368 469 468 367 363 464 365 264
4 6.5500000000e+04 3.5000000000e+03 369 470 469 368 364 465 366 265
4 6.6500000000e+04 3.5000000000e+03 370 471 470 369 365 466 367 266
4 6.7500000000e+04 3.5000000000e+03 371 472 471 370 366 467 368 267
4 6.8500000000e+04 3.5000000000e+03 372 473 472 371 367 468 369 268
4 6.9500000000e+04 3.5000000000e+03 373 474 473 372 368 469 370 269
4 7.0500000000e+04 3.5000000000e+03 374 475 474 373 369 470 371 270
4 7.1500000000e+04 3.5000000000e+03 375 476 475 374 370 471 372 271
4 7.2500000000e+04 3.5000000000e+03 376 477 476 375 371 472 373 272
4 7.3500000000e+04 3.5000000000e+03 377 478 477 376 372 473 374 273
4 7.4500000000e+04 3.5000000000e+03 378 479 478 377 373 474 375 274
4 7.5500000000e+04 3.5000000000e+03 379 480 479 378 374 475 376 275
4 7.6500000000e+04 3.5000000000e+03 380 481 480 379 375 476 377 276
4 7.7500000000e+04 3.5000000000e+03 381 482 481 380 376 477 378 277
4 7.8500000000e+04 3.5000000000e+03 382 483 482 381 377 478 379 278
4 7.9500000000e+04 3.5000000000e+03 383 484 483 382 378 479 380 279
4 8.0500000000e+04 3.5000000000e+03 384 485 484 383 379 480 381 280
4 8.1500000000e+04 3.5000000000e+03 385 486 485 384 380 481 382 281
4 8.2500000000e+04 3.5000000000e+03 386 487 486 385 381 482 383 282
4 8.3500000000e+04 3.5000000000e+03 387 488 487 386 382 483 384 283
4 8.4500000000e+04 3.5000000000e+03 388 489 488 387 383 484 385 284
4 8.5500000000e+04 3.5000000000e+03 389 490 489 388 384 485 386 285
4 8.6500000000e+04 3.5000000000e+03 390 491 490 389 385 486 387 286
4 8.7500000000e+04 3.5000000000e+03 391 492 491 390 386 487 388 287
4 8.8500000000e+04 3.5000000000e+03 392 493 492 391 387 488 389 288
4 8.9500000000e+04 3.5000000000e+03 393 494 493 392 388 489 390 289
4 9.0500000000e+04 3.5000000000e+03 394 495 494 393 389 490 391 290
4 9.1500000000e+04 3.5000000000e+03 395 496 495 394 390 491 392 291
4 9.2500000000e+04 3.5000000000e+03 396 497 496 395 391 492 393 292
4 9.3500000000e+04 3.5000000000e+03 397 498 497 396 392 493 394 293
4 9.4500000000e+04 3.5000000000e+03 398 499 498 397 393 494 395 294
4 9.5500000000e+04 3.5000000000e+03 399 500 499 398 394 495 396 295
4 9.6500000000e+04 3.5000000000e+03 400 501 500 399 395 496 397 296
4 9.7500000000e+04 3.5000000000e+03 401 502 501 400 396 497 398 297
4 9.8500000000e+04 3.5000000000e+03 402 503 502 401 397 498 399 298
4 9.9500000000e+04 3.5000000000e+03 403 504 503 402 398 499 -1 299
4 5.0000000000e+02 4.5000000000e+03 405 506 505 404 -1 -1 401 300
4 1.5000000000e+03 4.5000000000e+03 406 507 506 405 400 -1 402 301
4 2.5000000000e+03 4.5000000000e+03 407 508 507 406 401 -1 403 302
4 3.5000000000e+03 4.5000000000e+03 408 509 508 407 402 -1 404 303
4 4.5000000000e+03 4.5000000000e+03 409 510 509 408 403 -1 405 304
4 5.5000000000e+03 4.5000000000e+03 410 511 510 409 404 -1 406 305
4 6.5000000000e+03 4.5000000000e+03 411 512 511 410 405 -1 407 306
4 7.5000000000e+03 4.5000000000e+03 412 513 512 411 406 -1 408 307
4 8.5000000000e+03 4.5000000000e+03 413 514 513 412 407 -1 409 308
4 9.5000000000e+03 4.5000000000e+03 414 515 514 413 408 -1 410 309
4 1.0500000000e+04 4.5000000000e+03 415 516 515 414 409 -1 411 310
4 1.1500000000e+04 4.5000000000e+03 416 517 516 415 410 -1 412 311
4 1.2500000000e+04 4.5000000000e+03 417 518 517 416 411 -1 413 312
4 1.3500000000e+04 4.5000000000e+03 418 519 518 417 412 -1 414 313
4 1.4500000000e+04 4.5000000000e+03 419 520 519 418 413 -1 415 314
4 1.5500000000e+04 4.5000000000e+03 420 521 520 419 414 -1 416 315
4 1.6500000000e+04 4.5000000000e+03 421 522 521 420 415 -1 417 316
4 1.7500000000e+04 4.5000000000e+03 422 523 522 421 416 -1 418 317
4 1.8500000000e+04 4.5000000000e+03 423 524 523 422 417 -1 419 318
4 1.9500000000e+04 4.5000000000e+03 424 525 524 423 418 -1 420 319
4 2.0500000000e+04 4.5000000000e+03 425 526 525 424 419 -1 421 320
4 2.1500000000e+04 4.5000000000e+03 426 527 526 425 420 -1 422 321
4 2.2500000000e+04 4.5000000000e+03 427 528 527 426 421 -1 423 322
4 2.3500000000e+04 4.5000000000e+03 428 529 528 427 422 -1 424 323
4 2.4500000000e+04 4.5000000000e+03 429 530 529 428 423 -1 425 324
4 2.5500000000e+04 4.5000000000e+03 430 531 530 429 424 -1 426 325
4 2.6500000000e+04 4.5000000000e+03 431 532 531 430 425 -1 427 326
4 2.7500000000e+04 4.5000000000e+03 432 533 532 431 426 -1 428 327
4 2.8500000000e+04 4.5000000000e+03 433 534 533 432 427 -1 429 328
4 2.9500000000e+04 4.5000000000e+03 434 535 534 433 428 -1 430 329
4 3.0500000000e+04 4.5000000000e+03 435 536 535 434 429 -1 431 330
4 3.1500000000e+04 4.5000000000e+03 436 537 536 435 430 -1 432 331
4 3.2500000000e+04 4.5000000000e+03 437 538 537 436 431 -1 433 332
4 3.3500000000e+04 4.5000000000e+03 438 539 538 437 432 -1 434 333
4 3.4500000000e+04 4.5000000000e+03 439 540 539 438 433 -1 435 334
4 3.5500000000e+04 4.5000000000e+03 440 541 540 439 434 -1 436 335
4 3.6500000000e+04 4.5000000000e+03 441 542 541 440 435 -1 437 336
4 3.7500000000e+04 4.5000000000e+03 442 543 542 441 436 -1 438 337
4 3.8500000000e+04 4.5000000000e+03 443 544 543 442 437 -1 439 338
4 3.9500000000e+04 4.5000000000e+03 444 545 544 443 438 -1 440 339
4 4.0500000000e+04 4.5000000000e+03 445 546 545 444 439 -1 441 340
4 4.1500000000e+04 4.5000000000e+03 446 547 546 445 440 -1 442 341
4 4.2500000000e+04 4.5000000000e+03 447 548 547 446 441 -1 443 342
4 4.3500000000e+04 4.5000000000e+03 448 549 548 447 442 -1 444 343
4 4.4500000000e+04 4.5000000000e+03 449 550 549 448 443 -1 445 344
4 4.5500000000e+04 4.5000000000e+03 450 551 550 449 444 -1 446 345
4 4.6500000000e+04 4.5000000000e+03 451 552 551 450 445 -1 447 346
4 4.7500000000e+04 4.5000000000e+03 452 553 552 451 446 -1 448 347
4 4.8500000000e+04 4.5000000000e+03 453 554 553 452 447 -1 449 348
4 4.9500000000e+04 4.5000000000e+03 454 555 554 453 448 -1 450 349
4 5.0500000000e+04 4.5000000000e+03 455 556 555 454 449 -1 451 350
4 5.1500000000e+04 4.5000000000e+03 456 557 556 455 450 -1 452 351
4 5.2500000000e+04 4.5000000000e+03 457 558 557 456 451 -1 453 352
4 5.3500000000e+04 4.5000000000e+03 458 559 558 457 452 -1 454 353
4 5.4500000000e+04 4.5000000000e+03 459 560 559 458 453 -1 455 354
4 5.5500000000e+04 4.5000000000e+03 460 561 560 459 454 -1 456 355
4 5.6500000000e+04 4.5000000000e+03 461 562 561 460 455 -1 457 356
4 5.7500000000e+04 4.5000000000e+03 462 563 562 461 456 -1 458 357
4 5.8500000000e+04 4.5000000000e+03 463 564 563 462 457 -1 459 358
4 5.9500000000e+04 4.5000000000e+03 464 565 564 463 458 -1 460 359
4 6.0500000000e+04 4.5000000000e+03 465 566 565 464 459 -1 461 360
4 6.1500000000e+04 4.5000000000e+03 466 567 566 465 460 -1 462 361
4 6.2500000000e+04 4.5000000000e+03 467 568 567 466 461 -1 463 362
4 6.3500000000e+04 4.5000000000e+03 468 569 568 467 462 -1 464 363
4 6.4500000000e+04 4.5000000000e+03 469 570 569 468 463 -1 465 364
4 6.5500000000e+04 4.5000000000e+03 470 571 570 469 464 -1 466 365
4 6.6500000000e+04 4.5000000000e+03 471 572 571 470 465 -1 467 366
4 6.7500000000e+04 4.5000000000e+03 472 573 572 471 466 -1 468 367
4 6.8500000000e+04 4.5000000000e+03 473 574 573 472 467 -1 469 368
4 6.9500000000e+04 4.5000000000e+03 474 575 574 473 468 -1 470 369
4 7.0500000000e+04 4.5000000000e+03 475 576 575 474 469 -1 471 370
4 7.1500000000e+04 4.5000000000e+03 476 577 576 475 470 -1 472 371
4 7.2500000000e+04 4.5000000000e+03 477 578 577 476 471 -1 473 372
4 7.3500000000e+04 4.5000000000e+03 478 579 578 477 472 -1 474 373
4 7.4500000000e+04 4.5000000000e+03 479 580 579 478 473 -1 475 374
4 7.5500000000e+04 4.5000000000e+03 480 581 580 479 474 -1 476 375
4 7.6500000000e+04 4.5000000000e+03 481 582 581 480 475 -1 477 376
4 7.7500000000e+04 4.5000000000e+03 482 583 582 481 476 -1 478 377
4 7.8500000000e+04 4.5000000000e+03 483 584 583 482 477 -1 479 378
4 7.9500000000e+04 4.5000000000e+03 484 585 584 483 478 -1 480 379
4 8.0500000000e+04 4.5000000000e+03 485 586 585 484 479 -1 481 380
4 8.1500000000e+04 4.5000000000e+03 486 587 586 485 480 -1 482 381
4 8.2500000000e+04 4.5000000000e+03 487 588 587 486 481 -1 483 382
4 8.3500000000e+04 4.5000000000e+03 488 589 588 487 482 -1 484 383
4 8.4500000000e+04 4.5000000000e+03 489 590 589 488 483 -1 485 384
4 8.5500000000e+04 4.5000000000e+03 490 591 590 489 484 -1 486 385
4 8.6500000000e+04 4.5000000000e+03 491 592 591 490 485 -1 487 386
4 8.7500000000e+04 4.5000000000e+03 492 593 592 491 486 -1 488 387
4 8.8500000000e+04 4.5000000000e+03 493 594 593 492 487 -1 489 388
4 8.9500000000e+04 4.5000000000e+03 494 595 594 493 488 -1 490 389
4 9.0500000000e+04 4.5000000000e+03 495 596 595 494 489 -1 491 390
4 9.1500000000e+04 4.5000000000e+03 496 597 596 495 490 -1 492 391
4 9.2500000000e+04 4.5000000000e+03 497 598 597 496 491 -1 493 392
4 9.3500000000e+04 4.5000000000e+03 498 599 598 497 492 -1 494 393
4 9.4500000000e+04 4.5000000000e+03 499 600 599 498 493 -1 495 394
4 9.5500000000e+04 4.5000000000e+03 500 601 600 499 494 -1 496 395
4 9.6500000000e+04 4.5000000000e+03 501 602 601 500 495 -1 497 396
4 9.7500000000e+04 4.5000000000e+03 502 603 602 501 496 -1 498 397
4 9.8500000000e+04 4.5000000000e+03 503 604 603 502 497 -1 499 398
4 9.9500000000e+04 4.5000000000e+03 504 605 604 503 498 -1 -1 399
