4 7.812500e-02 5.000000e+00 65 0 1 66 -1 -1 1 -1 
4 2.343750e-01 5.000000e+00 66 1 2 67 0 -1 2 -1 
4 3.906250e-01 5.000000e+00 67 2 3 68 1 -1 3 -1 
4 5.468750e-01 5.000000e+00 68 3 4 69 2 -1 4 -1 
4 7.031250e-01 5.000000e+00 69 4 5 70 3 -1 5 -1 
4 8.593750e-01 5.000000e+00 70 5 6 71 4 -1 6 -1 
4 1.015625e+00 5.000000e+00 71 6 7 72 5 -1 7 -1 
4 1.171875e+00 5.000000e+00 72 7 8 73 6 -1 8 -1 
4 1.328125e+00 5.000000e+00 73 8 9 74 7 -1 9 -1 
4 1.484375e+00 5.000000e+00 74 9 10 75 8 -1 10 -1 
4 1.640625e+00 5.000000e+00 75 10 11 76 9 -1 11 -1 
4 1.796875e+00 5.000000e+00 76 11 12 77 10 -1 12 -1 
4 1.953125e+00 5.000000e+00 77 12 13 78 11 -1 13 -1 
4 2.109375e+00 5.000000e+00 78 13 14 79 12 -1 14 -1 
4 2.265625e+00 5.000000e+00 79 14 15 80 13 -1 15 -1 
4 2.421875e+00 5.000000e+00 80 15 16 81 14 -1 16 -1 
4 2.578125e+00 5.000000e+00 81 16 17 82 15 -1 17 -1 
4 2.734375e+00 5.000000e+00 82 17 18 83 16 -1 18 -1 
4 2.890625e+00 5.000000e+00 83 18 19 84 17 -1 19 -1 
4 3.046875e+00 5.000000e+00 84 19 20 85 18 -1 20 -1 
4 3.203125e+00 5.000000e+00 85 20 21 86 19 -1 21 -1 
4 3.359375e+00 5.000000e+00 86 21 22 87 20 -1 22 -1 
4 3.515625e+00 5.000000e+00 87 22 23 88 21 -1 23 -1 
4 3.671875e+00 5.000000e+00 88 23 24 89 22 -1 24 -1 
4 3.828125e+00 5.000000e+00 89 24 25 90 23 -1 25 -1 
4 3.984375e+00 5.000000e+00 90 25 26 91 24 -1 26 -1 
4 4.140625e+00 5.000000e+00 91 26 27 92 25 -1 27 -1 
4 4.296875e+00 5.000000e+00 92 27 28 93 26 -1 28 -1 
4 4.453125e+00 5.000000e+00 93 28 29 94 27 -1 29 -1 
4 4.609375e+00 5.000000e+00 94 29 30 95 28 -1 30 -1 
4 4.765625e+00 5.000000e+00 95 30 31 96 29 -1 31 -1 
4 4.921875e+00 5.000000e+00 96 31 32 97 30 -1 32 -1 
4 5.078125e+00 5.000000e+00 97 32 33 98 31 -1 33 -1 
4 5.234375e+00 5.000000e+00 98 33 34 99 32 -1 34 -1 
4 5.390625e+00 5.000000e+00 99 34 35 100 33 -1 35 -1 
4 5.546875e+00 5.000000e+00 100 35 36 101 34 -1 36 -1 
4 5.703125e+00 5.000000e+00 101 36 37 102 35 -1 37 -1 
4 5.859375e+00 5.000000e+00 102 37 38 103 36 -1 38 -1 
4 6.015625e+00 5.000000e+00 103 38 39 104 37 -1 39 -1 
4 6.171875e+00 5.000000e+00 104 39 40 105 38 -1 40 -1 
4 6.328125e+00 5.000000e+00 105 40 41 106 39 -1 41 -1 
4 6.484375e+00 5.000000e+00 106 41 42 107 40 -1 42 -1 
4 6.640625e+00 5.000000e+00 107 42 43 108 41 -1 43 -1 
4 6.796875e+00 5.000000e+00 108 43 44 109 42 -1 44 -1 
4 6.953125e+00 5.000000e+00 109 44 45 110 43 -1 45 -1 
4 7.109375e+00 5.000000e+00 110 45 46 111 44 -1 46 -1 
4 7.265625e+00 5.000000e+00 111 46 47 112 45 -1 47 -1 
4 7.421875e+00 5.000000e+00 112 47 48 113 46 -1 48 -1 
4 7.578125e+00 5.000000e+00 113 48 49 114 47 -1 49 -1 
4 7.734375e+00 5.000000e+00 114 49 50 115 48 -1 50 -1 
4 7.890625e+00 5.000000e+00 115 50 51 116 49 -1 51 -1 
4 8.046875e+00 5.000000e+00 116 51 52 117 50 -1 52 -1 
4 8.203125e+00 5.000000e+00 117 52 53 118 51 -1 53 -1 
4 8.359375e+00 5.000000e+00 118 53 54 119 52 -1 54 -1 
4 8.515625e+00 5.000000e+00 119 54 55 120 53 -1 55 -1 
4 8.671875e+00 5.000000e+00 120 55 56 121 54 -1 56 -1 
4 8.828125e+00 5.000000e+00 121 56 57 122 55 -1 57 -1 
4 8.984375e+00 5.000000e+00 122 57 58 123 56 -1 58 -1 
4 9.140625e+00 5.000000e+00 123 58 59 124 57 -1 59 -1 
4 9.296875e+00 5.000000e+00 124 59 60 125 58 -1 60 -1 
4 9.453125e+00 5.000000e+00 125 60 61 126 59 -1 61 -1 
4 9.609375e+00 5.000000e+00 126 61 62 127 60 -1 62 -1 
4 9.765625e+00 5.000000e+00 127 62 63 128 61 -1 63 -1 
4 9.921875e+00 5.000000e+00 128 63 64 129 62 -1 -1 -1 
