0 65 1 -1 0 0 
0 1 1 0 -1 0 
1 66 0 0 1 0 
65 66 1 -1 0 0 
1 2 1 1 -1 0 
2 67 0 1 2 0 
66 67 1 -1 1 0 
2 3 1 2 -1 0 
3 68 0 2 3 0 
67 68 1 -1 2 0 
3 4 1 3 -1 0 
4 69 0 3 4 0 
68 69 1 -1 3 0 
4 5 1 4 -1 0 
5 70 0 4 5 0 
69 70 1 -1 4 0 
5 6 1 5 -1 0 
6 71 0 5 6 0 
70 71 1 -1 5 0 
6 7 1 6 -1 0 
7 72 0 6 7 0 
71 72 1 -1 6 0 
7 8 1 7 -1 0 
8 73 0 7 8 0 
72 73 1 -1 7 0 
8 9 1 8 -1 0 
9 74 0 8 9 0 
73 74 1 -1 8 0 
9 10 1 9 -1 0 
10 75 0 9 10 0 
74 75 1 -1 9 0 
10 11 1 10 -1 0 
11 76 0 10 11 0 
75 76 1 -1 10 0 
11 12 1 11 -1 0 
12 77 0 11 12 0 
76 77 1 -1 11 0 
12 13 1 12 -1 0 
13 78 0 12 13 0 
77 78 1 -1 12 0 
13 14 1 13 -1 0 
14 79 0 13 14 0 
78 79 1 -1 13 0 
14 15 1 14 -1 0 
15 80 0 14 15 0 
79 80 1 -1 14 0 
15 16 1 15 -1 0 
16 81 0 15 16 0 
80 81 1 -1 15 0 
16 17 1 16 -1 0 
17 82 0 16 17 0 
81 82 1 -1 16 0 
17 18 1 17 -1 0 
18 83 0 17 18 0 
82 83 1 -1 17 0 
18 19 1 18 -1 0 
19 84 0 18 19 0 
83 84 1 -1 18 0 
19 20 1 19 -1 0 
20 85 0 19 20 0 
84 85 1 -1 19 0 
20 21 1 20 -1 0 
21 86 0 20 21 0 
85 86 1 -1 20 0 
21 22 1 21 -1 0 
22 87 0 21 22 0 
86 87 1 -1 21 0 
22 23 1 22 -1 0 
23 88 0 22 23 0 
87 88 1 -1 22 0 
23 24 1 23 -1 0 
24 89 0 23 24 0 
88 89 1 -1 23 0 
24 25 1 24 -1 0 
25 90 0 24 25 0 
89 90 1 -1 24 0 
25 26 1 25 -1 0 
26 91 0 25 26 0 
90 91 1 -1 25 0 
26 27 1 26 -1 0 
27 92 0 26 27 0 
91 92 1 -1 26 0 
27 28 1 27 -1 0 
28 93 0 27 28 0 
92 93 1 -1 27 0 
28 29 1 28 -1 0 
29 94 0 28 29 0 
93 94 1 -1 28 0 
29 30 1 29 -1 0 
30 95 0 29 30 0 
94 95 1 -1 29 0 
30 31 1 30 -1 0 
31 96 0 30 31 0 
95 96 1 -1 30 0 
31 32 1 31 -1 0 
32 97 0 31 32 0 
96 97 1 -1 31 0 
32 33 1 32 -1 0 
33 98 0 32 33 0 
97 98 1 -1 32 0 
33 34 1 33 -1 0 
34 99 0 33 34 0 
98 99 1 -1 33 0 
34 35 1 34 -1 0 
35 100 0 34 35 0 
99 100 1 -1 34 0 
35 36 1 35 -1 0 
36 101 0 35 36 0 
100 101 1 -1 35 0 
36 37 1 36 -1 0 
37 102 0 36 37 0 
101 102 1 -1 36 0 
37 38 1 37 -1 0 
38 103 0 37 38 0 
102 103 1 -1 37 0 
38 39 1 38 -1 0 
39 104 0 38 39 0 
103 104 1 -1 38 0 
39 40 1 39 -1 0 
40 105 0 39 40 0 
104 105 1 -1 39 0 
40 41 1 40 -1 0 
41 106 0 40 41 0 
105 106 1 -1 40 0 
41 42 1 41 -1 0 
42 107 0 41 42 0 
106 107 1 -1 41 0 
42 43 1 42 -1 0 
43 108 0 42 43 0 
107 108 1 -1 42 0 
43 44 1 43 -1 0 
44 109 0 43 44 0 
108 109 1 -1 43 0 
44 45 1 44 -1 0 
45 110 0 44 45 0 
109 110 1 -1 44 0 
45 46 1 45 -1 0 
46 111 0 45 46 0 
110 111 1 -1 45 0 
46 47 1 46 -1 0 
47 112 0 46 47 0 
111 112 1 -1 46 0 
47 48 1 47 -1 0 
48 113 0 47 48 0 
112 113 1 -1 47 0 
48 49 1 48 -1 0 
49 114 0 48 49 0 
113 114 1 -1 48 0 
49 50 1 49 -1 0 
50 115 0 49 50 0 
114 115 1 -1 49 0 
50 51 1 50 -1 0 
51 116 0 50 51 0 
115 116 1 -1 50 0 
51 52 1 51 -1 0 
52 117 0 51 52 0 
116 117 1 -1 51 0 
52 53 1 52 -1 0 
53 118 0 52 53 0 
117 118 1 -1 52 0 
53 54 1 53 -1 0 
54 119 0 53 54 0 
118 119 1 -1 53 0 
54 55 1 54 -1 0 
55 120 0 54 55 0 
119 120 1 -1 54 0 
55 56 1 55 -1 0 
56 121 0 55 56 0 
120 121 1 -1 55 0 
56 57 1 56 -1 0 
57 122 0 56 57 0 
121 122 1 -1 56 0 
57 58 1 57 -1 0 
58 123 0 57 58 0 
122 123 1 -1 57 0 
58 59 1 58 -1 0 
59 124 0 58 59 0 
123 124 1 -1 58 0 
59 60 1 59 -1 0 
60 125 0 59 60 0 
124 125 1 -1 59 0 
60 61 1 60 -1 0 
61 126 0 60 61 0 
125 126 1 -1 60 0 
61 62 1 61 -1 0 
62 127 0 61 62 0 
126 127 1 -1 61 0 
62 63 1 62 -1 0 
63 128 0 62 63 0 
127 128 1 -1 62 0 
63 64 1 63 -1 0 
64 129 1 63 -1 0 
128 129 1 -1 63 0 
