1.000000e+01 1.562500e-01 -1.000000e+00 0.000000e+00 0.000000e+00 5.000000e+00 40 40 -1 0 0 0 1 0 65 0 0
1.562500e-01 1.000000e+01 0.000000e+00 1.000000e+00 7.812500e-02 0.000000e+00 40 40 0 -1 1 0 1 0 1 0 65
1.000000e+01 1.562500e-01 -1.000000e+00 0.000000e+00 1.562500e-01 5.000000e+00 40 40 0 1 2 0 0 1 66 0 1
1.562500e-01 1.000000e+01 0.000000e+00 1.000000e+00 7.812500e-02 1.000000e+01 40 40 -1 0 0 3 1 65 66 0 129
1.562500e-01 1.000000e+01 0.000000e+00 1.000000e+00 2.343750e-01 0.000000e+00 40 40 1 -1 1 0 1 1 2 0 66
1.000000e+01 1.562500e-01 -1.000000e+00 0.000000e+00 3.125000e-01 5.000000e+00 40 40 1 2 2 0 0 2 67 0 2
1.562500e-01 1.000000e+01 0.000000e+00 1.000000e+00 2.343750e-01 1.000000e+01 40 40 -1 1 0 3 1 66 67 0 130
1.562500e-01 1.000000e+01 0.000000e+00 1.000000e+00 3.906250e-01 0.000000e+00 40 40 2 -1 1 0 1 2 3 0 67
1.000000e+01 1.562500e-01 -1.000000e+00 0.000000e+00 4.687500e-01 5.000000e+00 40 40 2 3 2 0 0 3 68 0 3
1.562500e-01 1.000000e+01 0.000000e+00 1.000000e+00 3.906250e-01 1.000000e+01 40 40 -1 2 0 3 1 67 68 0 131
1.562500e-01 1.000000e+01 0.000000e+00 1.000000e+00 5.468750e-01 0.000000e+00 40 40 3 -1 1 0 1 3 4 0 68
1.000000e+01 1.562500e-01 -1.000000e+00 0.000000e+00 6.250000e-01 5.000000e+00 40 40 3 4 2 0 0 4 69 0 4
1.562500e-01 1.000000e+01 0.000000e+00 1.000000e+00 5.468750e-01 1.000000e+01 40 40 -1 3 0 3 1 68 69 0 132
1.562500e-01 1.000000e+01 0.000000e+00 1.000000e+00 7.031250e-01 0.000000e+00 40 40 4 -1 1 0 1 4 5 0 69
1.000000e+01 1.562500e-01 -1.000000e+00 0.000000e+00 7.812500e-01 5.000000e+00 40 40 4 5 2 0 0 5 70 0 5
1.562500e-01 1.000000e+01 0.000000e+00 1.000000e+00 7.031250e-01 1.000000e+01 40 40 -1 4 0 3 1 69 70 0 133
1.562500e-01 1.000000e+01 0.000000e+00 1.000000e+00 8.593750e-01 0.000000e+00 40 40 5 -1 1 0 1 5 6 0 70
1.000000e+01 1.562500e-01 -1.000000e+00 0.000000e+00 9.375000e-01 5.000000e+00 40 40 5 6 2 0 0 6 71 0 6
1.562500e-01 1.000000e+01 0.000000e+00 1.000000e+00 8.593750e-01 1.000000e+01 40 40 -1 5 0 3 1 70 71 0 134
1.562500e-01 1.000000e+01 0.000000e+00 1.000000e+00 1.015625e+00 0.000000e+00 40 40 6 -1 1 0 1 6 7 0 71
1.000000e+01 1.562500e-01 -1.000000e+00 0.000000e+00 1.093750e+00 5.000000e+00 40 40 6 7 2 0 0 7 72 0 7
1.562500e-01 1.000000e+01 0.000000e+00 1.000000e+00 1.015625e+00 1.000000e+01 40 40 -1 6 0 3 1 71 72 0 135
1.562500e-01 1.000000e+01 0.000000e+00 1.000000e+00 1.171875e+00 0.000000e+00 40 40 7 -1 1 0 1 7 8 0 72
1.000000e+01 1.562500e-01 -1.000000e+00 0.000000e+00 1.250000e+00 5.000000e+00 40 40 7 8 2 0 0 8 73 0 8
1.562500e-01 1.000000e+01 0.000000e+00 1.000000e+00 1.171875e+00 1.000000e+01 40 40 -1 7 0 3 1 72 73 0 136
1.562500e-01 1.000000e+01 0.000000e+00 1.000000e+00 1.328125e+00 0.000000e+00 40 40 8 -1 1 0 1 8 9 0 73
1.000000e+01 1.562500e-01 -1.000000e+00 0.000000e+00 1.406250e+00 5.000000e+00 40 40 8 9 2 0 0 9 74 0 9
1.562500e-01 1.000000e+01 0.000000e+00 1.000000e+00 1.328125e+00 1.000000e+01 40 40 -1 8 0 3 1 73 74 0 137
1.562500e-01 1.000000e+01 0.000000e+00 1.000000e+00 1.484375e+00 0.000000e+00 40 40 9 -1 1 0 1 9 10 0 74
1.000000e+01 1.562500e-01 -1.000000e+00 0.000000e+00 1.562500e+00 5.000000e+00 40 40 9 10 2 0 0 10 75 0 10
1.562500e-01 1.000000e+01 0.000000e+00 1.000000e+00 1.484375e+00 1.000000e+01 40 40 -1 9 0 3 1 74 75 0 138
1.562500e-01 1.000000e+01 0.000000e+00 1.000000e+00 1.640625e+00 0.000000e+00 40 40 10 -1 1 0 1 10 11 0 75
1.000000e+01 1.562500e-01 -1.000000e+00 0.000000e+00 1.718750e+00 5.000000e+00 40 40 10 11 2 0 0 11 76 0 11
1.562500e-01 1.000000e+01 0.000000e+00 1.000000e+00 1.640625e+00 1.000000e+01 40 40 -1 10 0 3 1 75 76 0 139
1.562500e-01 1.000000e+01 0.000000e+00 1.000000e+00 1.796875e+00 0.000000e+00 40 40 11 -1 1 0 1 11 12 0 76
1.000000e+01 1.562500e-01 -1.000000e+00 0.000000e+00 1.875000e+00 5.000000e+00 40 40 11 12 2 0 0 12 77 0 12
1.562500e-01 1.000000e+01 0.000000e+00 1.000000e+00 1.796875e+00 1.000000e+01 40 40 -1 11 0 3 1 76 77 0 140
1.562500e-01 1.000000e+01 0.000000e+00 1.000000e+00 1.953125e+00 0.000000e+00 40 40 12 -1 1 0 1 12 13 0 77
1.000000e+01 1.562500e-01 -1.000000e+00 0.000000e+00 2.031250e+00 5.000000e+00 40 40 12 13 2 0 0 13 78 0 13
1.562500e-01 1.000000e+01 0.000000e+00 1.000000e+00 1.953125e+00 1.000000e+01 40 40 -1 12 0 3 1 77 78 0 141
1.562500e-01 1.000000e+01 0.000000e+00 1.000000e+00 2.109375e+00 0.000000e+00 40 40 13 -1 1 0 1 13 14 0 78
1.000000e+01 1.562500e-01 -1.000000e+00 0.000000e+00 2.187500e+00 5.000000e+00 40 40 13 14 2 0 0 14 79 0 14
1.562500e-01 1.000000e+01 0.000000e+00 1.000000e+00 2.109375e+00 1.000000e+01 40 40 -1 13 0 3 1 78 79 0 142
1.562500e-01 1.000000e+01 0.000000e+00 1.000000e+00 2.265625e+00 0.000000e+00 40 40 14 -1 1 0 1 14 15 0 79
1.000000e+01 1.562500e-01 -1.000000e+00 0.000000e+00 2.343750e+00 5.000000e+00 40 40 14 15 2 0 0 15 80 0 15
1.562500e-01 1.000000e+01 0.000000e+00 1.000000e+00 2.265625e+00 1.000000e+01 40 40 -1 14 0 3 1 79 80 0 143
1.562500e-01 1.000000e+01 0.000000e+00 1.000000e+00 2.421875e+00 0.000000e+00 40 40 15 -1 1 0 1 15 16 0 80
1.000000e+01 1.562500e-01 -1.000000e+00 0.000000e+00 2.500000e+00 5.000000e+00 40 40 15 16 2 0 0 16 81 0 16
1.562500e-01 1.000000e+01 0.000000e+00 1.000000e+00 2.421875e+00 1.000000e+01 40 40 -1 15 0 3 1 80 81 0 144
1.562500e-01 1.000000e+01 0.000000e+00 1.000000e+00 2.578125e+00 0.000000e+00 40 40 16 -1 1 0 1 16 17 0 81
1.000000e+01 1.562500e-01 -1.000000e+00 0.000000e+00 2.656250e+00 5.000000e+00 40 40 16 17 2 0 0 17 82 0 17
1.562500e-01 1.000000e+01 0.000000e+00 1.000000e+00 2.578125e+00 1.000000e+01 40 40 -1 16 0 3 1 81 82 0 145
1.562500e-01 1.000000e+01 0.000000e+00 1.000000e+00 2.734375e+00 0.000000e+00 40 40 17 -1 1 0 1 17 18 0 82
1.000000e+01 1.562500e-01 -1.000000e+00 0.000000e+00 2.812500e+00 5.000000e+00 40 40 17 18 2 0 0 18 83 0 18
1.562500e-01 1.000000e+01 0.000000e+00 1.000000e+00 2.734375e+00 1.000000e+01 40 40 -1 17 0 3 1 82 83 0 146
1.562500e-01 1.000000e+01 0.000000e+00 1.000000e+00 2.890625e+00 0.000000e+00 40 40 18 -1 1 0 1 18 19 0 83
1.000000e+01 1.562500e-01 -1.000000e+00 0.000000e+00 2.968750e+00 5.000000e+00 40 40 18 19 2 0 0 19 84 0 19
1.562500e-01 1.000000e+01 0.000000e+00 1.000000e+00 2.890625e+00 1.000000e+01 40 40 -1 18 0 3 1 83 84 0 147
1.562500e-01 1.000000e+01 0.000000e+00 1.000000e+00 3.046875e+00 0.000000e+00 40 40 19 -1 1 0 1 19 20 0 84
1.000000e+01 1.562500e-01 -1.000000e+00 0.000000e+00 3.125000e+00 5.000000e+00 40 40 19 20 2 0 0 20 85 0 20
1.562500e-01 1.000000e+01 0.000000e+00 1.000000e+00 3.046875e+00 1.000000e+01 40 40 -1 19 0 3 1 84 85 0 148
1.562500e-01 1.000000e+01 0.000000e+00 1.000000e+00 3.203125e+00 0.000000e+00 40 40 20 -1 1 0 1 20 21 0 85
1.000000e+01 1.562500e-01 -1.000000e+00 0.000000e+00 3.281250e+00 5.000000e+00 40 40 20 21 2 0 0 21 86 0 21
1.562500e-01 1.000000e+01 0.000000e+00 1.000000e+00 3.203125e+00 1.000000e+01 40 40 -1 20 0 3 1 85 86 0 149
1.562500e-01 1.000000e+01 0.000000e+00 1.000000e+00 3.359375e+00 0.000000e+00 40 40 21 -1 1 0 1 21 22 0 86
1.000000e+01 1.562500e-01 -1.000000e+00 0.000000e+00 3.437500e+00 5.000000e+00 40 40 21 22 2 0 0 22 87 0 22
1.562500e-01 1.000000e+01 0.000000e+00 1.000000e+00 3.359375e+00 1.000000e+01 40 40 -1 21 0 3 1 86 87 0 150
1.562500e-01 1.000000e+01 0.000000e+00 1.000000e+00 3.515625e+00 0.000000e+00 40 40 22 -1 1 0 1 22 23 0 87
1.000000e+01 1.562500e-01 -1.000000e+00 0.000000e+00 3.593750e+00 5.000000e+00 40 40 22 23 2 0 0 23 88 0 23
1.562500e-01 1.000000e+01 0.000000e+00 1.000000e+00 3.515625e+00 1.000000e+01 40 40 -1 22 0 3 1 87 88 0 151
1.562500e-01 1.000000e+01 0.000000e+00 1.000000e+00 3.671875e+00 0.000000e+00 40 40 23 -1 1 0 1 23 24 0 88
1.000000e+01 1.562500e-01 -1.000000e+00 0.000000e+00 3.750000e+00 5.000000e+00 40 40 23 24 2 0 0 24 89 0 24
1.562500e-01 1.000000e+01 0.000000e+00 1.000000e+00 3.671875e+00 1.000000e+01 40 40 -1 23 0 3 1 88 89 0 152
1.562500e-01 1.000000e+01 0.000000e+00 1.000000e+00 3.828125e+00 0.000000e+00 40 40 24 -1 1 0 1 24 25 0 89
1.000000e+01 1.562500e-01 -1.000000e+00 0.000000e+00 3.906250e+00 5.000000e+00 40 40 24 25 2 0 0 25 90 0 25
1.562500e-01 1.000000e+01 0.000000e+00 1.000000e+00 3.828125e+00 1.000000e+01 40 40 -1 24 0 3 1 89 90 0 153
1.562500e-01 1.000000e+01 0.000000e+00 1.000000e+00 3.984375e+00 0.000000e+00 40 40 25 -1 1 0 1 25 26 0 90
1.000000e+01 1.562500e-01 -1.000000e+00 0.000000e+00 4.062500e+00 5.000000e+00 40 40 25 26 2 0 0 26 91 0 26
1.562500e-01 1.000000e+01 0.000000e+00 1.000000e+00 3.984375e+00 1.000000e+01 40 40 -1 25 0 3 1 90 91 0 154
1.562500e-01 1.000000e+01 0.000000e+00 1.000000e+00 4.140625e+00 0.000000e+00 40 40 26 -1 1 0 1 26 27 0 91
1.000000e+01 1.562500e-01 -1.000000e+00 0.000000e+00 4.218750e+00 5.000000e+00 40 40 26 27 2 0 0 27 92 0 27
1.562500e-01 1.000000e+01 0.000000e+00 1.000000e+00 4.140625e+00 1.000000e+01 40 40 -1 26 0 3 1 91 92 0 155
1.562500e-01 1.000000e+01 0.000000e+00 1.000000e+00 4.296875e+00 0.000000e+00 40 40 27 -1 1 0 1 27 28 0 92
1.000000e+01 1.562500e-01 -1.000000e+00 0.000000e+00 4.375000e+00 5.000000e+00 40 40 27 28 2 0 0 28 93 0 28
1.562500e-01 1.000000e+01 0.000000e+00 1.000000e+00 4.296875e+00 1.000000e+01 40 40 -1 27 0 3 1 92 93 0 156
1.562500e-01 1.000000e+01 0.000000e+00 1.000000e+00 4.453125e+00 0.000000e+00 40 40 28 -1 1 0 1 28 29 0 93
1.000000e+01 1.562500e-01 -1.000000e+00 0.000000e+00 4.531250e+00 5.000000e+00 40 40 28 29 2 0 0 29 94 0 29
1.562500e-01 1.000000e+01 0.000000e+00 1.000000e+00 4.453125e+00 1.000000e+01 40 40 -1 28 0 3 1 93 94 0 157
1.562500e-01 1.000000e+01 0.000000e+00 1.000000e+00 4.609375e+00 0.000000e+00 40 40 29 -1 1 0 1 29 30 0 94
1.000000e+01 1.562500e-01 -1.000000e+00 0.000000e+00 4.687500e+00 5.000000e+00 40 40 29 30 2 0 0 30 95 0 30
1.562500e-01 1.000000e+01 0.000000e+00 1.000000e+00 4.609375e+00 1.000000e+01 40 40 -1 29 0 3 1 94 95 0 158
1.562500e-01 1.000000e+01 0.000000e+00 1.000000e+00 4.765625e+00 0.000000e+00 40 40 30 -1 1 0 1 30 31 0 95
1.000000e+01 1.562500e-01 -1.000000e+00 0.000000e+00 4.843750e+00 5.000000e+00 40 40 30 31 2 0 0 31 96 0 31
1.562500e-01 1.000000e+01 0.000000e+00 1.000000e+00 4.765625e+00 1.000000e+01 40 40 -1 30 0 3 1 95 96 0 159
1.562500e-01 1.000000e+01 0.000000e+00 1.000000e+00 4.921875e+00 0.000000e+00 40 40 31 -1 1 0 1 31 32 0 96
1.000000e+01 1.562500e-01 -1.000000e+00 0.000000e+00 5.000000e+00 5.000000e+00 40 40 31 32 2 0 0 32 97 0 32
1.562500e-01 1.000000e+01 0.000000e+00 1.000000e+00 4.921875e+00 1.000000e+01 40 40 -1 31 0 3 1 96 97 0 160
1.562500e-01 1.000000e+01 0.000000e+00 1.000000e+00 5.078125e+00 0.000000e+00 40 40 32 -1 1 0 1 32 33 0 97
1.000000e+01 1.562500e-01 -1.000000e+00 0.000000e+00 5.156250e+00 5.000000e+00 40 40 32 33 2 0 0 33 98 0 33
1.562500e-01 1.000000e+01 0.000000e+00 1.000000e+00 5.078125e+00 1.000000e+01 40 40 -1 32 0 3 1 97 98 0 161
1.562500e-01 1.000000e+01 0.000000e+00 1.000000e+00 5.234375e+00 0.000000e+00 40 40 33 -1 1 0 1 33 34 0 98
1.000000e+01 1.562500e-01 -1.000000e+00 0.000000e+00 5.312500e+00 5.000000e+00 40 40 33 34 2 0 0 34 99 0 34
1.562500e-01 1.000000e+01 0.000000e+00 1.000000e+00 5.234375e+00 1.000000e+01 40 40 -1 33 0 3 1 98 99 0 162
1.562500e-01 1.000000e+01 0.000000e+00 1.000000e+00 5.390625e+00 0.000000e+00 40 40 34 -1 1 0 1 34 35 0 99
1.000000e+01 1.562500e-01 -1.000000e+00 0.000000e+00 5.468750e+00 5.000000e+00 40 40 34 35 2 0 0 35 100 0 35
1.562500e-01 1.000000e+01 0.000000e+00 1.000000e+00 5.390625e+00 1.000000e+01 40 40 -1 34 0 3 1 99 100 0 163
1.562500e-01 1.000000e+01 0.000000e+00 1.000000e+00 5.546875e+00 0.000000e+00 40 40 35 -1 1 0 1 35 36 0 100
1.000000e+01 1.562500e-01 -1.000000e+00 0.000000e+00 5.625000e+00 5.000000e+00 40 40 35 36 2 0 0 36 101 0 36
1.562500e-01 1.000000e+01 0.000000e+00 1.000000e+00 5.546875e+00 1.000000e+01 40 40 -1 35 0 3 1 100 101 0 164
1.562500e-01 1.000000e+01 0.000000e+00 1.000000e+00 5.703125e+00 0.000000e+00 40 40 36 -1 1 0 1 36 37 0 101
1.000000e+01 1.562500e-01 -1.000000e+00 0.000000e+00 5.781250e+00 5.000000e+00 40 40 36 37 2 0 0 37 102 0 37
1.562500e-01 1.000000e+01 0.000000e+00 1.000000e+00 5.703125e+00 1.000000e+01 40 40 -1 36 0 3 1 101 102 0 165
1.562500e-01 1.000000e+01 0.000000e+00 1.000000e+00 5.859375e+00 0.000000e+00 40 40 37 -1 1 0 1 37 38 0 102
1.000000e+01 1.562500e-01 -1.000000e+00 0.000000e+00 5.937500e+00 5.000000e+00 40 40 37 38 2 0 0 38 103 0 38
1.562500e-01 1.000000e+01 0.000000e+00 1.000000e+00 5.859375e+00 1.000000e+01 40 40 -1 37 0 3 1 102 103 0 166
1.562500e-01 1.000000e+01 0.000000e+00 1.000000e+00 6.015625e+00 0.000000e+00 40 40 38 -1 1 0 1 38 39 0 103
1.000000e+01 1.562500e-01 -1.000000e+00 0.000000e+00 6.093750e+00 5.000000e+00 40 40 38 39 2 0 0 39 104 0 39
1.562500e-01 1.000000e+01 0.000000e+00 1.000000e+00 6.015625e+00 1.000000e+01 40 40 -1 38 0 3 1 103 104 0 167
1.562500e-01 1.000000e+01 0.000000e+00 1.000000e+00 6.171875e+00 0.000000e+00 40 40 39 -1 1 0 1 39 40 0 104
1.000000e+01 1.562500e-01 -1.000000e+00 0.000000e+00 6.250000e+00 5.000000e+00 40 40 39 40 2 0 0 40 105 0 40
1.562500e-01 1.000000e+01 0.000000e+00 1.000000e+00 6.171875e+00 1.000000e+01 40 40 -1 39 0 3 1 104 105 0 168
1.562500e-01 1.000000e+01 0.000000e+00 1.000000e+00 6.328125e+00 0.000000e+00 40 40 40 -1 1 0 1 40 41 0 105
1.000000e+01 1.562500e-01 -1.000000e+00 0.000000e+00 6.406250e+00 5.000000e+00 40 40 40 41 2 0 0 41 106 0 41
1.562500e-01 1.000000e+01 0.000000e+00 1.000000e+00 6.328125e+00 1.000000e+01 40 40 -1 40 0 3 1 105 106 0 169
1.562500e-01 1.000000e+01 0.000000e+00 1.000000e+00 6.484375e+00 0.000000e+00 40 40 41 -1 1 0 1 41 42 0 106
1.000000e+01 1.562500e-01 -1.000000e+00 0.000000e+00 6.562500e+00 5.000000e+00 40 40 41 42 2 0 0 42 107 0 42
1.562500e-01 1.000000e+01 0.000000e+00 1.000000e+00 6.484375e+00 1.000000e+01 40 40 -1 41 0 3 1 106 107 0 170
1.562500e-01 1.000000e+01 0.000000e+00 1.000000e+00 6.640625e+00 0.000000e+00 40 40 42 -1 1 0 1 42 43 0 107
1.000000e+01 1.562500e-01 -1.000000e+00 0.000000e+00 6.718750e+00 5.000000e+00 40 40 42 43 2 0 0 43 108 0 43
1.562500e-01 1.000000e+01 0.000000e+00 1.000000e+00 6.640625e+00 1.000000e+01 40 40 -1 42 0 3 1 107 108 0 171
1.562500e-01 1.000000e+01 0.000000e+00 1.000000e+00 6.796875e+00 0.000000e+00 40 40 43 -1 1 0 1 43 44 0 108
1.000000e+01 1.562500e-01 -1.000000e+00 0.000000e+00 6.875000e+00 5.000000e+00 40 40 43 44 2 0 0 44 109 0 44
1.562500e-01 1.000000e+01 0.000000e+00 1.000000e+00 6.796875e+00 1.000000e+01 40 40 -1 43 0 3 1 108 109 0 172
1.562500e-01 1.000000e+01 0.000000e+00 1.000000e+00 6.953125e+00 0.000000e+00 40 40 44 -1 1 0 1 44 45 0 109
1.000000e+01 1.562500e-01 -1.000000e+00 0.000000e+00 7.031250e+00 5.000000e+00 40 40 44 45 2 0 0 45 110 0 45
1.562500e-01 1.000000e+01 0.000000e+00 1.000000e+00 6.953125e+00 1.000000e+01 40 40 -1 44 0 3 1 109 110 0 173
1.562500e-01 1.000000e+01 0.000000e+00 1.000000e+00 7.109375e+00 0.000000e+00 40 40 45 -1 1 0 1 45 46 0 110
1.000000e+01 1.562500e-01 -1.000000e+00 0.000000e+00 7.187500e+00 5.000000e+00 40 40 45 46 2 0 0 46 111 0 46
1.562500e-01 1.000000e+01 0.000000e+00 1.000000e+00 7.109375e+00 1.000000e+01 40 40 -1 45 0 3 1 110 111 0 174
1.562500e-01 1.000000e+01 0.000000e+00 1.000000e+00 7.265625e+00 0.000000e+00 40 40 46 -1 1 0 1 46 47 0 111
1.000000e+01 1.562500e-01 -1.000000e+00 0.000000e+00 7.343750e+00 5.000000e+00 40 40 46 47 2 0 0 47 112 0 47
1.562500e-01 1.000000e+01 0.000000e+00 1.000000e+00 7.265625e+00 1.000000e+01 40 40 -1 46 0 3 1 111 112 0 175
1.562500e-01 1.000000e+01 0.000000e+00 1.000000e+00 7.421875e+00 0.000000e+00 40 40 47 -1 1 0 1 47 48 0 112
1.000000e+01 1.562500e-01 -1.000000e+00 0.000000e+00 7.500000e+00 5.000000e+00 40 40 47 48 2 0 0 48 113 0 48
1.562500e-01 1.000000e+01 0.000000e+00 1.000000e+00 7.421875e+00 1.000000e+01 40 40 -1 47 0 3 1 112 113 0 176
1.562500e-01 1.000000e+01 0.000000e+00 1.000000e+00 7.578125e+00 0.000000e+00 40 40 48 -1 1 0 1 48 49 0 113
1.000000e+01 1.562500e-01 -1.000000e+00 0.000000e+00 7.656250e+00 5.000000e+00 40 40 48 49 2 0 0 49 114 0 49
1.562500e-01 1.000000e+01 0.000000e+00 1.000000e+00 7.578125e+00 1.000000e+01 40 40 -1 48 0 3 1 113 114 0 177
1.562500e-01 1.000000e+01 0.000000e+00 1.000000e+00 7.734375e+00 0.000000e+00 40 40 49 -1 1 0 1 49 50 0 114
1.000000e+01 1.562500e-01 -1.000000e+00 0.000000e+00 7.812500e+00 5.000000e+00 40 40 49 50 2 0 0 50 115 0 50
1.562500e-01 1.000000e+01 0.000000e+00 1.000000e+00 7.734375e+00 1.000000e+01 40 40 -1 49 0 3 1 114 115 0 178
1.562500e-01 1.000000e+01 0.000000e+00 1.000000e+00 7.890625e+00 0.000000e+00 40 40 50 -1 1 0 1 50 51 0 115
1.000000e+01 1.562500e-01 -1.000000e+00 0.000000e+00 7.968750e+00 5.000000e+00 40 40 50 51 2 0 0 51 116 0 51
1.562500e-01 1.000000e+01 0.000000e+00 1.000000e+00 7.890625e+00 1.000000e+01 40 40 -1 50 0 3 1 115 116 0 179
1.562500e-01 1.000000e+01 0.000000e+00 1.000000e+00 8.046875e+00 0.000000e+00 40 40 51 -1 1 0 1 51 52 0 116
1.000000e+01 1.562500e-01 -1.000000e+00 0.000000e+00 8.125000e+00 5.000000e+00 40 40 51 52 2 0 0 52 117 0 52
1.562500e-01 1.000000e+01 0.000000e+00 1.000000e+00 8.046875e+00 1.000000e+01 40 40 -1 51 0 3 1 116 117 0 180
1.562500e-01 1.000000e+01 0.000000e+00 1.000000e+00 8.203125e+00 0.000000e+00 40 40 52 -1 1 0 1 52 53 0 117
1.000000e+01 1.562500e-01 -1.000000e+00 0.000000e+00 8.281250e+00 5.000000e+00 40 40 52 53 2 0 0 53 118 0 53
1.562500e-01 1.000000e+01 0.000000e+00 1.000000e+00 8.203125e+00 1.000000e+01 40 40 -1 52 0 3 1 117 118 0 181
1.562500e-01 1.000000e+01 0.000000e+00 1.000000e+00 8.359375e+00 0.000000e+00 40 40 53 -1 1 0 1 53 54 0 118
1.000000e+01 1.562500e-01 -1.000000e+00 0.000000e+00 8.437500e+00 5.000000e+00 40 40 53 54 2 0 0 54 119 0 54
1.562500e-01 1.000000e+01 0.000000e+00 1.000000e+00 8.359375e+00 1.000000e+01 40 40 -1 53 0 3 1 118 119 0 182
1.562500e-01 1.000000e+01 0.000000e+00 1.000000e+00 8.515625e+00 0.000000e+00 40 40 54 -1 1 0 1 54 55 0 119
1.000000e+01 1.562500e-01 -1.000000e+00 0.000000e+00 8.593750e+00 5.000000e+00 40 40 54 55 2 0 0 55 120 0 55
1.562500e-01 1.000000e+01 0.000000e+00 1.000000e+00 8.515625e+00 1.000000e+01 40 40 -1 54 0 3 1 119 120 0 183
1.562500e-01 1.000000e+01 0.000000e+00 1.000000e+00 8.671875e+00 0.000000e+00 40 40 55 -1 1 0 1 55 56 0 120
1.000000e+01 1.562500e-01 -1.000000e+00 0.000000e+00 8.750000e+00 5.000000e+00 40 40 55 56 2 0 0 56 121 0 56
1.562500e-01 1.000000e+01 0.000000e+00 1.000000e+00 8.671875e+00 1.000000e+01 40 40 -1 55 0 3 1 120 121 0 184
1.562500e-01 1.000000e+01 0.000000e+00 1.000000e+00 8.828125e+00 0.000000e+00 40 40 56 -1 1 0 1 56 57 0 121
1.000000e+01 1.562500e-01 -1.000000e+00 0.000000e+00 8.906250e+00 5.000000e+00 40 40 56 57 2 0 0 57 122 0 57
1.562500e-01 1.000000e+01 0.000000e+00 1.000000e+00 8.828125e+00 1.000000e+01 40 40 -1 56 0 3 1 121 122 0 185
1.562500e-01 1.000000e+01 0.000000e+00 1.000000e+00 8.984375e+00 0.000000e+00 40 40 57 -1 1 0 1 57 58 0 122
1.000000e+01 1.562500e-01 -1.000000e+00 0.000000e+00 9.062500e+00 5.000000e+00 40 40 57 58 2 0 0 58 123 0 58
1.562500e-01 1.000000e+01 0.000000e+00 1.000000e+00 8.984375e+00 1.000000e+01 40 40 -1 57 0 3 1 122 123 0 186
1.562500e-01 1.000000e+01 0.000000e+00 1.000000e+00 9.140625e+00 0.000000e+00 40 40 58 -1 1 0 1 58 59 0 123
1.000000e+01 1.562500e-01 -1.000000e+00 0.000000e+00 9.218750e+00 5.000000e+00 40 40 58 59 2 0 0 59 124 0 59
1.562500e-01 1.000000e+01 0.000000e+00 1.000000e+00 9.140625e+00 1.000000e+01 40 40 -1 58 0 3 1 123 124 0 187
1.562500e-01 1.000000e+01 0.000000e+00 1.000000e+00 9.296875e+00 0.000000e+00 40 40 59 -1 1 0 1 59 60 0 124
1.000000e+01 1.562500e-01 -1.000000e+00 0.000000e+00 9.375000e+00 5.000000e+00 40 40 59 60 2 0 0 60 125 0 60
1.562500e-01 1.000000e+01 0.000000e+00 1.000000e+00 9.296875e+00 1.000000e+01 40 40 -1 59 0 3 1 124 125 0 188
1.562500e-01 1.000000e+01 0.000000e+00 1.000000e+00 9.453125e+00 0.000000e+00 40 40 60 -1 1 0 1 60 61 0 125
1.000000e+01 1.562500e-01 -1.000000e+00 0.000000e+00 9.531250e+00 5.000000e+00 40 40 60 61 2 0 0 61 126 0 61
1.562500e-01 1.000000e+01 0.000000e+00 1.000000e+00 9.453125e+00 1.000000e+01 40 40 -1 60 0 3 1 125 126 0 189
1.562500e-01 1.000000e+01 0.000000e+00 1.000000e+00 9.609375e+00 0.000000e+00 40 40 61 -1 1 0 1 61 62 0 126
1.000000e+01 1.562500e-01 -1.000000e+00 0.000000e+00 9.687500e+00 5.000000e+00 40 40 61 62 2 0 0 62 127 0 62
1.562500e-01 1.000000e+01 0.000000e+00 1.000000e+00 9.609375e+00 1.000000e+01 40 40 -1 61 0 3 1 126 127 0 190
1.562500e-01 1.000000e+01 0.000000e+00 1.000000e+00 9.765625e+00 0.000000e+00 40 40 62 -1 1 0 1 62 63 0 127
1.000000e+01 1.562500e-01 -1.000000e+00 0.000000e+00 9.843750e+00 5.000000e+00 40 40 62 63 2 0 0 63 128 0 63
1.562500e-01 1.000000e+01 0.000000e+00 1.000000e+00 9.765625e+00 1.000000e+01 40 40 -1 62 0 3 1 127 128 0 191
1.562500e-01 1.000000e+01 0.000000e+00 1.000000e+00 9.921875e+00 0.000000e+00 40 40 63 -1 1 0 1 63 64 0 128
1.000000e+01 1.562500e-01 -1.000000e+00 0.000000e+00 1.000000e+01 5.000000e+00 40 40 63 -1 2 0 1 64 129 0 64
1.562500e-01 1.000000e+01 0.000000e+00 1.000000e+00 9.921875e+00 1.000000e+01 40 40 -1 63 0 3 1 128 129 0 192
