4 2.0000000000e-01 2.0000000000e-01 1 32 31 0 -1 30 1 -1
4 6.0000000000e-01 2.0000000000e-01 2 33 32 1 0 31 2 -1
4 1.0000000000e+00 2.0000000000e-01 3 34 33 2 1 32 3 -1
4 1.4000000000e+00 2.0000000000e-01 4 35 34 3 2 33 4 -1
4 1.8000000000e+00 2.0000000000e-01 5 36 35 4 3 34 5 -1
4 2.2000000000e+00 2.0000000000e-01 6 37 36 5 4 35 6 -1
4 2.6000000000e+00 2.0000000000e-01 7 38 37 6 5 36 7 -1
4 3.0000000000e+00 2.0000000000e-01 8 39 38 7 6 37 8 -1
4 3.4000000000e+00 2.0000000000e-01 9 40 39 8 7 38 9 -1
4 3.8000000000e+00 2.0000000000e-01 10 41 40 9 8 39 10 -1
4 4.2000000000e+00 2.0000000000e-01 11 42 41 10 9 40 11 -1
4 4.6000000000e+00 2.0000000000e-01 12 43 42 11 10 41 12 -1
4 5.0000000000e+00 2.0000000000e-01 13 44 43 12 11 42 13 -1
4 5.4000000000e+00 2.0000000000e-01 14 45 44 13 12 43 14 -1
4 5.8000000000e+00 2.0000000000e-01 15 46 45 14 13 44 15 -1
4 6.2000000000e+00 2.0000000000e-01 16 47 46 15 14 45 16 -1
4 6.6000000000e+00 2.0000000000e-01 17 48 47 16 15 46 17 -1
4 7.0000000000e+00 2.0000000000e-01 18 49 48 17 16 47 18 -1
4 7.4000000000e+00 2.0000000000e-01 19 50 49 18 17 48 19 -1
4 7.8000000000e+00 2.0000000000e-01 20 51 50 19 18 49 20 -1
4 8.2000000000e+00 2.0000000000e-01 21 52 51 20 19 50 21 -1
4 8.6000000000e+00 2.0000000000e-01 22 53 52 21 20 51 22 -1
4 9.0000000000e+00 2.0000000000e-01 23 54 53 22 21 52 23 -1
4 9.4000000000e+00 2.0000000000e-01 24 55 54 23 22 53 24 -1
4 9.8000000000e+00 2.0000000000e-01 25 56 55 24 23 54 25 -1
4 1.0200000000e+01 2.0000000000e-01 26 57 56 25 24 55 26 -1
4 1.0600000000e+01 2.0000000000e-01 27 58 57 26 25 56 27 -1
4 1.1000000000e+01 2.0000000000e-01 28 59 58 27 26 57 28 -1
4 1.1400000000e+01 2.0000000000e-01 29 60 59 28 27 58 29 -1
4 1.1800000000e+01 2.0000000000e-01 30 61 60 29 28 59 -1 -1
4 2.0000000000e-01 6.0000000000e-01 32 63 62 31 -1 60 31 0
4 6.0000000000e-01 6.0000000000e-01 33 64 63 32 30 61 32 1
4 1.0000000000e+00 6.0000000000e-01 34 65 64 33 31 62 33 2
4 1.4000000000e+00 6.0000000000e-01 35 66 65 34 32 63 34 3
4 1.8000000000e+00 6.0000000000e-01 36 67 66 35 33 64 35 4
4 2.2000000000e+00 6.0000000000e-01 37 68 67 36 34 65 36 5
4 2.6000000000e+00 6.0000000000e-01 38 69 68 37 35 66 37 6
4 3.0000000000e+00 6.0000000000e-01 39 70 69 38 36 67 38 7
4 3.4000000000e+00 6.0000000000e-01 40 71 70 39 37 68 39 8
4 3.8000000000e+00 6.0000000000e-01 41 72 71 40 38 69 40 9
4 4.2000000000e+00 6.0000000000e-01 42 73 72 41 39 70 41 10
4 4.6000000000e+00 6.0000000000e-01 43 74 73 42 40 71 42 11
4 5.0000000000e+00 6.0000000000e-01 44 75 74 43 41 72 43 12
4 5.4000000000e+00 6.0000000000e-01 45 76 75 44 42 73 44 13
4 5.8000000000e+00 6.0000000000e-01 46 77 76 45 43 74 45 14
4 6.2000000000e+00 6.0000000000e-01 47 78 77 46 44 75 46 15
4 6.6000000000e+00 6.0000000000e-01 48 79 78 47 45 76 47 16
4 7.0000000000e+00 6.0000000000e-01 49 80 79 48 46 77 48 17
4 7.4000000000e+00 6.0000000000e-01 50 81 80 49 47 78 49 18
4 7.8000000000e+00 6.0000000000e-01 51 82 81 50 48 79 50 19
4 8.2000000000e+00 6.0000000000e-01 52 83 82 51 49 80 51 20
4 8.6000000000e+00 6.0000000000e-01 53 84 83 52 50 81 52 21
4 9.0000000000e+00 6.0000000000e-01 54 85 84 53 51 82 53 22
4 9.4000000000e+00 6.0000000000e-01 55 86 85 54 52 83 54 23
4 9.8000000000e+00 6.0000000000e-01 56 87 86 55 53 84 55 24
4 1.0200000000e+01 6.0000000000e-01 57 88 87 56 54 85 56 25
4 1.0600000000e+01 6.0000000000e-01 58 89 88 57 55 86 57 26
4 1.1000000000e+01 6.0000000000e-01 59 90 89 58 56 87 58 27
4 1.1400000000e+01 6.0000000000e-01 60 91 90 59 57 88 59 28
4 1.1800000000e+01 6.0000000000e-01 61 92 91 60 58 89 -1 29
4 2.0000000000e-01 1.0000000000e+00 63 94 93 62 -1 90 61 30
4 6.0000000000e-01 1.0000000000e+00 64 95 94 63 60 91 62 31
4 1.0000000000e+00 1.0000000000e+00 65 96 95 64 61 92 63 32
4 1.4000000000e+00 1.0000000000e+00 66 97 96 65 62 93 64 33
4 1.8000000000e+00 1.0000000000e+00 67 98 97 66 63 94 65 34
4 2.2000000000e+00 1.0000000000e+00 68 99 98 67 64 95 66 35
4 2.6000000000e+00 1.0000000000e+00 69 100 99 68 65 96 67 36
4 3.0000000000e+00 1.0000000000e+00 70 101 100 69 66 97 68 37
4 3.4000000000e+00 1.0000000000e+00 71 102 101 70 67 98 69 38
4 3.8000000000e+00 1.0000000000e+00 72 103 102 71 68 99 70 39
4 4.2000000000e+00 1.0000000000e+00 73 104 103 72 69 100 71 40
4 4.6000000000e+00 1.0000000000e+00 74 105 104 73 70 101 72 41
4 5.0000000000e+00 1.0000000000e+00 75 106 105 74 71 102 73 42
4 5.4000000000e+00 1.0000000000e+00 76 107 106 75 72 103 74 43
4 5.8000000000e+00 1.0000000000e+00 77 108 107 76 73 104 75 44
4 6.2000000000e+00 1.0000000000e+00 78 109 108 77 74 105 76 45
4 6.6000000000e+00 1.0000000000e+00 79 110 109 78 75 106 77 46
4 7.0000000000e+00 1.0000000000e+00 80 111 110 79 76 107 78 47
4 7.4000000000e+00 1.0000000000e+00 81 112 111 80 77 108 79 48
4 7.8000000000e+00 1.0000000000e+00 82 113 112 81 78 109 80 49
4 8.2000000000e+00 1.0000000000e+00 83 114 113 82 79 110 81 50
4 8.6000000000e+00 1.0000000000e+00 84 115 114 83 80 111 82 51
4 9.0000000000e+00 1.0000000000e+00 85 116 115 84 81 112 83 52
4 9.4000000000e+00 1.0000000000e+00 86 117 116 85 82 113 84 53
4 9.8000000000e+00 1.0000000000e+00 87 118 117 86 83 114 85 54
4 1.0200000000e+01 1.0000000000e+00 88 119 118 87 84 115 86 55
4 1.0600000000e+01 1.0000000000e+00 89 120 119 88 85 116 87 56
4 1.1000000000e+01 1.0000000000e+00 90 121 120 89 86 117 88 57
4 1.1400000000e+01 1.0000000000e+00 91 122 121 90 87 118 89 58
4 1.1800000000e+01 1.0000000000e+00 92 123 122 91 88 119 -1 59
4 2.0000000000e-01 1.4000000000e+00 94 125 124 93 -1 120 91 60
4 6.0000000000e-01 1.4000000000e+00 95 126 125 94 90 121 92 61
4 1.0000000000e+00 1.4000000000e+00 96 127 126 95 91 122 93 62
4 1.4000000000e+00 1.4000000000e+00 97 128 127 96 92 123 94 63
4 1.8000000000e+00 1.4000000000e+00 98 129 128 97 93 124 95 64
4 2.2000000000e+00 1.4000000000e+00 99 130 129 98 94 125 96 65
4 2.6000000000e+00 1.4000000000e+00 100 131 130 99 95 126 97 66
4 3.0000000000e+00 1.4000000000e+00 101 132 131 100 96 127 98 67
4 3.4000000000e+00 1.4000000000e+00 102 133 132 101 97 128 99 68
4 3.8000000000e+00 1.4000000000e+00 103 134 133 102 98 129 100 69
4 4.2000000000e+00 1.4000000000e+00 104 135 134 103 99 130 101 70
4 4.6000000000e+00 1.4000000000e+00 105 136 135 104 100 131 102 71
4 5.0000000000e+00 1.4000000000e+00 106 137 136 105 101 132 103 72
4 5.4000000000e+00 1.4000000000e+00 107 138 137 106 102 133 104 73
4 5.8000000000e+00 1.4000000000e+00 108 139 138 107 103 134 105 74
4 6.2000000000e+00 1.4000000000e+00 109 140 139 108 104 135 106 75
4 6.6000000000e+00 1.4000000000e+00 110 141 140 109 105 136 107 76
4 7.0000000000e+00 1.4000000000e+00 111 142 141 110 106 137 108 77
4 7.4000000000e+00 1.4000000000e+00 112 143 142 111 107 138 109 78
4 7.8000000000e+00 1.4000000000e+00 113 144 143 112 108 139 110 79
4 8.2000000000e+00 1.4000000000e+00 114 145 144 113 109 140 111 80
4 8.6000000000e+00 1.4000000000e+00 115 146 145 114 110 141 112 81
4 9.0000000000e+00 1.4000000000e+00 116 147 146 115 111 142 113 82
4 9.4000000000e+00 1.4000000000e+00 117 148 147 116 112 143 114 83
4 9.8000000000e+00 1.4000000000e+00 118 149 148 117 113 144 115 84
4 1.0200000000e+01 1.4000000000e+00 119 150 149 118 114 145 116 85
4 1.0600000000e+01 1.4000000000e+00 120 151 150 119 115 146 117 86
4 1.1000000000e+01 1.4000000000e+00 121 152 151 120 116 147 118 87
4 1.1400000000e+01 1.4000000000e+00 122 153 152 121 117 148 119 88
4 1.1800000000e+01 1.4000000000e+00 123 154 153 122 118 149 -1 89
4 2.0000000000e-01 1.8000000000e+00 125 156 155 124 -1 150 121 90
4 6.0000000000e-01 1.8000000000e+00 126 157 156 125 120 151 122 91
4 1.0000000000e+00 1.8000000000e+00 127 158 157 126 121 152 123 92
4 1.4000000000e+00 1.8000000000e+00 128 159 158 127 122 153 124 93
4 1.8000000000e+00 1.8000000000e+00 129 160 159 128 123 154 125 94
4 2.2000000000e+00 1.8000000000e+00 130 161 160 129 124 155 126 95
4 2.6000000000e+00 1.8000000000e+00 131 162 161 130 125 156 127 96
4 3.0000000000e+00 1.8000000000e+00 132 163 162 131 126 157 128 97
4 3.4000000000e+00 1.8000000000e+00 133 164 163 132 127 158 129 98
4 3.8000000000e+00 1.8000000000e+00 134 165 164 133 128 159 130 99
4 4.2000000000e+00 1.8000000000e+00 135 166 165 134 129 160 131 100
4 4.6000000000e+00 1.8000000000e+00 136 167 166 135 130 161 132 101
4 5.0000000000e+00 1.8000000000e+00 137 168 167 136 131 162 133 102
4 5.4000000000e+00 1.8000000000e+00 138 169 168 137 132 163 134 103
4 5.8000000000e+00 1.8000000000e+00 139 170 169 138 133 164 135 104
4 6.2000000000e+00 1.8000000000e+00 140 171 170 139 134 165 136 105
4 6.6000000000e+00 1.8000000000e+00 141 172 171 140 135 166 137 106
4 7.0000000000e+00 1.8000000000e+00 142 173 172 141 136 167 138 107
4 7.4000000000e+00 1.8000000000e+00 143 174 173 142 137 168 139 108
4 7.8000000000e+00 1.8000000000e+00 144 175 174 143 138 169 140 109
4 8.2000000000e+00 1.8000000000e+00 145 176 175 144 139 170 141 110
4 8.6000000000e+00 1.8000000000e+00 146 177 176 145 140 171 142 111
4 9.0000000000e+00 1.8000000000e+00 147 178 177 146 141 172 143 112
4 9.4000000000e+00 1.8000000000e+00 148 179 178 147 142 173 144 113
4 9.8000000000e+00 1.8000000000e+00 149 180 179 148 143 174 145 114
4 1.0200000000e+01 1.8000000000e+00 150 181 180 149 144 175 146 115
4 1.0600000000e+01 1.8000000000e+00 151 182 181 150 145 176 147 116
4 1.1000000000e+01 1.8000000000e+00 152 183 182 151 146 177 148 117
4 1.1400000000e+01 1.8000000000e+00 153 184 183 152 147 178 149 118
4 1.1800000000e+01 1.8000000000e+00 154 185 184 153 148 179 -1 119
4 2.0000000000e-01 2.2000000000e+00 156 187 186 155 -1 180 151 120
4 6.0000000000e-01 2.2000000000e+00 157 188 187 156 150 181 152 121
4 1.0000000000e+00 2.2000000000e+00 158 189 188 157 151 182 153 122
4 1.4000000000e+00 2.2000000000e+00 159 190 189 158 152 183 154 123
4 1.8000000000e+00 2.2000000000e+00 160 191 190 159 153 184 155 124
4 2.2000000000e+00 2.2000000000e+00 161 192 191 160 154 185 156 125
4 2.6000000000e+00 2.2000000000e+00 162 193 192 161 155 186 157 126
4 3.0000000000e+00 2.2000000000e+00 163 194 193 162 156 187 158 127
4 3.4000000000e+00 2.2000000000e+00 164 195 194 163 157 188 159 128
4 3.8000000000e+00 2.2000000000e+00 165 196 195 164 158 189 160 129
4 4.2000000000e+00 2.2000000000e+00 166 197 196 165 159 190 161 130
4 4.6000000000e+00 2.2000000000e+00 167 198 197 166 160 191 162 131
4 5.0000000000e+00 2.2000000000e+00 168 199 198 167 161 192 163 132
4 5.4000000000e+00 2.2000000000e+00 169 200 199 168 162 193 164 133
4 5.8000000000e+00 2.2000000000e+00 170 201 200 169 163 194 165 134
4 6.2000000000e+00 2.2000000000e+00 171 202 201 170 164 195 166 135
4 6.6000000000e+00 2.2000000000e+00 172 203 202 171 165 196 167 136
4 7.0000000000e+00 2.2000000000e+00 173 204 203 172 166 197 168 137
4 7.4000000000e+00 2.2000000000e+00 174 205 204 173 167 198 169 138
4 7.8000000000e+00 2.2000000000e+00 175 206 205 174 168 199 170 139
4 8.2000000000e+00 2.2000000000e+00 176 207 206 175 169 200 171 140
4 8.6000000000e+00 2.2000000000e+00 177 208 207 176 170 201 172 141
4 9.0000000000e+00 2.2000000000e+00 178 209 208 177 171 202 173 142
4 9.4000000000e+00 2.2000000000e+00 179 210 209 178 172 203 174 143
4 9.8000000000e+00 2.2000000000e+00 180 211 210 179 173 204 175 144
4 1.0200000000e+01 2.2000000000e+00 181 212 211 180 174 205 176 145
4 1.0600000000e+01 2.2000000000e+00 182 213 212 181 175 206 177 146
4 1.1000000000e+01 2.2000000000e+00 183 214 213 182 176 207 178 147
4 1.1400000000e+01 2.2000000000e+00 184 215 214 183 177 208 179 148
4 1.1800000000e+01 2.2000000000e+00 185 216 215 184 178 209 -1 149
4 2.0000000000e-01 2.6000000000e+00 187 218 217 186 -1 210 181 150
4 6.0000000000e-01 2.6000000000e+00 188 219 218 187 180 211 182 151
4 1.0000000000e+00 2.6000000000e+00 189 220 219 188 181 212 183 152
4 1.4000000000e+00 2.6000000000e+00 190 221 220 189 182 213 184 153
4 1.8000000000e+00 2.6000000000e+00 191 222 221 190 183 214 185 154
4 2.2000000000e+00 2.6000000000e+00 192 223 222 191 184 215 186 155
4 2.6000000000e+00 2.6000000000e+00 193 224 223 192 185 216 187 156
4 3.0000000000e+00 2.6000000000e+00 194 225 224 193 186 217 188 157
4 3.4000000000e+00 2.6000000000e+00 195 226 225 194 187 218 189 158
4 3.8000000000e+00 2.6000000000e+00 196 227 226 195 188 219 190 159
4 4.2000000000e+00 2.6000000000e+00 197 228 227 196 189 220 191 160
4 4.6000000000e+00 2.6000000000e+00 198 229 228 197 190 221 192 161
4 5.0000000000e+00 2.6000000000e+00 199 230 229 198 191 222 193 162
4 5.4000000000e+00 2.6000000000e+00 200 231 230 199 192 223 194 163
4 5.8000000000e+00 2.6000000000e+00 201 232 231 200 193 224 195 164
4 6.2000000000e+00 2.6000000000e+00 202 233 232 201 194 225 196 165
4 6.6000000000e+00 2.6000000000e+00 203 234 233 202 195 226 197 166
4 7.0000000000e+00 2.6000000000e+00 204 235 234 203 196 227 198 167
4 7.4000000000e+00 2.6000000000e+00 205 236 235 204 197 228 199 168
4 7.8000000000e+00 2.6000000000e+00 206 237 236 205 198 229 200 169
4 8.2000000000e+00 2.6000000000e+00 207 238 237 206 199 230 201 170
4 8.6000000000e+00 2.6000000000e+00 208 239 238 207 200 231 202 171
4 9.0000000000e+00 2.6000000000e+00 209 240 239 208 201 232 203 172
4 9.4000000000e+00 2.6000000000e+00 210 241 240 209 202 233 204 173
4 9.8000000000e+00 2.6000000000e+00 211 242 241 210 203 234 205 174
4 1.0200000000e+01 2.6000000000e+00 212 243 242 211 204 235 206 175
4 1.0600000000e+01 2.6000000000e+00 213 244 243 212 205 236 207 176
4 1.1000000000e+01 2.6000000000e+00 214 245 244 213 206 237 208 177
4 1.1400000000e+01 2.6000000000e+00 215 246 245 214 207 238 209 178
4 1.1800000000e+01 2.6000000000e+00 216 247 246 215 208 239 -1 179
4 2.0000000000e-01 3.0000000000e+00 218 249 248 217 -1 240 211 180
4 6.0000000000e-01 3.0000000000e+00 219 250 249 218 210 241 212 181
4 1.0000000000e+00 3.0000000000e+00 220 251 250 219 211 242 213 182
4 1.4000000000e+00 3.0000000000e+00 221 252 251 220 212 243 214 183
4 1.8000000000e+00 3.0000000000e+00 222 253 252 221 213 244 215 184
4 2.2000000000e+00 3.0000000000e+00 223 254 253 222 214 245 216 185
4 2.6000000000e+00 3.0000000000e+00 224 255 254 223 215 246 217 186
4 3.0000000000e+00 3.0000000000e+00 225 256 255 224 216 247 218 187
4 3.4000000000e+00 3.0000000000e+00 226 257 256 225 217 248 219 188
4 3.8000000000e+00 3.0000000000e+00 227 258 257 226 218 249 220 189
4 4.2000000000e+00 3.0000000000e+00 228 259 258 227 219 250 221 190
4 4.6000000000e+00 3.0000000000e+00 229 260 259 228 220 251 222 191
4 5.0000000000e+00 3.0000000000e+00 230 261 260 229 221 252 223 192
4 5.4000000000e+00 3.0000000000e+00 231 262 261 230 222 253 224 193
4 5.8000000000e+00 3.0000000000e+00 232 263 262 231 223 254 225 194
4 6.2000000000e+00 3.0000000000e+00 233 264 263 232 224 255 226 195
4 6.6000000000e+00 3.0000000000e+00 234 265 264 233 225 256 227 196
4 7.0000000000e+00 3.0000000000e+00 235 266 265 234 226 257 228 197
4 7.4000000000e+00 3.0000000000e+00 236 267 266 235 227 258 229 198
4 7.8000000000e+00 3.0000000000e+00 237 268 267 236 228 259 230 199
4 8.2000000000e+00 3.0000000000e+00 238 269 268 237 229 260 231 200
4 8.6000000000e+00 3.0000000000e+00 239 270 269 238 230 261 232 201
4 9.0000000000e+00 3.0000000000e+00 240 271 270 239 231 262 233 202
4 9.4000000000e+00 3.0000000000e+00 241 272 271 240 232 263 234 203
4 9.8000000000e+00 3.0000000000e+00 242 273 272 241 233 264 235 204
4 1.0200000000e+01 3.0000000000e+00 243 274 273 242 234 265 236 205
4 1.0600000000e+01 3.0000000000e+00 244 275 274 243 235 266 237 206
4 1.1000000000e+01 3.0000000000e+00 245 276 275 244 236 267 238 207
4 1.1400000000e+01 3.0000000000e+00 246 277 276 245 237 268 239 208
4 1.1800000000e+01 3.0000000000e+00 247 278 277 246 238 269 -1 209
4 2.0000000000e-01 3.4000000000e+00 249 280 279 248 -1 270 241 210
4 6.0000000000e-01 3.4000000000e+00 250 281 280 249 240 271 242 211
4 1.0000000000e+00 3.4000000000e+00 251 282 281 250 241 272 243 212
4 1.4000000000e+00 3.4000000000e+00 252 283 282 251 242 273 244 213
4 1.8000000000e+00 3.4000000000e+00 253 284 283 252 243 274 245 214
4 2.2000000000e+00 3.4000000000e+00 254 285 284 253 244 275 246 215
4 2.6000000000e+00 3.4000000000e+00 255 286 285 254 245 276 247 216
4 3.0000000000e+00 3.4000000000e+00 256 287 286 255 246 277 248 217
4 3.4000000000e+00 3.4000000000e+00 257 288 287 256 247 278 249 218
4 3.8000000000e+00 3.4000000000e+00 258 289 288 257 248 279 250 219
4 4.2000000000e+00 3.4000000000e+00 259 290 289 258 249 280 251 220
4 4.6000000000e+00 3.4000000000e+00 260 291 290 259 250 281 252 221
4 5.0000000000e+00 3.4000000000e+00 261 292 291 260 251 282 253 222
4 5.4000000000e+00 3.4000000000e+00 262 293 292 261 252 283 254 223
4 5.8000000000e+00 3.4000000000e+00 263 294 293 262 253 284 255 224
4 6.2000000000e+00 3.4000000000e+00 264 295 294 263 254 285 256 225
4 6.6000000000e+00 3.4000000000e+00 265 296 295 264 255 286 257 226
4 7.0000000000e+00 3.4000000000e+00 266 297 296 265 256 287 258 227
4 7.4000000000e+00 3.4000000000e+00 267 298 297 266 257 288 259 228
4 7.8000000000e+00 3.4000000000e+00 268 299 298 267 258 289 260 229
4 8.2000000000e+00 3.4000000000e+00 269 300 299 268 259 290 261 230
4 8.6000000000e+00 3.4000000000e+00 270 301 300 269 260 291 262 231
4 9.0000000000e+00 3.4000000000e+00 271 302 301 270 261 292 263 232
4 9.4000000000e+00 3.4000000000e+00 272 303 302 271 262 293 264 233
4 9.8000000000e+00 3.4000000000e+00 273 304 303 272 263 294 265 234
4 1.0200000000e+01 3.4000000000e+00 274 305 304 273 264 295 266 235
4 1.0600000000e+01 3.4000000000e+00 275 306 305 274 265 296 267 236
4 1.1000000000e+01 3.4000000000e+00 276 307 306 275 266 297 268 237
4 1.1400000000e+01 3.4000000000e+00 277 308 307 276 267 298 269 238
4 1.1800000000e+01 3.4000000000e+00 278 309 308 277 268 299 -1 239
4 2.0000000000e-01 3.8000000000e+00 280 311 310 279 -1 300 271 240
4 6.0000000000e-01 3.8000000000e+00 281 312 311 280 270 301 272 241
4 1.0000000000e+00 3.8000000000e+00 282 313 312 281 271 302 273 242
4 1.4000000000e+00 3.8000000000e+00 283 314 313 282 272 303 274 243
4 1.8000000000e+00 3.8000000000e+00 284 315 314 283 273 304 275 244
4 2.2000000000e+00 3.8000000000e+00 285 316 315 284 274 305 276 245
4 2.6000000000e+00 3.8000000000e+00 286 317 316 285 275 306 277 246
4 3.0000000000e+00 3.8000000000e+00 287 318 317 286 276 307 278 247
4 3.4000000000e+00 3.8000000000e+00 288 319 318 287 277 308 279 248
4 3.8000000000e+00 3.8000000000e+00 289 320 319 288 278 309 280 249
4 4.2000000000e+00 3.8000000000e+00 290 321 320 289 279 310 281 250
4 4.6000000000e+00 3.8000000000e+00 291 322 321 290 280 311 282 251
4 5.0000000000e+00 3.8000000000e+00 292 323 322 291 281 312 283 252
4 5.4000000000e+00 3.8000000000e+00 293 324 323 292 282 313 284 253
4 5.8000000000e+00 3.8000000000e+00 294 325 324 293 283 314 285 254
4 6.2000000000e+00 3.8000000000e+00 295 326 325 294 284 315 286 255
4 6.6000000000e+00 3.8000000000e+00 296 327 326 295 285 316 287 256
4 7.0000000000e+00 3.8000000000e+00 297 328 327 296 286 317 288 257
4 7.4000000000e+00 3.8000000000e+00 298 329 328 297 287 318 289 258
4 7.8000000000e+00 3.8000000000e+00 299 330 329 298 288 319 290 259
4 8.2000000000e+00 3.8000000000e+00 300 331 330 299 289 320 291 260
4 8.6000000000e+00 3.8000000000e+00 301 332 331 300 290 321 292 261
4 9.0000000000e+00 3.8000000000e+00 302 333 332 301 291 322 293 262
4 9.4000000000e+00 3.8000000000e+00 303 334 333 302 292 323 294 263
4 9.8000000000e+00 3.8000000000e+00 304 335 334 303 293 324 295 264
4 1.0200000000e+01 3.8000000000e+00 305 336 335 304 294 325 296 265
4 1.0600000000e+01 3.8000000000e+00 306 337 336 305 295 326 297 266
4 1.1000000000e+01 3.8000000000e+00 307 338 337 306 296 327 298 267
4 1.1400000000e+01 3.8000000000e+00 308 339 338 307 297 328 299 268
4 1.1800000000e+01 3.8000000000e+00 309 340 339 308 298 329 -1 269
4 2.0000000000e-01 4.2000000000e+00 311 342 341 310 -1 330 301 270
4 6.0000000000e-01 4.2000000000e+00 312 343 342 311 300 331 302 271
4 1.0000000000e+00 4.2000000000e+00 313 344 343 312 301 332 303 272
4 1.4000000000e+00 4.2000000000e+00 314 345 344 313 302 333 304 273
4 1.8000000000e+00 4.2000000000e+00 315 346 345 314 303 334 305 274
4 2.2000000000e+00 4.2000000000e+00 316 347 346 315 304 335 306 275
4 2.6000000000e+00 4.2000000000e+00 317 348 347 316 305 336 307 276
4 3.0000000000e+00 4.2000000000e+00 318 349 348 317 306 337 308 277
4 3.4000000000e+00 4.2000000000e+00 319 350 349 318 307 338 309 278
4 3.8000000000e+00 4.2000000000e+00 320 351 350 319 308 339 310 279
4 4.2000000000e+00 4.2000000000e+00 321 352 351 320 309 340 311 280
4 4.6000000000e+00 4.2000000000e+00 322 353 352 321 310 341 312 281
4 5.0000000000e+00 4.2000000000e+00 323 354 353 322 311 342 313 282
4 5.4000000000e+00 4.2000000000e+00 324 355 354 323 312 343 314 283
4 5.8000000000e+00 4.2000000000e+00 325 356 355 324 313 344 315 284
4 6.2000000000e+00 4.2000000000e+00 326 357 356 325 314 345 316 285
4 6.6000000000e+00 4.2000000000e+00 327 358 357 326 315 346 317 286
4 7.0000000000e+00 4.2000000000e+00 328 359 358 327 316 347 318 287
4 7.4000000000e+00 4.2000000000e+00 329 360 359 328 317 348 319 288
4 7.8000000000e+00 4.2000000000e+00 330 361 360 329 318 349 320 289
4 8.2000000000e+00 4.2000000000e+00 331 362 361 330 319 350 321 290
4 8.6000000000e+00 4.2000000000e+00 332 363 362 331 320 351 322 291
4 9.0000000000e+00 4.2000000000e+00 333 364 363 332 321 352 323 292
4 9.4000000000e+00 4.2000000000e+00 334 365 364 333 322 353 324 293
4 9.8000000000e+00 4.2000000000e+00 335 366 365 334 323 354 325 294
4 1.0200000000e+01 4.2000000000e+00 336 367 366 335 324 355 326 295
4 1.0600000000e+01 4.2000000000e+00 337 368 367 336 325 356 327 296
4 1.1000000000e+01 4.2000000000e+00 338 369 368 337 326 357 328 297
4 1.1400000000e+01 4.2000000000e+00 339 370 369 338 327 358 329 298
4 1.1800000000e+01 4.2000000000e+00 340 371 370 339 328 359 -1 299
4 2.0000000000e-01 4.6000000000e+00 342 373 372 341 -1 360 331 300
4 6.0000000000e-01 4.6000000000e+00 343 374 373 342 330 361 332 301
4 1.0000000000e+00 4.6000000000e+00 344 375 374 343 331 362 333 302
4 1.4000000000e+00 4.6000000000e+00 345 376 375 344 332 363 334 303
4 1.8000000000e+00 4.6000000000e+00 346 377 376 345 333 364 335 304
4 2.2000000000e+00 4.6000000000e+00 347 378 377 346 334 365 336 305
4 2.6000000000e+00 4.6000000000e+00 348 379 378 347 335 366 337 306
4 3.0000000000e+00 4.6000000000e+00 349 380 379 348 336 367 338 307
4 3.4000000000e+00 4.6000000000e+00 350 381 380 349 337 368 339 308
4 3.8000000000e+00 4.6000000000e+00 351 382 381 350 338 369 340 309
4 4.2000000000e+00 4.6000000000e+00 352 383 382 351 339 370 341 310
4 4.6000000000e+00 4.6000000000e+00 353 384 383 352 340 371 342 311
4 5.0000000000e+00 4.6000000000e+00 354 385 384 353 341 372 343 312
4 5.4000000000e+00 4.6000000000e+00 355 386 385 354 342 373 344 313
4 5.8000000000e+00 4.6000000000e+00 356 387 386 355 343 374 345 314
4 6.2000000000e+00 4.6000000000e+00 357 388 387 356 344 375 346 315
4 6.6000000000e+00 4.6000000000e+00 358 389 388 357 345 376 347 316
4 7.0000000000e+00 4.6000000000e+00 359 390 389 358 346 377 348 317
4 7.4000000000e+00 4.6000000000e+00 360 391 390 359 347 378 349 318
4 7.8000000000e+00 4.6000000000e+00 361 392 391 360 348 379 350 319
4 8.2000000000e+00 4.6000000000e+00 362 393 392 361 349 380 351 320
4 8.6000000000e+00 4.6000000000e+00 363 394 393 362 350 381 352 321
4 9.0000000000e+00 4.6000000000e+00 364 395 394 363 351 382 353 322
4 9.4000000000e+00 4.6000000000e+00 365 396 395 364 352 383 354 323
4 9.8000000000e+00 4.6000000000e+00 366 397 396 365 353 384 355 324
4 1.0200000000e+01 4.6000000000e+00 367 398 397 366 354 385 356 325
4 1.0600000000e+01 4.6000000000e+00 368 399 398 367 355 386 357 326
4 1.1000000000e+01 4.6000000000e+00 369 400 399 368 356 387 358 327
4 1.1400000000e+01 4.6000000000e+00 370 401 400 369 357 388 359 328
4 1.1800000000e+01 4.6000000000e+00 371 402 401 370 358 389 -1 329
4 2.0000000000e-01 5.0000000000e+00 373 404 403 372 -1 390 361 330
4 6.0000000000e-01 5.0000000000e+00 374 405 404 373 360 391 362 331
4 1.0000000000e+00 5.0000000000e+00 375 406 405 374 361 392 363 332
4 1.4000000000e+00 5.0000000000e+00 376 407 406 375 362 393 364 333
4 1.8000000000e+00 5.0000000000e+00 377 408 407 376 363 394 365 334
4 2.2000000000e+00 5.0000000000e+00 378 409 408 377 364 395 366 335
4 2.6000000000e+00 5.0000000000e+00 379 410 409 378 365 396 367 336
4 3.0000000000e+00 5.0000000000e+00 380 411 410 379 366 397 368 337
4 3.4000000000e+00 5.0000000000e+00 381 412 411 380 367 398 369 338
4 3.8000000000e+00 5.0000000000e+00 382 413 412 381 368 399 370 339
4 4.2000000000e+00 5.0000000000e+00 383 414 413 382 369 400 371 340
4 4.6000000000e+00 5.0000000000e+00 384 415 414 383 370 401 372 341
4 5.0000000000e+00 5.0000000000e+00 385 416 415 384 371 402 373 342
4 5.4000000000e+00 5.0000000000e+00 386 417 416 385 372 403 374 343
4 5.8000000000e+00 5.0000000000e+00 387 418 417 386 373 404 375 344
4 6.2000000000e+00 5.0000000000e+00 388 419 418 387 374 405 376 345
4 6.6000000000e+00 5.0000000000e+00 389 420 419 388 375 406 377 346
4 7.0000000000e+00 5.0000000000e+00 390 421 420 389 376 407 378 347
4 7.4000000000e+00 5.0000000000e+00 391 422 421 390 377 408 379 348
4 7.8000000000e+00 5.0000000000e+00 392 423 422 391 378 409 380 349
4 8.2000000000e+00 5.0000000000e+00 393 424 423 392 379 410 381 350
4 8.6000000000e+00 5.0000000000e+00 394 425 424 393 380 411 382 351
4 9.0000000000e+00 5.0000000000e+00 395 426 425 394 381 412 383 352
4 9.4000000000e+00 5.0000000000e+00 396 427 426 395 382 413 384 353
4 9.8000000000e+00 5.0000000000e+00 397 428 427 396 383 414 385 354
4 1.0200000000e+01 5.0000000000e+00 398 429 428 397 384 415 386 355
4 1.0600000000e+01 5.0000000000e+00 399 430 429 398 385 416 387 356
4 1.1000000000e+01 5.0000000000e+00 400 431 430 399 386 417 388 357
4 1.1400000000e+01 5.0000000000e+00 401 432 431 400 387 418 389 358
4 1.1800000000e+01 5.0000000000e+00 402 433 432 401 388 419 -1 359
4 2.0000000000e-01 5.4000000000e+00 404 435 434 403 -1 420 391 360
4 6.0000000000e-01 5.4000000000e+00 405 436 435 404 390 421 392 361
4 1.0000000000e+00 5.4000000000e+00 406 437 436 405 391 422 393 362
4 1.4000000000e+00 5.4000000000e+00 407 438 437 406 392 423 394 363
4 1.8000000000e+00 5.4000000000e+00 408 439 438 407 393 424 395 364
4 2.2000000000e+00 5.4000000000e+00 409 440 439 408 394 425 396 365
4 2.6000000000e+00 5.4000000000e+00 410 441 440 409 395 426 397 366
4 3.0000000000e+00 5.4000000000e+00 411 442 441 410 396 427 398 367
4 3.4000000000e+00 5.4000000000e+00 412 443 442 411 397 428 399 368
4 3.8000000000e+00 5.4000000000e+00 413 444 443 412 398 429 400 369
4 4.2000000000e+00 5.4000000000e+00 414 445 444 413 399 430 401 370
4 4.6000000000e+00 5.4000000000e+00 415 446 445 414 400 431 402 371
4 5.0000000000e+00 5.4000000000e+00 416 447 446 415 401 432 403 372
4 5.4000000000e+00 5.4000000000e+00 417 448 447 416 402 433 404 373
4 5.8000000000e+00 5.4000000000e+00 418 449 448 417 403 434 405 374
4 6.2000000000e+00 5.4000000000e+00 419 450 449 418 404 435 406 375
4 6.6000000000e+00 5.4000000000e+00 420 451 450 419 405 436 407 376
4 7.0000000000e+00 5.4000000000e+00 421 452 451 420 406 437 408 377
4 7.4000000000e+00 5.4000000000e+00 422 453 452 421 407 438 409 378
4 7.8000000000e+00 5.4000000000e+00 423 454 453 422 408 439 410 379
4 8.2000000000e+00 5.4000000000e+00 424 455 454 423 409 440 411 380
4 8.6000000000e+00 5.4000000000e+00 425 456 455 424 410 441 412 381
4 9.0000000000e+00 5.4000000000e+00 426 457 456 425 411 442 413 382
4 9.4000000000e+00 5.4000000000e+00 427 458 457 426 412 443 414 383
4 9.8000000000e+00 5.4000000000e+00 428 459 458 427 413 444 415 384
4 1.0200000000e+01 5.4000000000e+00 429 460 459 428 414 445 416 385
4 1.0600000000e+01 5.4000000000e+00 430 461 460 429 415 446 417 386
4 1.1000000000e+01 5.4000000000e+00 431 462 461 430 416 447 418 387
4 1.1400000000e+01 5.4000000000e+00 432 463 462 431 417 448 419 388
4 1.1800000000e+01 5.4000000000e+00 433 464 463 432 418 449 -1 389
4 2.0000000000e-01 5.8000000000e+00 435 466 465 434 -1 450 421 390
4 6.0000000000e-01 5.8000000000e+00 436 467 466 435 420 451 422 391
4 1.0000000000e+00 5.8000000000e+00 437 468 467 436 421 452 423 392
4 1.4000000000e+00 5.8000000000e+00 438 469 468 437 422 453 424 393
4 1.8000000000e+00 5.8000000000e+00 439 470 469 438 423 454 425 394
4 2.2000000000e+00 5.8000000000e+00 440 471 470 439 424 455 426 395
4 2.6000000000e+00 5.8000000000e+00 441 472 471 440 425 456 427 396
4 3.0000000000e+00 5.8000000000e+00 442 473 472 441 426 457 428 397
4 3.4000000000e+00 5.8000000000e+00 443 474 473 442 427 458 429 398
4 3.8000000000e+00 5.8000000000e+00 444 475 474 443 428 459 430 399
4 4.2000000000e+00 5.8000000000e+00 445 476 475 444 429 460 431 400
4 4.6000000000e+00 5.8000000000e+00 446 477 476 445 430 461 432 401
4 5.0000000000e+00 5.8000000000e+00 447 478 477 446 431 462 433 402
4 5.4000000000e+00 5.8000000000e+00 448 479 478 447 432 463 434 403
4 5.8000000000e+00 5.8000000000e+00 449 480 479 448 433 464 435 404
4 6.2000000000e+00 5.8000000000e+00 450 481 480 449 434 465 436 405
4 6.6000000000e+00 5.8000000000e+00 451 482 481 450 435 466 437 406
4 7.0000000000e+00 5.8000000000e+00 452 483 482 451 436 467 438 407
4 7.4000000000e+00 5.8000000000e+00 453 484 483 452 437 468 439 408
4 7.8000000000e+00 5.8000000000e+00 454 485 484 453 438 469 440 409
4 8.2000000000e+00 5.8000000000e+00 455 486 485 454 439 470 441 410
4 8.6000000000e+00 5.8000000000e+00 456 487 486 455 440 471 442 411
4 9.0000000000e+00 5.8000000000e+00 457 488 487 456 441 472 443 412
4 9.4000000000e+00 5.8000000000e+00 458 489 488 457 442 473 444 413
4 9.8000000000e+00 5.8000000000e+00 459 490 489 458 443 474 445 414
4 1.0200000000e+01 5.8000000000e+00 460 491 490 459 444 475 446 415
4 1.0600000000e+01 5.8000000000e+00 461 492 491 460 445 476 447 416
4 1.1000000000e+01 5.8000000000e+00 462 493 492 461 446 477 448 417
4 1.1400000000e+01 5.8000000000e+00 463 494 493 462 447 478 449 418
4 1.1800000000e+01 5.8000000000e+00 464 495 494 463 448 479 -1 419
4 2.0000000000e-01 6.2000000000e+00 466 497 496 465 -1 480 451 420
4 6.0000000000e-01 6.2000000000e+00 467 498 497 466 450 481 452 421
4 1.0000000000e+00 6.2000000000e+00 468 499 498 467 451 482 453 422
4 1.4000000000e+00 6.2000000000e+00 469 500 499 468 452 483 454 423
4 1.8000000000e+00 6.2000000000e+00 470 501 500 469 453 484 455 424
4 2.2000000000e+00 6.2000000000e+00 471 502 501 470 454 485 456 425
4 2.6000000000e+00 6.2000000000e+00 472 503 502 471 455 486 457 426
4 3.0000000000e+00 6.2000000000e+00 473 504 503 472 456 487 458 427
4 3.4000000000e+00 6.2000000000e+00 474 505 504 473 457 488 459 428
4 3.8000000000e+00 6.2000000000e+00 475 506 505 474 458 489 460 429
4 4.2000000000e+00 6.2000000000e+00 476 507 506 475 459 490 461 430
4 4.6000000000e+00 6.2000000000e+00 477 508 507 476 460 491 462 431
4 5.0000000000e+00 6.2000000000e+00 478 509 508 477 461 492 463 432
4 5.4000000000e+00 6.2000000000e+00 479 510 509 478 462 493 464 433
4 5.8000000000e+00 6.2000000000e+00 480 511 510 479 463 494 465 434
4 6.2000000000e+00 6.2000000000e+00 481 512 511 480 464 495 466 435
4 6.6000000000e+00 6.2000000000e+00 482 513 512 481 465 496 467 436
4 7.0000000000e+00 6.2000000000e+00 483 514 513 482 466 497 468 437
4 7.4000000000e+00 6.2000000000e+00 484 515 514 483 467 498 469 438
4 7.8000000000e+00 6.2000000000e+00 485 516 515 484 468 499 470 439
4 8.2000000000e+00 6.2000000000e+00 486 517 516 485 469 500 471 440
4 8.6000000000e+00 6.2000000000e+00 487 518 517 486 470 501 472 441
4 9.0000000000e+00 6.2000000000e+00 488 519 518 487 471 502 473 442
4 9.4000000000e+00 6.2000000000e+00 489 520 519 488 472 503 474 443
4 9.8000000000e+00 6.2000000000e+00 490 521 520 489 473 504 475 444
4 1.0200000000e+01 6.2000000000e+00 491 522 521 490 474 505 476 445
4 1.0600000000e+01 6.2000000000e+00 492 523 522 491 475 506 477 446
4 1.1000000000e+01 6.2000000000e+00 493 524 523 492 476 507 478 447
4 1.1400000000e+01 6.2000000000e+00 494 525 524 493 477 508 479 448
4 1.1800000000e+01 6.2000000000e+00 495 526 525 494 478 509 -1 449
4 2.0000000000e-01 6.6000000000e+00 497 528 527 496 -1 510 481 450
4 6.0000000000e-01 6.6000000000e+00 498 529 528 497 480 511 482 451
4 1.0000000000e+00 6.6000000000e+00 499 530 529 498 481 512 483 452
4 1.4000000000e+00 6.6000000000e+00 500 531 530 499 482 513 484 453
4 1.8000000000e+00 6.6000000000e+00 501 532 531 500 483 514 485 454
4 2.2000000000e+00 6.6000000000e+00 502 533 532 501 484 515 486 455
4 2.6000000000e+00 6.6000000000e+00 503 534 533 502 485 516 487 456
4 3.0000000000e+00 6.6000000000e+00 504 535 534 503 486 517 488 457
4 3.4000000000e+00 6.6000000000e+00 505 536 535 504 487 518 489 458
4 3.8000000000e+00 6.6000000000e+00 506 537 536 505 488 519 490 459
4 4.2000000000e+00 6.6000000000e+00 507 538 537 506 489 520 491 460
4 4.6000000000e+00 6.6000000000e+00 508 539 538 507 490 521 492 461
4 5.0000000000e+00 6.6000000000e+00 509 540 539 508 491 522 493 462
4 5.4000000000e+00 6.6000000000e+00 510 541 540 509 492 523 494 463
4 5.8000000000e+00 6.6000000000e+00 511 542 541 510 493 524 495 464
4 6.2000000000e+00 6.6000000000e+00 512 543 542 511 494 525 496 465
4 6.6000000000e+00 6.6000000000e+00 513 544 543 512 495 526 497 466
4 7.0000000000e+00 6.6000000000e+00 514 545 544 513 496 527 498 467
4 7.4000000000e+00 6.6000000000e+00 515 546 545 514 497 528 499 468
4 7.8000000000e+00 6.6000000000e+00 516 547 546 515 498 529 500 469
4 8.2000000000e+00 6.6000000000e+00 517 548 547 516 499 530 501 470
4 8.6000000000e+00 6.6000000000e+00 518 549 548 517 500 531 502 471
4 9.0000000000e+00 6.6000000000e+00 519 550 549 518 501 532 503 472
4 9.4000000000e+00 6.6000000000e+00 520 551 550 519 502 533 504 473
4 9.8000000000e+00 6.6000000000e+00 521 552 551 520 503 534 505 474
4 1.0200000000e+01 6.6000000000e+00 522 553 552 521 504 535 506 475
4 1.0600000000e+01 6.6000000000e+00 523 554 553 522 505 536 507 476
4 1.1000000000e+01 6.6000000000e+00 524 555 554 523 506 537 508 477
4 1.1400000000e+01 6.6000000000e+00 525 556 555 524 507 538 509 478
4 1.1800000000e+01 6.6000000000e+00 526 557 556 525 508 539 -1 479
4 2.0000000000e-01 7.0000000000e+00 528 559 558 527 -1 540 511 480
4 6.0000000000e-01 7.0000000000e+00 529 560 559 528 510 541 512 481
4 1.0000000000e+00 7.0000000000e+00 530 561 560 529 511 542 513 482
4 1.4000000000e+00 7.0000000000e+00 531 562 561 530 512 543 514 483
4 1.8000000000e+00 7.0000000000e+00 532 563 562 531 513 544 515 484
4 2.2000000000e+00 7.0000000000e+00 533 564 563 532 514 545 516 485
4 2.6000000000e+00 7.0000000000e+00 534 565 564 533 515 546 517 486
4 3.0000000000e+00 7.0000000000e+00 535 566 565 534 516 547 518 487
4 3.4000000000e+00 7.0000000000e+00 536 567 566 535 517 548 519 488
4 3.8000000000e+00 7.0000000000e+00 537 568 567 536 518 549 520 489
4 4.2000000000e+00 7.0000000000e+00 538 569 568 537 519 550 521 490
4 4.6000000000e+00 7.0000000000e+00 539 570 569 538 520 551 522 491
4 5.0000000000e+00 7.0000000000e+00 540 571 570 539 521 552 523 492
4 5.4000000000e+00 7.0000000000e+00 541 572 571 540 522 553 524 493
4 5.8000000000e+00 7.0000000000e+00 542 573 572 541 523 554 525 494
4 6.2000000000e+00 7.0000000000e+00 543 574 573 542 524 555 526 495
4 6.6000000000e+00 7.0000000000e+00 544 575 574 543 525 556 527 496
4 7.0000000000e+00 7.0000000000e+00 545 576 575 544 526 557 528 497
4 7.4000000000e+00 7.0000000000e+00 546 577 576 545 527 558 529 498
4 7.8000000000e+00 7.0000000000e+00 547 578 577 546 528 559 530 499
4 8.2000000000e+00 7.0000000000e+00 548 579 578 547 529 560 531 500
4 8.6000000000e+00 7.0000000000e+00 549 580 579 548 530 561 532 501
4 9.0000000000e+00 7.0000000000e+00 550 581 580 549 531 562 533 502
4 9.4000000000e+00 7.0000000000e+00 551 582 581 550 532 563 534 503
4 9.8000000000e+00 7.0000000000e+00 552 583 582 551 533 564 535 504
4 1.0200000000e+01 7.0000000000e+00 553 584 583 552 534 565 536 505
4 1.0600000000e+01 7.0000000000e+00 554 585 584 553 535 566 537 506
4 1.1000000000e+01 7.0000000000e+00 555 586 585 554 536 567 538 507
4 1.1400000000e+01 7.0000000000e+00 556 587 586 555 537 568 539 508
4 1.1800000000e+01 7.0000000000e+00 557 588 587 556 538 569 -1 509
4 2.0000000000e-01 7.4000000000e+00 559 590 589 558 -1 570 541 510
4 6.0000000000e-01 7.4000000000e+00 560 591 590 559 540 571 542 511
4 1.0000000000e+00 7.4000000000e+00 561 592 591 560 541 572 543 512
4 1.4000000000e+00 7.4000000000e+00 562 593 592 561 542 573 544 513
4 1.8000000000e+00 7.4000000000e+00 563 594 593 562 543 574 545 514
4 2.2000000000e+00 7.4000000000e+00 564 595 594 563 544 575 546 515
4 2.6000000000e+00 7.4000000000e+00 565 596 595 564 545 576 547 516
4 3.0000000000e+00 7.4000000000e+00 566 597 596 565 546 577 548 517
4 3.4000000000e+00 7.4000000000e+00 567 598 597 566 547 578 549 518
4 3.8000000000e+00 7.4000000000e+00 568 599 598 567 548 579 550 519
4 4.2000000000e+00 7.4000000000e+00 569 600 599 568 549 580 551 520
4 4.6000000000e+00 7.4000000000e+00 570 601 600 569 550 581 552 521
4 5.0000000000e+00 7.4000000000e+00 571 602 601 570 551 582 553 522
4 5.4000000000e+00 7.4000000000e+00 572 603 602 571 552 583 554 523
4 5.8000000000e+00 7.4000000000e+00 573 604 603 572 553 584 555 524
4 6.2000000000e+00 7.4000000000e+00 574 605 604 573 554 585 556 525
4 6.6000000000e+00 7.4000000000e+00 575 606 605 574 555 586 557 526
4 7.0000000000e+00 7.4000000000e+00 576 607 606 575 556 587 558 527
4 7.4000000000e+00 7.4000000000e+00 577 608 607 576 557 588 559 528
4 7.8000000000e+00 7.4000000000e+00 578 609 608 577 558 589 560 529
4 8.2000000000e+00 7.4000000000e+00 579 610 609 578 559 590 561 530
4 8.6000000000e+00 7.4000000000e+00 580 611 610 579 560 591 562 531
4 9.0000000000e+00 7.4000000000e+00 581 612 611 580 561 592 563 532
4 9.4000000000e+00 7.4000000000e+00 582 613 612 581 562 593 564 533
4 9.8000000000e+00 7.4000000000e+00 583 614 613 582 563 594 565 534
4 1.0200000000e+01 7.4000000000e+00 584 615 614 583 564 595 566 535
4 1.0600000000e+01 7.4000000000e+00 585 616 615 584 565 596 567 536
4 1.1000000000e+01 7.4000000000e+00 586 617 616 585 566 597 568 537
4 1.1400000000e+01 7.4000000000e+00 587 618 617 586 567 598 569 538
4 1.1800000000e+01 7.4000000000e+00 588 619 618 587 568 599 -1 539
4 2.0000000000e-01 7.8000000000e+00 590 621 620 589 -1 -1 571 540
4 6.0000000000e-01 7.8000000000e+00 591 622 621 590 570 -1 572 541
4 1.0000000000e+00 7.8000000000e+00 592 623 622 591 571 -1 573 542
4 1.4000000000e+00 7.8000000000e+00 593 624 623 592 572 -1 574 543
4 1.8000000000e+00 7.8000000000e+00 594 625 624 593 573 -1 575 544
4 2.2000000000e+00 7.8000000000e+00 595 626 625 594 574 -1 576 545
4 2.6000000000e+00 7.8000000000e+00 596 627 626 595 575 -1 577 546
4 3.0000000000e+00 7.8000000000e+00 597 628 627 596 576 -1 578 547
4 3.4000000000e+00 7.8000000000e+00 598 629 628 597 577 -1 579 548
4 3.8000000000e+00 7.8000000000e+00 599 630 629 598 578 -1 580 549
4 4.2000000000e+00 7.8000000000e+00 600 631 630 599 579 -1 581 550
4 4.6000000000e+00 7.8000000000e+00 601 632 631 600 580 -1 582 551
4 5.0000000000e+00 7.8000000000e+00 602 633 632 601 581 -1 583 552
4 5.4000000000e+00 7.8000000000e+00 603 634 633 602 582 -1 584 553
4 5.8000000000e+00 7.8000000000e+00 604 635 634 603 583 -1 585 554
4 6.2000000000e+00 7.8000000000e+00 605 636 635 604 584 -1 586 555
4 6.6000000000e+00 7.8000000000e+00 606 637 636 605 585 -1 587 556
4 7.0000000000e+00 7.8000000000e+00 607 638 637 606 586 -1 588 557
4 7.4000000000e+00 7.8000000000e+00 608 639 638 607 587 -1 589 558
4 7.8000000000e+00 7.8000000000e+00 609 640 639 608 588 -1 590 559
4 8.2000000000e+00 7.8000000000e+00 610 641 640 609 589 -1 591 560
4 8.6000000000e+00 7.8000000000e+00 611 642 641 610 590 -1 592 561
4 9.0000000000e+00 7.8000000000e+00 612 643 642 611 591 -1 593 562
4 9.4000000000e+00 7.8000000000e+00 613 644 643 612 592 -1 594 563
4 9.8000000000e+00 7.8000000000e+00 614 645 644 613 593 -1 595 564
4 1.0200000000e+01 7.8000000000e+00 615 646 645 614 594 -1 596 565
4 1.0600000000e+01 7.8000000000e+00 616 647 646 615 595 -1 597 566
4 1.1000000000e+01 7.8000000000e+00 617 648 647 616 596 -1 598 567
4 1.1400000000e+01 7.8000000000e+00 618 649 648 617 597 -1 599 568
4 1.1800000000e+01 7.8000000000e+00 619 650 649 618 598 -1 -1 569
