0.0000000000e+00 0.0000000000e+00 0
2.5000000000e+02 0.0000000000e+00 0
5.0000000000e+02 0.0000000000e+00 0
7.5000000000e+02 0.0000000000e+00 0
1.0000000000e+03 0.0000000000e+00 0
1.2500000000e+03 0.0000000000e+00 0
1.5000000000e+03 0.0000000000e+00 0
1.7500000000e+03 0.0000000000e+00 0
2.0000000000e+03 0.0000000000e+00 0
2.2500000000e+03 0.0000000000e+00 0
2.5000000000e+03 0.0000000000e+00 0
2.7500000000e+03 0.0000000000e+00 0
3.0000000000e+03 0.0000000000e+00 0
3.2500000000e+03 0.0000000000e+00 0
3.5000000000e+03 0.0000000000e+00 0
3.7500000000e+03 0.0000000000e+00 0
4.0000000000e+03 0.0000000000e+00 0
4.2500000000e+03 0.0000000000e+00 0
4.5000000000e+03 0.0000000000e+00 0
4.7500000000e+03 0.0000000000e+00 0
5.0000000000e+03 0.0000000000e+00 0
5.2500000000e+03 0.0000000000e+00 0
5.5000000000e+03 0.0000000000e+00 0
5.7500000000e+03 0.0000000000e+00 0
6.0000000000e+03 0.0000000000e+00 0
6.2500000000e+03 0.0000000000e+00 0
6.5000000000e+03 0.0000000000e+00 0
6.7500000000e+03 0.0000000000e+00 0
7.0000000000e+03 0.0000000000e+00 0
7.2500000000e+03 0.0000000000e+00 0
7.5000000000e+03 0.0000000000e+00 0
7.7500000000e+03 0.0000000000e+00 0
8.0000000000e+03 0.0000000000e+00 0
8.2500000000e+03 0.0000000000e+00 0
8.5000000000e+03 0.0000000000e+00 0
8.7500000000e+03 0.0000000000e+00 0
9.0000000000e+03 0.0000000000e+00 0
9.2500000000e+03 0.0000000000e+00 0
9.5000000000e+03 0.0000000000e+00 0
9.7500000000e+03 0.0000000000e+00 0
1.0000000000e+04 0.0000000000e+00 0
1.0250000000e+04 0.0000000000e+00 0
1.0500000000e+04 0.0000000000e+00 0
1.0750000000e+04 0.0000000000e+00 0
1.1000000000e+04 0.0000000000e+00 0
1.1250000000e+04 0.0000000000e+00 0
1.1500000000e+04 0.0000000000e+00 0
1.1750000000e+04 0.0000000000e+00 0
1.2000000000e+04 0.0000000000e+00 0
1.2250000000e+04 0.0000000000e+00 0
1.2500000000e+04 0.0000000000e+00 0
1.2750000000e+04 0.0000000000e+00 0
1.3000000000e+04 0.0000000000e+00 0
1.3250000000e+04 0.0000000000e+00 0
1.3500000000e+04 0.0000000000e+00 0
1.3750000000e+04 0.0000000000e+00 0
1.4000000000e+04 0.0000000000e+00 0
1.4250000000e+04 0.0000000000e+00 0
1.4500000000e+04 0.0000000000e+00 0
1.4750000000e+04 0.0000000000e+00 0
1.5000000000e+04 0.0000000000e+00 0
1.5250000000e+04 0.0000000000e+00 0
1.5500000000e+04 0.0000000000e+00 0
1.5750000000e+04 0.0000000000e+00 0
1.6000000000e+04 0.0000000000e+00 0
1.6250000000e+04 0.0000000000e+00 0
1.6500000000e+04 0.0000000000e+00 0
1.6750000000e+04 0.0000000000e+00 0
1.7000000000e+04 0.0000000000e+00 0
1.7250000000e+04 0.0000000000e+00 0
1.7500000000e+04 0.0000000000e+00 0
1.7750000000e+04 0.0000000000e+00 0
1.8000000000e+04 0.0000000000e+00 0
1.8250000000e+04 0.0000000000e+00 0
1.8500000000e+04 0.0000000000e+00 0
1.8750000000e+04 0.0000000000e+00 0
1.9000000000e+04 0.0000000000e+00 0
1.9250000000e+04 0.0000000000e+00 0
1.9500000000e+04 0.0000000000e+00 0
1.9750000000e+04 0.0000000000e+00 0
2.0000000000e+04 0.0000000000e+00 0
2.0250000000e+04 0.0000000000e+00 0
2.0500000000e+04 0.0000000000e+00 0
2.0750000000e+04 0.0000000000e+00 0
2.1000000000e+04 0.0000000000e+00 0
2.1250000000e+04 0.0000000000e+00 0
2.1500000000e+04 0.0000000000e+00 0
2.1750000000e+04 0.0000000000e+00 0
2.2000000000e+04 0.0000000000e+00 0
2.2250000000e+04 0.0000000000e+00 0
2.2500000000e+04 0.0000000000e+00 0
2.2750000000e+04 0.0000000000e+00 0
2.3000000000e+04 0.0000000000e+00 0
2.3250000000e+04 0.0000000000e+00 0
2.3500000000e+04 0.0000000000e+00 0
2.3750000000e+04 0.0000000000e+00 0
2.4000000000e+04 0.0000000000e+00 0
2.4250000000e+04 0.0000000000e+00 0
2.4500000000e+04 0.0000000000e+00 0
2.4750000000e+04 0.0000000000e+00 0
2.5000000000e+04 0.0000000000e+00 0
2.5250000000e+04 0.0000000000e+00 0
2.5500000000e+04 0.0000000000e+00 0
2.5750000000e+04 0.0000000000e+00 0
2.6000000000e+04 0.0000000000e+00 0
2.6250000000e+04 0.0000000000e+00 0
2.6500000000e+04 0.0000000000e+00 0
2.6750000000e+04 0.0000000000e+00 0
2.7000000000e+04 0.0000000000e+00 0
2.7250000000e+04 0.0000000000e+00 0
2.7500000000e+04 0.0000000000e+00 0
2.7750000000e+04 0.0000000000e+00 0
2.8000000000e+04 0.0000000000e+00 0
2.8250000000e+04 0.0000000000e+00 0
2.8500000000e+04 0.0000000000e+00 0
2.8750000000e+04 0.0000000000e+00 0
2.9000000000e+04 0.0000000000e+00 0
2.9250000000e+04 0.0000000000e+00 0
2.9500000000e+04 0.0000000000e+00 0
2.9750000000e+04 0.0000000000e+00 0
3.0000000000e+04 0.0000000000e+00 0
3.0250000000e+04 0.0000000000e+00 0
3.0500000000e+04 0.0000000000e+00 0
3.0750000000e+04 0.0000000000e+00 0
3.1000000000e+04 0.0000000000e+00 0
3.1250000000e+04 0.0000000000e+00 0
3.1500000000e+04 0.0000000000e+00 0
3.1750000000e+04 0.0000000000e+00 0
3.2000000000e+04 0.0000000000e+00 0
3.2250000000e+04 0.0000000000e+00 0
3.2500000000e+04 0.0000000000e+00 0
3.2750000000e+04 0.0000000000e+00 0
3.3000000000e+04 0.0000000000e+00 0
3.3250000000e+04 0.0000000000e+00 0
3.3500000000e+04 0.0000000000e+00 0
3.3750000000e+04 0.0000000000e+00 0
3.4000000000e+04 0.0000000000e+00 0
3.4250000000e+04 0.0000000000e+00 0
3.4500000000e+04 0.0000000000e+00 0
3.4750000000e+04 0.0000000000e+00 0
3.5000000000e+04 0.0000000000e+00 0
3.5250000000e+04 0.0000000000e+00 0
3.5500000000e+04 0.0000000000e+00 0
3.5750000000e+04 0.0000000000e+00 0
3.6000000000e+04 0.0000000000e+00 0
3.6250000000e+04 0.0000000000e+00 0
3.6500000000e+04 0.0000000000e+00 0
3.6750000000e+04 0.0000000000e+00 0
3.7000000000e+04 0.0000000000e+00 0
3.7250000000e+04 0.0000000000e+00 0
3.7500000000e+04 0.0000000000e+00 0
3.7750000000e+04 0.0000000000e+00 0
3.8000000000e+04 0.0000000000e+00 0
3.8250000000e+04 0.0000000000e+00 0
3.8500000000e+04 0.0000000000e+00 0
3.8750000000e+04 0.0000000000e+00 0
3.9000000000e+04 0.0000000000e+00 0
3.9250000000e+04 0.0000000000e+00 0
3.9500000000e+04 0.0000000000e+00 0
3.9750000000e+04 0.0000000000e+00 0
4.0000000000e+04 0.0000000000e+00 0
4.0250000000e+04 0.0000000000e+00 0
4.0500000000e+04 0.0000000000e+00 0
4.0750000000e+04 0.0000000000e+00 0
4.1000000000e+04 0.0000000000e+00 0
4.1250000000e+04 0.0000000000e+00 0
4.1500000000e+04 0.0000000000e+00 0
4.1750000000e+04 0.0000000000e+00 0
4.2000000000e+04 0.0000000000e+00 0
4.2250000000e+04 0.0000000000e+00 0
4.2500000000e+04 0.0000000000e+00 0
4.2750000000e+04 0.0000000000e+00 0
4.3000000000e+04 0.0000000000e+00 0
4.3250000000e+04 0.0000000000e+00 0
4.3500000000e+04 0.0000000000e+00 0
4.3750000000e+04 0.0000000000e+00 0
4.4000000000e+04 0.0000000000e+00 0
4.4250000000e+04 0.0000000000e+00 0
4.4500000000e+04 0.0000000000e+00 0
4.4750000000e+04 0.0000000000e+00 0
4.5000000000e+04 0.0000000000e+00 0
4.5250000000e+04 0.0000000000e+00 0
4.5500000000e+04 0.0000000000e+00 0
4.5750000000e+04 0.0000000000e+00 0
4.6000000000e+04 0.0000000000e+00 0
4.6250000000e+04 0.0000000000e+00 0
4.6500000000e+04 0.0000000000e+00 0
4.6750000000e+04 0.0000000000e+00 0
4.7000000000e+04 0.0000000000e+00 0
4.7250000000e+04 0.0000000000e+00 0
4.7500000000e+04 0.0000000000e+00 0
4.7750000000e+04 0.0000000000e+00 0
4.8000000000e+04 0.0000000000e+00 0
4.8250000000e+04 0.0000000000e+00 0
4.8500000000e+04 0.0000000000e+00 0
4.8750000000e+04 0.0000000000e+00 0
4.9000000000e+04 0.0000000000e+00 0
4.9250000000e+04 0.0000000000e+00 0
4.9500000000e+04 0.0000000000e+00 0
4.9750000000e+04 0.0000000000e+00 0
5.0000000000e+04 0.0000000000e+00 0
5.0250000000e+04 0.0000000000e+00 0
5.0500000000e+04 0.0000000000e+00 0
5.0750000000e+04 0.0000000000e+00 0
5.1000000000e+04 0.0000000000e+00 0
5.1250000000e+04 0.0000000000e+00 0
5.1500000000e+04 0.0000000000e+00 0
5.1750000000e+04 0.0000000000e+00 0
5.2000000000e+04 0.0000000000e+00 0
5.2250000000e+04 0.0000000000e+00 0
5.2500000000e+04 0.0000000000e+00 0
5.2750000000e+04 0.0000000000e+00 0
5.3000000000e+04 0.0000000000e+00 0
5.3250000000e+04 0.0000000000e+00 0
5.3500000000e+04 0.0000000000e+00 0
5.3750000000e+04 0.0000000000e+00 0
5.4000000000e+04 0.0000000000e+00 0
5.4250000000e+04 0.0000000000e+00 0
5.4500000000e+04 0.0000000000e+00 0
5.4750000000e+04 0.0000000000e+00 0
5.5000000000e+04 0.0000000000e+00 0
5.5250000000e+04 0.0000000000e+00 0
5.5500000000e+04 0.0000000000e+00 0
5.5750000000e+04 0.0000000000e+00 0
5.6000000000e+04 0.0000000000e+00 0
5.6250000000e+04 0.0000000000e+00 0
5.6500000000e+04 0.0000000000e+00 0
5.6750000000e+04 0.0000000000e+00 0
5.7000000000e+04 0.0000000000e+00 0
5.7250000000e+04 0.0000000000e+00 0
5.7500000000e+04 0.0000000000e+00 0
5.7750000000e+04 0.0000000000e+00 0
5.8000000000e+04 0.0000000000e+00 0
5.8250000000e+04 0.0000000000e+00 0
5.8500000000e+04 0.0000000000e+00 0
5.8750000000e+04 0.0000000000e+00 0
5.9000000000e+04 0.0000000000e+00 0
5.9250000000e+04 0.0000000000e+00 0
5.9500000000e+04 0.0000000000e+00 0
5.9750000000e+04 0.0000000000e+00 0
6.0000000000e+04 0.0000000000e+00 0
6.0250000000e+04 0.0000000000e+00 0
6.0500000000e+04 0.0000000000e+00 0
6.0750000000e+04 0.0000000000e+00 0
6.1000000000e+04 0.0000000000e+00 0
6.1250000000e+04 0.0000000000e+00 0
6.1500000000e+04 0.0000000000e+00 0
6.1750000000e+04 0.0000000000e+00 0
6.2000000000e+04 0.0000000000e+00 0
6.2250000000e+04 0.0000000000e+00 0
6.2500000000e+04 0.0000000000e+00 0
6.2750000000e+04 0.0000000000e+00 0
6.3000000000e+04 0.0000000000e+00 0
6.3250000000e+04 0.0000000000e+00 0
6.3500000000e+04 0.0000000000e+00 0
6.3750000000e+04 0.0000000000e+00 0
6.4000000000e+04 0.0000000000e+00 0
6.4250000000e+04 0.0000000000e+00 0
6.4500000000e+04 0.0000000000e+00 0
6.4750000000e+04 0.0000000000e+00 0
6.5000000000e+04 0.0000000000e+00 0
6.5250000000e+04 0.0000000000e+00 0
6.5500000000e+04 0.0000000000e+00 0
6.5750000000e+04 0.0000000000e+00 0
6.6000000000e+04 0.0000000000e+00 0
6.6250000000e+04 0.0000000000e+00 0
6.6500000000e+04 0.0000000000e+00 0
6.6750000000e+04 0.0000000000e+00 0
6.7000000000e+04 0.0000000000e+00 0
6.7250000000e+04 0.0000000000e+00 0
6.7500000000e+04 0.0000000000e+00 0
6.7750000000e+04 0.0000000000e+00 0
6.8000000000e+04 0.0000000000e+00 0
6.8250000000e+04 0.0000000000e+00 0
6.8500000000e+04 0.0000000000e+00 0
6.8750000000e+04 0.0000000000e+00 0
6.9000000000e+04 0.0000000000e+00 0
6.9250000000e+04 0.0000000000e+00 0
6.9500000000e+04 0.0000000000e+00 0
6.9750000000e+04 0.0000000000e+00 0
7.0000000000e+04 0.0000000000e+00 0
7.0250000000e+04 0.0000000000e+00 0
7.0500000000e+04 0.0000000000e+00 0
7.0750000000e+04 0.0000000000e+00 0
7.1000000000e+04 0.0000000000e+00 0
7.1250000000e+04 0.0000000000e+00 0
7.1500000000e+04 0.0000000000e+00 0
7.1750000000e+04 0.0000000000e+00 0
7.2000000000e+04 0.0000000000e+00 0
7.2250000000e+04 0.0000000000e+00 0
7.2500000000e+04 0.0000000000e+00 0
7.2750000000e+04 0.0000000000e+00 0
7.3000000000e+04 0.0000000000e+00 0
7.3250000000e+04 0.0000000000e+00 0
7.3500000000e+04 0.0000000000e+00 0
7.3750000000e+04 0.0000000000e+00 0
7.4000000000e+04 0.0000000000e+00 0
7.4250000000e+04 0.0000000000e+00 0
7.4500000000e+04 0.0000000000e+00 0
7.4750000000e+04 0.0000000000e+00 0
7.5000000000e+04 0.0000000000e+00 0
7.5250000000e+04 0.0000000000e+00 0
7.5500000000e+04 0.0000000000e+00 0
7.5750000000e+04 0.0000000000e+00 0
7.6000000000e+04 0.0000000000e+00 0
7.6250000000e+04 0.0000000000e+00 0
7.6500000000e+04 0.0000000000e+00 0
7.6750000000e+04 0.0000000000e+00 0
7.7000000000e+04 0.0000000000e+00 0
7.7250000000e+04 0.0000000000e+00 0
7.7500000000e+04 0.0000000000e+00 0
7.7750000000e+04 0.0000000000e+00 0
7.8000000000e+04 0.0000000000e+00 0
7.8250000000e+04 0.0000000000e+00 0
7.8500000000e+04 0.0000000000e+00 0
7.8750000000e+04 0.0000000000e+00 0
7.9000000000e+04 0.0000000000e+00 0
7.9250000000e+04 0.0000000000e+00 0
7.9500000000e+04 0.0000000000e+00 0
7.9750000000e+04 0.0000000000e+00 0
8.0000000000e+04 0.0000000000e+00 0
8.0250000000e+04 0.0000000000e+00 0
8.0500000000e+04 0.0000000000e+00 0
8.0750000000e+04 0.0000000000e+00 0
8.1000000000e+04 0.0000000000e+00 0
8.1250000000e+04 0.0000000000e+00 0
8.1500000000e+04 0.0000000000e+00 0
8.1750000000e+04 0.0000000000e+00 0
8.2000000000e+04 0.0000000000e+00 0
8.2250000000e+04 0.0000000000e+00 0
8.2500000000e+04 0.0000000000e+00 0
8.2750000000e+04 0.0000000000e+00 0
8.3000000000e+04 0.0000000000e+00 0
8.3250000000e+04 0.0000000000e+00 0
8.3500000000e+04 0.0000000000e+00 0
8.3750000000e+04 0.0000000000e+00 0
8.4000000000e+04 0.0000000000e+00 0
8.4250000000e+04 0.0000000000e+00 0
8.4500000000e+04 0.0000000000e+00 0
8.4750000000e+04 0.0000000000e+00 0
8.5000000000e+04 0.0000000000e+00 0
8.5250000000e+04 0.0000000000e+00 0
8.5500000000e+04 0.0000000000e+00 0
8.5750000000e+04 0.0000000000e+00 0
8.6000000000e+04 0.0000000000e+00 0
8.6250000000e+04 0.0000000000e+00 0
8.6500000000e+04 0.0000000000e+00 0
8.6750000000e+04 0.0000000000e+00 0
8.7000000000e+04 0.0000000000e+00 0
8.7250000000e+04 0.0000000000e+00 0
8.7500000000e+04 0.0000000000e+00 0
8.7750000000e+04 0.0000000000e+00 0
8.8000000000e+04 0.0000000000e+00 0
8.8250000000e+04 0.0000000000e+00 0
8.8500000000e+04 0.0000000000e+00 0
8.8750000000e+04 0.0000000000e+00 0
8.9000000000e+04 0.0000000000e+00 0
8.9250000000e+04 0.0000000000e+00 0
8.9500000000e+04 0.0000000000e+00 0
8.9750000000e+04 0.0000000000e+00 0
9.0000000000e+04 0.0000000000e+00 0
9.0250000000e+04 0.0000000000e+00 0
9.0500000000e+04 0.0000000000e+00 0
9.0750000000e+04 0.0000000000e+00 0
9.1000000000e+04 0.0000000000e+00 0
9.1250000000e+04 0.0000000000e+00 0
9.1500000000e+04 0.0000000000e+00 0
9.1750000000e+04 0.0000000000e+00 0
9.2000000000e+04 0.0000000000e+00 0
9.2250000000e+04 0.0000000000e+00 0
9.2500000000e+04 0.0000000000e+00 0
9.2750000000e+04 0.0000000000e+00 0
9.3000000000e+04 0.0000000000e+00 0
9.3250000000e+04 0.0000000000e+00 0
9.3500000000e+04 0.0000000000e+00 0
9.3750000000e+04 0.0000000000e+00 0
9.4000000000e+04 0.0000000000e+00 0
9.4250000000e+04 0.0000000000e+00 0
9.4500000000e+04 0.0000000000e+00 0
9.4750000000e+04 0.0000000000e+00 0
9.5000000000e+04 0.0000000000e+00 0
9.5250000000e+04 0.0000000000e+00 0
9.5500000000e+04 0.0000000000e+00 0
9.5750000000e+04 0.0000000000e+00 0
9.6000000000e+04 0.0000000000e+00 0
9.6250000000e+04 0.0000000000e+00 0
9.6500000000e+04 0.0000000000e+00 0
9.6750000000e+04 0.0000000000e+00 0
9.7000000000e+04 0.0000000000e+00 0
9.7250000000e+04 0.0000000000e+00 0
9.7500000000e+04 0.0000000000e+00 0
9.7750000000e+04 0.0000000000e+00 0
9.8000000000e+04 0.0000000000e+00 0
9.8250000000e+04 0.0000000000e+00 0
9.8500000000e+04 0.0000000000e+00 0
9.8750000000e+04 0.0000000000e+00 0
9.9000000000e+04 0.0000000000e+00 0
9.9250000000e+04 0.0000000000e+00 0
9.9500000000e+04 0.0000000000e+00 0
9.9750000000e+04 0.0000000000e+00 0
1.0000000000e+05 0.0000000000e+00 0
0.0000000000e+00 1.0000000000e+03 0
2.5000000000e+02 1.0000000000e+03 0
5.0000000000e+02 1.0000000000e+03 0
7.5000000000e+02 1.0000000000e+03 0
1.0000000000e+03 1.0000000000e+03 0
1.2500000000e+03 1.0000000000e+03 0
1.5000000000e+03 1.0000000000e+03 0
1.7500000000e+03 1.0000000000e+03 0
2.0000000000e+03 1.0000000000e+03 0
2.2500000000e+03 1.0000000000e+03 0
2.5000000000e+03 1.0000000000e+03 0
2.7500000000e+03 1.0000000000e+03 0
3.0000000000e+03 1.0000000000e+03 0
3.2500000000e+03 1.0000000000e+03 0
3.5000000000e+03 1.0000000000e+03 0
3.7500000000e+03 1.0000000000e+03 0
4.0000000000e+03 1.0000000000e+03 0
4.2500000000e+03 1.0000000000e+03 0
4.5000000000e+03 1.0000000000e+03 0
4.7500000000e+03 1.0000000000e+03 0
5.0000000000e+03 1.0000000000e+03 0
5.2500000000e+03 1.0000000000e+03 0
5.5000000000e+03 1.0000000000e+03 0
5.7500000000e+03 1.0000000000e+03 0
6.0000000000e+03 1.0000000000e+03 0
6.2500000000e+03 1.0000000000e+03 0
6.5000000000e+03 1.0000000000e+03 0
6.7500000000e+03 1.0000000000e+03 0
7.0000000000e+03 1.0000000000e+03 0
7.2500000000e+03 1.0000000000e+03 0
7.5000000000e+03 1.0000000000e+03 0
7.7500000000e+03 1.0000000000e+03 0
8.0000000000e+03 1.0000000000e+03 0
8.2500000000e+03 1.0000000000e+03 0
8.5000000000e+03 1.0000000000e+03 0
8.7500000000e+03 1.0000000000e+03 0
9.0000000000e+03 1.0000000000e+03 0
9.2500000000e+03 1.0000000000e+03 0
9.5000000000e+03 1.0000000000e+03 0
9.7500000000e+03 1.0000000000e+03 0
1.0000000000e+04 1.0000000000e+03 0
1.0250000000e+04 1.0000000000e+03 0
1.0500000000e+04 1.0000000000e+03 0
1.0750000000e+04 1.0000000000e+03 0
1.1000000000e+04 1.0000000000e+03 0
1.1250000000e+04 1.0000000000e+03 0
1.1500000000e+04 1.0000000000e+03 0
1.1750000000e+04 1.0000000000e+03 0
1.2000000000e+04 1.0000000000e+03 0
1.2250000000e+04 1.0000000000e+03 0
1.2500000000e+04 1.0000000000e+03 0
1.2750000000e+04 1.0000000000e+03 0
1.3000000000e+04 1.0000000000e+03 0
1.3250000000e+04 1.0000000000e+03 0
1.3500000000e+04 1.0000000000e+03 0
1.3750000000e+04 1.0000000000e+03 0
1.4000000000e+04 1.0000000000e+03 0
1.4250000000e+04 1.0000000000e+03 0
1.4500000000e+04 1.0000000000e+03 0
1.4750000000e+04 1.0000000000e+03 0
1.5000000000e+04 1.0000000000e+03 0
1.5250000000e+04 1.0000000000e+03 0
1.5500000000e+04 1.0000000000e+03 0
1.5750000000e+04 1.0000000000e+03 0
1.6000000000e+04 1.0000000000e+03 0
1.6250000000e+04 1.0000000000e+03 0
1.6500000000e+04 1.0000000000e+03 0
1.6750000000e+04 1.0000000000e+03 0
1.7000000000e+04 1.0000000000e+03 0
1.7250000000e+04 1.0000000000e+03 0
1.7500000000e+04 1.0000000000e+03 0
1.7750000000e+04 1.0000000000e+03 0
1.8000000000e+04 1.0000000000e+03 0
1.8250000000e+04 1.0000000000e+03 0
1.8500000000e+04 1.0000000000e+03 0
1.8750000000e+04 1.0000000000e+03 0
1.9000000000e+04 1.0000000000e+03 0
1.9250000000e+04 1.0000000000e+03 0
1.9500000000e+04 1.0000000000e+03 0
1.9750000000e+04 1.0000000000e+03 0
2.0000000000e+04 1.0000000000e+03 0
2.0250000000e+04 1.0000000000e+03 0
2.0500000000e+04 1.0000000000e+03 0
2.0750000000e+04 1.0000000000e+03 0
2.1000000000e+04 1.0000000000e+03 0
2.1250000000e+04 1.0000000000e+03 0
2.1500000000e+04 1.0000000000e+03 0
2.1750000000e+04 1.0000000000e+03 0
2.2000000000e+04 1.0000000000e+03 0
2.2250000000e+04 1.0000000000e+03 0
2.2500000000e+04 1.0000000000e+03 0
2.2750000000e+04 1.0000000000e+03 0
2.3000000000e+04 1.0000000000e+03 0
2.3250000000e+04 1.0000000000e+03 0
2.3500000000e+04 1.0000000000e+03 0
2.3750000000e+04 1.0000000000e+03 0
2.4000000000e+04 1.0000000000e+03 0
2.4250000000e+04 1.0000000000e+03 0
2.4500000000e+04 1.0000000000e+03 0
2.4750000000e+04 1.0000000000e+03 0
2.5000000000e+04 1.0000000000e+03 0
2.5250000000e+04 1.0000000000e+03 0
2.5500000000e+04 1.0000000000e+03 0
2.5750000000e+04 1.0000000000e+03 0
2.6000000000e+04 1.0000000000e+03 0
2.6250000000e+04 1.0000000000e+03 0
2.6500000000e+04 1.0000000000e+03 0
2.6750000000e+04 1.0000000000e+03 0
2.7000000000e+04 1.0000000000e+03 0
2.7250000000e+04 1.0000000000e+03 0
2.7500000000e+04 1.0000000000e+03 0
2.7750000000e+04 1.0000000000e+03 0
2.8000000000e+04 1.0000000000e+03 0
2.8250000000e+04 1.0000000000e+03 0
2.8500000000e+04 1.0000000000e+03 0
2.8750000000e+04 1.0000000000e+03 0
2.9000000000e+04 1.0000000000e+03 0
2.9250000000e+04 1.0000000000e+03 0
2.9500000000e+04 1.0000000000e+03 0
2.9750000000e+04 1.0000000000e+03 0
3.0000000000e+04 1.0000000000e+03 0
3.0250000000e+04 1.0000000000e+03 0
3.0500000000e+04 1.0000000000e+03 0
3.0750000000e+04 1.0000000000e+03 0
3.1000000000e+04 1.0000000000e+03 0
3.1250000000e+04 1.0000000000e+03 0
3.1500000000e+04 1.0000000000e+03 0
3.1750000000e+04 1.0000000000e+03 0
3.2000000000e+04 1.0000000000e+03 0
3.2250000000e+04 1.0000000000e+03 0
3.2500000000e+04 1.0000000000e+03 0
3.2750000000e+04 1.0000000000e+03 0
3.3000000000e+04 1.0000000000e+03 0
3.3250000000e+04 1.0000000000e+03 0
3.3500000000e+04 1.0000000000e+03 0
3.3750000000e+04 1.0000000000e+03 0
3.4000000000e+04 1.0000000000e+03 0
3.4250000000e+04 1.0000000000e+03 0
3.4500000000e+04 1.0000000000e+03 0
3.4750000000e+04 1.0000000000e+03 0
3.5000000000e+04 1.0000000000e+03 0
3.5250000000e+04 1.0000000000e+03 0
3.5500000000e+04 1.0000000000e+03 0
3.5750000000e+04 1.0000000000e+03 0
3.6000000000e+04 1.0000000000e+03 0
3.6250000000e+04 1.0000000000e+03 0
3.6500000000e+04 1.0000000000e+03 0
3.6750000000e+04 1.0000000000e+03 0
3.7000000000e+04 1.0000000000e+03 0
3.7250000000e+04 1.0000000000e+03 0
3.7500000000e+04 1.0000000000e+03 0
3.7750000000e+04 1.0000000000e+03 0
3.8000000000e+04 1.0000000000e+03 0
3.8250000000e+04 1.0000000000e+03 0
3.8500000000e+04 1.0000000000e+03 0
3.8750000000e+04 1.0000000000e+03 0
3.9000000000e+04 1.0000000000e+03 0
3.9250000000e+04 1.0000000000e+03 0
3.9500000000e+04 1.0000000000e+03 0
3.9750000000e+04 1.0000000000e+03 0
4.0000000000e+04 1.0000000000e+03 0
4.0250000000e+04 1.0000000000e+03 0
4.0500000000e+04 1.0000000000e+03 0
4.0750000000e+04 1.0000000000e+03 0
4.1000000000e+04 1.0000000000e+03 0
4.1250000000e+04 1.0000000000e+03 0
4.1500000000e+04 1.0000000000e+03 0
4.1750000000e+04 1.0000000000e+03 0
4.2000000000e+04 1.0000000000e+03 0
4.2250000000e+04 1.0000000000e+03 0
4.2500000000e+04 1.0000000000e+03 0
4.2750000000e+04 1.0000000000e+03 0
4.3000000000e+04 1.0000000000e+03 0
4.3250000000e+04 1.0000000000e+03 0
4.3500000000e+04 1.0000000000e+03 0
4.3750000000e+04 1.0000000000e+03 0
4.4000000000e+04 1.0000000000e+03 0
4.4250000000e+04 1.0000000000e+03 0
4.4500000000e+04 1.0000000000e+03 0
4.4750000000e+04 1.0000000000e+03 0
4.5000000000e+04 1.0000000000e+03 0
4.5250000000e+04 1.0000000000e+03 0
4.5500000000e+04 1.0000000000e+03 0
4.5750000000e+04 1.0000000000e+03 0
4.6000000000e+04 1.0000000000e+03 0
4.6250000000e+04 1.0000000000e+03 0
4.6500000000e+04 1.0000000000e+03 0
4.6750000000e+04 1.0000000000e+03 0
4.7000000000e+04 1.0000000000e+03 0
4.7250000000e+04 1.0000000000e+03 0
4.7500000000e+04 1.0000000000e+03 0
4.7750000000e+04 1.0000000000e+03 0
4.8000000000e+04 1.0000000000e+03 0
4.8250000000e+04 1.0000000000e+03 0
4.8500000000e+04 1.0000000000e+03 0
4.8750000000e+04 1.0000000000e+03 0
4.9000000000e+04 1.0000000000e+03 0
4.9250000000e+04 1.0000000000e+03 0
4.9500000000e+04 1.0000000000e+03 0
4.9750000000e+04 1.0000000000e+03 0
5.0000000000e+04 1.0000000000e+03 0
5.0250000000e+04 1.0000000000e+03 0
5.0500000000e+04 1.0000000000e+03 0
5.0750000000e+04 1.0000000000e+03 0
5.1000000000e+04 1.0000000000e+03 0
5.1250000000e+04 1.0000000000e+03 0
5.1500000000e+04 1.0000000000e+03 0
5.1750000000e+04 1.0000000000e+03 0
5.2000000000e+04 1.0000000000e+03 0
5.2250000000e+04 1.0000000000e+03 0
5.2500000000e+04 1.0000000000e+03 0
5.2750000000e+04 1.0000000000e+03 0
5.3000000000e+04 1.0000000000e+03 0
5.3250000000e+04 1.0000000000e+03 0
5.3500000000e+04 1.0000000000e+03 0
5.3750000000e+04 1.0000000000e+03 0
5.4000000000e+04 1.0000000000e+03 0
5.4250000000e+04 1.0000000000e+03 0
5.4500000000e+04 1.0000000000e+03 0
5.4750000000e+04 1.0000000000e+03 0
5.5000000000e+04 1.0000000000e+03 0
5.5250000000e+04 1.0000000000e+03 0
5.5500000000e+04 1.0000000000e+03 0
5.5750000000e+04 1.0000000000e+03 0
5.6000000000e+04 1.0000000000e+03 0
5.6250000000e+04 1.0000000000e+03 0
5.6500000000e+04 1.0000000000e+03 0
5.6750000000e+04 1.0000000000e+03 0
5.7000000000e+04 1.0000000000e+03 0
5.7250000000e+04 1.0000000000e+03 0
5.7500000000e+04 1.0000000000e+03 0
5.7750000000e+04 1.0000000000e+03 0
5.8000000000e+04 1.0000000000e+03 0
5.8250000000e+04 1.0000000000e+03 0
5.8500000000e+04 1.0000000000e+03 0
5.8750000000e+04 1.0000000000e+03 0
5.9000000000e+04 1.0000000000e+03 0
5.9250000000e+04 1.0000000000e+03 0
5.9500000000e+04 1.0000000000e+03 0
5.9750000000e+04 1.0000000000e+03 0
6.0000000000e+04 1.0000000000e+03 0
6.0250000000e+04 1.0000000000e+03 0
6.0500000000e+04 1.0000000000e+03 0
6.0750000000e+04 1.0000000000e+03 0
6.1000000000e+04 1.0000000000e+03 0
6.1250000000e+04 1.0000000000e+03 0
6.1500000000e+04 1.0000000000e+03 0
6.1750000000e+04 1.0000000000e+03 0
6.2000000000e+04 1.0000000000e+03 0
6.2250000000e+04 1.0000000000e+03 0
6.2500000000e+04 1.0000000000e+03 0
6.2750000000e+04 1.0000000000e+03 0
6.3000000000e+04 1.0000000000e+03 0
6.3250000000e+04 1.0000000000e+03 0
6.3500000000e+04 1.0000000000e+03 0
6.3750000000e+04 1.0000000000e+03 0
6.4000000000e+04 1.0000000000e+03 0
6.4250000000e+04 1.0000000000e+03 0
6.4500000000e+04 1.0000000000e+03 0
6.4750000000e+04 1.0000000000e+03 0
6.5000000000e+04 1.0000000000e+03 0
6.5250000000e+04 1.0000000000e+03 0
6.5500000000e+04 1.0000000000e+03 0
6.5750000000e+04 1.0000000000e+03 0
6.6000000000e+04 1.0000000000e+03 0
6.6250000000e+04 1.0000000000e+03 0
6.6500000000e+04 1.0000000000e+03 0
6.6750000000e+04 1.0000000000e+03 0
6.7000000000e+04 1.0000000000e+03 0
6.7250000000e+04 1.0000000000e+03 0
6.7500000000e+04 1.0000000000e+03 0
6.7750000000e+04 1.0000000000e+03 0
6.8000000000e+04 1.0000000000e+03 0
6.8250000000e+04 1.0000000000e+03 0
6.8500000000e+04 1.0000000000e+03 0
6.8750000000e+04 1.0000000000e+03 0
6.9000000000e+04 1.0000000000e+03 0
6.9250000000e+04 1.0000000000e+03 0
6.9500000000e+04 1.0000000000e+03 0
6.9750000000e+04 1.0000000000e+03 0
7.0000000000e+04 1.0000000000e+03 0
7.0250000000e+04 1.0000000000e+03 0
7.0500000000e+04 1.0000000000e+03 0
7.0750000000e+04 1.0000000000e+03 0
7.1000000000e+04 1.0000000000e+03 0
7.1250000000e+04 1.0000000000e+03 0
7.1500000000e+04 1.0000000000e+03 0
7.1750000000e+04 1.0000000000e+03 0
7.2000000000e+04 1.0000000000e+03 0
7.2250000000e+04 1.0000000000e+03 0
7.2500000000e+04 1.0000000000e+03 0
7.2750000000e+04 1.0000000000e+03 0
7.3000000000e+04 1.0000000000e+03 0
7.3250000000e+04 1.0000000000e+03 0
7.3500000000e+04 1.0000000000e+03 0
7.3750000000e+04 1.0000000000e+03 0
7.4000000000e+04 1.0000000000e+03 0
7.4250000000e+04 1.0000000000e+03 0
7.4500000000e+04 1.0000000000e+03 0
7.4750000000e+04 1.0000000000e+03 0
7.5000000000e+04 1.0000000000e+03 0
7.5250000000e+04 1.0000000000e+03 0
7.5500000000e+04 1.0000000000e+03 0
7.5750000000e+04 1.0000000000e+03 0
7.6000000000e+04 1.0000000000e+03 0
7.6250000000e+04 1.0000000000e+03 0
7.6500000000e+04 1.0000000000e+03 0
7.6750000000e+04 1.0000000000e+03 0
7.7000000000e+04 1.0000000000e+03 0
7.7250000000e+04 1.0000000000e+03 0
7.7500000000e+04 1.0000000000e+03 0
7.7750000000e+04 1.0000000000e+03 0
7.8000000000e+04 1.0000000000e+03 0
7.8250000000e+04 1.0000000000e+03 0
7.8500000000e+04 1.0000000000e+03 0
7.8750000000e+04 1.0000000000e+03 0
7.9000000000e+04 1.0000000000e+03 0
7.9250000000e+04 1.0000000000e+03 0
7.9500000000e+04 1.0000000000e+03 0
7.9750000000e+04 1.0000000000e+03 0
8.0000000000e+04 1.0000000000e+03 0
8.0250000000e+04 1.0000000000e+03 0
8.0500000000e+04 1.0000000000e+03 0
8.0750000000e+04 1.0000000000e+03 0
8.1000000000e+04 1.0000000000e+03 0
8.1250000000e+04 1.0000000000e+03 0
8.1500000000e+04 1.0000000000e+03 0
8.1750000000e+04 1.0000000000e+03 0
8.2000000000e+04 1.0000000000e+03 0
8.2250000000e+04 1.0000000000e+03 0
8.2500000000e+04 1.0000000000e+03 0
8.2750000000e+04 1.0000000000e+03 0
8.3000000000e+04 1.0000000000e+03 0
8.3250000000e+04 1.0000000000e+03 0
8.3500000000e+04 1.0000000000e+03 0
8.3750000000e+04 1.0000000000e+03 0
8.4000000000e+04 1.0000000000e+03 0
8.4250000000e+04 1.0000000000e+03 0
8.4500000000e+04 1.0000000000e+03 0
8.4750000000e+04 1.0000000000e+03 0
8.5000000000e+04 1.0000000000e+03 0
8.5250000000e+04 1.0000000000e+03 0
8.5500000000e+04 1.0000000000e+03 0
8.5750000000e+04 1.0000000000e+03 0
8.6000000000e+04 1.0000000000e+03 0
8.6250000000e+04 1.0000000000e+03 0
8.6500000000e+04 1.0000000000e+03 0
8.6750000000e+04 1.0000000000e+03 0
8.7000000000e+04 1.0000000000e+03 0
8.7250000000e+04 1.0000000000e+03 0
8.7500000000e+04 1.0000000000e+03 0
8.7750000000e+04 1.0000000000e+03 0
8.8000000000e+04 1.0000000000e+03 0
8.8250000000e+04 1.0000000000e+03 0
8.8500000000e+04 1.0000000000e+03 0
8.8750000000e+04 1.0000000000e+03 0
8.9000000000e+04 1.0000000000e+03 0
8.9250000000e+04 1.0000000000e+03 0
8.9500000000e+04 1.0000000000e+03 0
8.9750000000e+04 1.0000000000e+03 0
9.0000000000e+04 1.0000000000e+03 0
9.0250000000e+04 1.0000000000e+03 0
9.0500000000e+04 1.0000000000e+03 0
9.0750000000e+04 1.0000000000e+03 0
9.1000000000e+04 1.0000000000e+03 0
9.1250000000e+04 1.0000000000e+03 0
9.1500000000e+04 1.0000000000e+03 0
9.1750000000e+04 1.0000000000e+03 0
9.2000000000e+04 1.0000000000e+03 0
9.2250000000e+04 1.0000000000e+03 0
9.2500000000e+04 1.0000000000e+03 0
9.2750000000e+04 1.0000000000e+03 0
9.3000000000e+04 1.0000000000e+03 0
9.3250000000e+04 1.0000000000e+03 0
9.3500000000e+04 1.0000000000e+03 0
9.3750000000e+04 1.0000000000e+03 0
9.4000000000e+04 1.0000000000e+03 0
9.4250000000e+04 1.0000000000e+03 0
9.4500000000e+04 1.0000000000e+03 0
9.4750000000e+04 1.0000000000e+03 0
9.5000000000e+04 1.0000000000e+03 0
9.5250000000e+04 1.0000000000e+03 0
9.5500000000e+04 1.0000000000e+03 0
9.5750000000e+04 1.0000000000e+03 0
9.6000000000e+04 1.0000000000e+03 0
9.6250000000e+04 1.0000000000e+03 0
9.6500000000e+04 1.0000000000e+03 0
9.6750000000e+04 1.0000000000e+03 0
9.7000000000e+04 1.0000000000e+03 0
9.7250000000e+04 1.0000000000e+03 0
9.7500000000e+04 1.0000000000e+03 0
9.7750000000e+04 1.0000000000e+03 0
9.8000000000e+04 1.0000000000e+03 0
9.8250000000e+04 1.0000000000e+03 0
9.8500000000e+04 1.0000000000e+03 0
9.8750000000e+04 1.0000000000e+03 0
9.9000000000e+04 1.0000000000e+03 0
9.9250000000e+04 1.0000000000e+03 0
9.9500000000e+04 1.0000000000e+03 0
9.9750000000e+04 1.0000000000e+03 0
1.0000000000e+05 1.0000000000e+03 0
