0.0000000000e+00 0.0000000000e+00 0
1.0000000000e+03 0.0000000000e+00 0
2.0000000000e+03 0.0000000000e+00 0
3.0000000000e+03 0.0000000000e+00 0
4.0000000000e+03 0.0000000000e+00 0
5.0000000000e+03 0.0000000000e+00 0
6.0000000000e+03 0.0000000000e+00 0
7.0000000000e+03 0.0000000000e+00 0
8.0000000000e+03 0.0000000000e+00 0
9.0000000000e+03 0.0000000000e+00 0
1.0000000000e+04 0.0000000000e+00 0
1.1000000000e+04 0.0000000000e+00 0
1.2000000000e+04 0.0000000000e+00 0
1.3000000000e+04 0.0000000000e+00 0
1.4000000000e+04 0.0000000000e+00 0
1.5000000000e+04 0.0000000000e+00 0
1.6000000000e+04 0.0000000000e+00 0
1.7000000000e+04 0.0000000000e+00 0
1.8000000000e+04 0.0000000000e+00 0
1.9000000000e+04 0.0000000000e+00 0
2.0000000000e+04 0.0000000000e+00 0
2.1000000000e+04 0.0000000000e+00 0
2.2000000000e+04 0.0000000000e+00 0
2.3000000000e+04 0.0000000000e+00 0
2.4000000000e+04 0.0000000000e+00 0
2.5000000000e+04 0.0000000000e+00 0
2.6000000000e+04 0.0000000000e+00 0
2.7000000000e+04 0.0000000000e+00 0
2.8000000000e+04 0.0000000000e+00 0
2.9000000000e+04 0.0000000000e+00 0
3.0000000000e+04 0.0000000000e+00 0
3.1000000000e+04 0.0000000000e+00 0
3.2000000000e+04 0.0000000000e+00 0
3.3000000000e+04 0.0000000000e+00 0
3.4000000000e+04 0.0000000000e+00 0
3.5000000000e+04 0.0000000000e+00 0
3.6000000000e+04 0.0000000000e+00 0
3.7000000000e+04 0.0000000000e+00 0
3.8000000000e+04 0.0000000000e+00 0
3.9000000000e+04 0.0000000000e+00 0
4.0000000000e+04 0.0000000000e+00 0
4.1000000000e+04 0.0000000000e+00 0
4.2000000000e+04 0.0000000000e+00 0
4.3000000000e+04 0.0000000000e+00 0
4.4000000000e+04 0.0000000000e+00 0
4.5000000000e+04 0.0000000000e+00 0
4.6000000000e+04 0.0000000000e+00 0
4.7000000000e+04 0.0000000000e+00 0
4.8000000000e+04 0.0000000000e+00 0
4.9000000000e+04 0.0000000000e+00 0
5.0000000000e+04 0.0000000000e+00 0
5.1000000000e+04 0.0000000000e+00 0
5.2000000000e+04 0.0000000000e+00 0
5.3000000000e+04 0.0000000000e+00 0
5.4000000000e+04 0.0000000000e+00 0
5.5000000000e+04 0.0000000000e+00 0
5.6000000000e+04 0.0000000000e+00 0
5.7000000000e+04 0.0000000000e+00 0
5.8000000000e+04 0.0000000000e+00 0
5.9000000000e+04 0.0000000000e+00 0
6.0000000000e+04 0.0000000000e+00 0
6.1000000000e+04 0.0000000000e+00 0
6.2000000000e+04 0.0000000000e+00 0
6.3000000000e+04 0.0000000000e+00 0
6.4000000000e+04 0.0000000000e+00 0
6.5000000000e+04 0.0000000000e+00 0
6.6000000000e+04 0.0000000000e+00 0
6.7000000000e+04 0.0000000000e+00 0
6.8000000000e+04 0.0000000000e+00 0
6.9000000000e+04 0.0000000000e+00 0
7.0000000000e+04 0.0000000000e+00 0
7.1000000000e+04 0.0000000000e+00 0
7.2000000000e+04 0.0000000000e+00 0
7.3000000000e+04 0.0000000000e+00 0
7.4000000000e+04 0.0000000000e+00 0
7.5000000000e+04 0.0000000000e+00 0
7.6000000000e+04 0.0000000000e+00 0
7.7000000000e+04 0.0000000000e+00 0
7.8000000000e+04 0.0000000000e+00 0
7.9000000000e+04 0.0000000000e+00 0
8.0000000000e+04 0.0000000000e+00 0
8.1000000000e+04 0.0000000000e+00 0
8.2000000000e+04 0.0000000000e+00 0
8.3000000000e+04 0.0000000000e+00 0
8.4000000000e+04 0.0000000000e+00 0
8.5000000000e+04 0.0000000000e+00 0
8.6000000000e+04 0.0000000000e+00 0
8.7000000000e+04 0.0000000000e+00 0
8.8000000000e+04 0.0000000000e+00 0
8.9000000000e+04 0.0000000000e+00 0
9.0000000000e+04 0.0000000000e+00 0
9.1000000000e+04 0.0000000000e+00 0
9.2000000000e+04 0.0000000000e+00 0
9.3000000000e+04 0.0000000000e+00 0
9.4000000000e+04 0.0000000000e+00 0
9.5000000000e+04 0.0000000000e+00 0
9.6000000000e+04 0.0000000000e+00 0
9.7000000000e+04 0.0000000000e+00 0
9.8000000000e+04 0.0000000000e+00 0
9.9000000000e+04 0.0000000000e+00 0
1.0000000000e+05 0.0000000000e+00 0
0.0000000000e+00 1.0000000000e+03 0
1.0192422591e+03 9.8185116672e+02 0
1.9703169918e+03 9.6954020039e+02 0
2.9701277487e+03 1.0270806027e+03 0
4.0281287268e+03 1.0257916560e+03 0
5.0030278059e+03 1.0002729683e+03 0
6.0093949169e+03 9.9986456009e+02 0
6.9757925482e+03 1.0201275241e+03 0
8.0311773789e+03 1.0245969449e+03 0
8.9490957212e+03 1.0414375345e+03 0
1.0038556424e+04 1.0570563711e+03 0
1.0992386740e+04 1.0268709374e+03 0
1.2032873507e+04 9.8987050541e+02 0
1.2982925125e+04 9.8514471182e+02 0
1.3999021121e+04 9.9686537887e+02 0
1.4988251144e+04 1.0140848633e+03 0
1.6021080422e+04 1.0089531560e+03 0
1.7009734792e+04 9.8017811891e+02 0
1.7985615787e+04 9.9064430597e+02 0
1.8997048767e+04 1.0115338032e+03 0
2.0015755201e+04 1.0068262418e+03 0
2.0959933134e+04 1.0351399064e+03 0
2.2059865964e+04 1.0328003535e+03 0
2.2976785289e+04 1.0013471453e+03 0
2.4058179719e+04 9.7154854908e+02 0
2.4923578978e+04 9.7899755868e+02 0
2.6049886107e+04 1.0124240648e+03 0
2.6945043182e+04 1.0199151116e+03 0
2.8021391713e+04 1.0471378836e+03 0
2.9011675996e+04 1.0321535649e+03 0
3.0017494162e+04 1.0003125086e+03 0
3.0981215268e+04 1.0175833241e+03 0
3.2059148189e+04 9.6519865486e+02 0
3.3007846298e+04 9.0135027467e+02 0
3.3928343190e+04 9.6645544921e+02 0
3.5043659941e+04 1.0085410609e+03 0
3.5971271280e+04 1.0095120867e+03 0
3.7032831055e+04 1.0089051838e+03 0
3.7983986993e+04 9.9738726141e+02 0
3.9061613189e+04 9.5955657782e+02 0
3.9939187715e+04 9.4778594709e+02 0
4.1005894528e+04 1.0137470289e+03 0
4.1985693539e+04 1.0238848490e+03 0
4.3030691998e+04 1.0133378931e+03 0
4.4003380728e+04 9.8253238639e+02 0
4.5005948634e+04 9.8736343855e+02 0
4.5979242333e+04 9.8194668432e+02 0
4.6985836781e+04 1.0304250075e+03 0
4.8030239716e+04 9.9867240985e+02 0
4.8990027980e+04 9.8595342277e+02 0
4.9986155862e+04 1.0109734245e+03 0
5.1004253115e+04 1.0140966135e+03 0
5.1961933548e+04 1.0434903970e+03 0
5.3046435985e+04 9.9951810710e+02 0
5.3930626682e+04 1.0154076023e+03 0
5.5017047662e+04 1.0498160841e+03 0
5.6054209602e+04 9.6282623743e+02 0
5.6951969866e+04 9.5434865641e+02 0
5.7966107642e+04 1.0280596714e+03 0
5.9036180897e+04 1.0296626523e+03 0
5.9992647235e+04 1.0063742269e+03 0
6.1023296404e+04 9.9267750168e+02 0
6.2005281195e+04 9.6792067459e+02 0
6.2976044228e+04 9.7600278064e+02 0
6.4032988779e+04 9.6004447847e+02 0
6.4907553261e+04 9.9855154824e+02 0
6.6063937295e+04 1.0330062701e+03 0
6.6983269296e+04 1.0022318710e+03 0
6.8026338848e+04 1.0097684952e+03 0
6.8994880686e+04 1.0168193584e+03 0
6.9984167742e+04 1.0454841583e+03 0
7.1039128419e+04 1.0549663880e+03 0
7.2001257330e+04 9.9596393752e+02 0
7.2983105682e+04 1.0162696912e+03 0
7.3994659887e+04 1.0168922845e+03 0
7.5014365528e+04 1.0174316379e+03 0
7.5977569786e+04 1.0157733179e+03 0
7.7033411301e+04 1.0273258015e+03 0
7.7982572804e+04 1.0197640104e+03 0
7.9036232745e+04 9.9836379427e+02 0
7.9913012863e+04 1.0429838861e+03 0
8.1081257653e+04 1.0409148248e+03 0
8.1976318716e+04 9.9544916077e+02 0
8.2965117474e+04 1.0522434142e+03 0
8.4026847765e+04 1.0523706957e+03 0
8.4943338750e+04 1.0713806128e+03 0
8.6067033275e+04 1.0335067318e+03 0
8.6977634764e+04 1.0002838888e+03 0
8.7967187049e+04 1.0439909165e+03 0
8.9068188980e+04 1.0072550568e+03 0
9.0007183305e+04 9.3937974301e+02 0
9.1001840589e+04 9.3057727639e+02 0
9.1966834832e+04 9.6478180630e+02 0
9.3030799233e+04 9.6997000719e+02 0
9.3962798334e+04 9.7115763037e+02 0
9.5037253005e+04 9.7962231479e+02 0
9.5948613451e+04 9.8011477305e+02 0
9.7028785051e+04 1.0086523678e+03 0
9.7986338580e+04 9.8925885402e+02 0
9.8998400603e+04 9.8141147006e+02 0
1.0000000000e+05 1.0000000000e+03 0
0.0000000000e+00 2.0000000000e+03 0
1.0102429350e+03 2.0032677325e+03 0
2.0282144475e+03 1.9564746932e+03 0
2.9317613698e+03 1.8845546885e+03 0
4.0178816762e+03 1.9480395258e+03 0
4.9718764251e+03 2.0219220751e+03 0
6.0490095437e+03 2.0233295304e+03 0
7.0070158495e+03 1.9471456242e+03 0
7.9806545808e+03 1.9690097190e+03 0
8.9648747869e+03 1.9925501976e+03 0
1.0002004030e+04 2.0001899254e+03 0
1.1033595465e+04 2.0232842230e+03 0
1.2019575360e+04 2.0282098723e+03 0
1.3022850883e+04 1.9999132017e+03 0
1.3989426305e+04 1.9624276376e+03 0
1.4995215643e+04 1.9500129193e+03 0
1.5978332940e+04 1.9921846806e+03 0
1.7045366542e+04 2.0408046434e+03 0
1.7976632778e+04 2.0103531459e+03 0
1.8985909993e+04 2.0145370568e+03 0
2.0014373265e+04 2.0380248080e+03 0
2.1010332483e+04 1.9681274535e+03 0
2.2010528037e+04 1.9765968518e+03 0
2.3037172548e+04 2.0187037192e+03 0
2.4026585236e+04 2.0127532307e+03 0
2.4967253753e+04 1.9948747198e+03 0
2.5965429069e+04 2.0024958206e+03 0
2.7008640343e+04 2.0095216570e+03 0
2.8009904219e+04 1.9404148380e+03 0
2.9053958934e+04 1.9150304595e+03 0
2.9969135914e+04 1.9634359823e+03 0
3.1011196417e+04 1.9623150622e+03 0
3.2065510963e+04 1.9815779810e+03 0
3.2964458768e+04 2.0660814110e+03 0
3.3975692250e+04 1.9911508176e+03 0
3.4991826312e+04 1.9748129732e+03 0
3.5979211152e+04 2.0282991468e+03 0
3.7064919005e+04 2.0017944091e+03 0
3.8009719519e+04 1.9660384743e+03 0
3.9050955735e+04 1.9848266630e+03 0
3.9952641208e+04 2.0004153420e+03 0
4.0944971553e+04 1.9814131759e+03 0
4.2019489799e+04 2.0039958110e+03 0
4.3038956583e+04 1.9754529937e+03 0
4.4029336058e+04 1.9842949108e+03 0
4.5005115374e+04 1.9594932905e+03 0
4.5904119165e+04 2.0413278267e+03 0
4.6998563710e+04 2.0515314080e+03 0
4.8073915192e+04 2.0348219789e+03 0
4.8980634008e+04 2.0182059679e+03 0
4.9993991747e+04 1.9960527047e+03 0
5.0967005900e+04 2.0211297125e+03 0
5.1976332642e+04 1.9953885713e+03 0
5.3034004058e+04 2.0225825795e+03 0
5.3923493057e+04 2.0003059926e+03 0
5.5007142549e+04 1.9701127261e+03 0
5.6066587199e+04 2.0419566181e+03 0
5.6940894927e+04 2.0371060435e+03 0
5.7952687372e+04 1.9843439523e+03 0
5.9095379892e+04 1.9208226139e+03 0
5.9912450246e+04 1.9575229092e+03 0
6.1114376434e+04 1.9723061908e+03 0
6.1956565649e+04 1.9537768692e+03 0
6.2985920514e+04 1.9829419597e+03 0
6.3996681357e+04 2.0059571169e+03 0
6.4971700469e+04 1.9216363025e+03 0
6.5963967066e+04 1.9257281386e+03 0
6.7080835782e+04 1.9914975302e+03 0
6.7968767666e+04 1.9724968802e+03 0
6.9062239237e+04 1.9782946718e+03 0
6.9966839034e+04 1.9400215996e+03 0
7.1024827987e+04 1.9636180885e+03 0
7.2076292567e+04 1.9822214645e+03 0
7.2890501164e+04 1.9629073207e+03 0
7.4073818207e+04 1.9859969510e+03 0
7.4900363099e+04 2.0051515595e+03 0
7.6029451013e+04 2.1093440638e+03 0
7.7037014488e+04 2.0539749452e+03 0
7.8031514201e+04 2.0169881514e+03 0
7.9001728424e+04 2.0246845973e+03 0
7.9965757921e+04 1.9404973215e+03 0
8.1048195211e+04 1.9191748945e+03 0
8.2018387256e+04 1.9552099749e+03 0
8.2903519240e+04 1.9295007002e+03 0
8.4011407715e+04 2.0189499314e+03 0
8.5003125065e+04 1.9326985133e+03 0
8.6032667599e+04 1.9246477892e+03 0
8.6973216762e+04 1.9864308990e+03 0
8.7976350672e+04 1.9343660159e+03 0
8.9062169542e+04 1.9665440836e+03 0
9.0009593278e+04 2.0399645824e+03 0
9.1007752471e+04 2.0435822706e+03 0
9.1942140691e+04 2.0312117266e+03 0
9.3047939248e+04 2.0342011470e+03 0
9.3946452145e+04 2.0384190025e+03 0
9.5039228730e+04 2.0316542098e+03 0
9.5939734165e+04 2.0420485283e+03 0
9.7033871664e+04 2.0075657952e+03 0
9.7993569705e+04 2.0080887059e+03 0
9.8978496866e+04 2.0240408783e+03 0
1.0000000000e+05 2.0000000000e+03 0
0.0000000000e+00 3.0000000000e+03 0
1.0113711386e+03 2.9929633357e+03 0
2.0297026306e+03 3.0241391000e+03 0
2.9785643978e+03 3.0574035053e+03 0
3.9601449195e+03 3.0180769161e+03 0
4.9735518754e+03 2.9920685254e+03 0
6.0908144627e+03 2.9478503928e+03 0
6.9991067981e+03 2.9933201077e+03 0
7.9202536362e+03 3.0345414144e+03 0
9.0472647099e+03 2.9837666794e+03 0
9.9494664500e+03 2.9481467445e+03 0
1.1035160778e+04 2.9807445272e+03 0
1.1974887396e+04 3.0122523167e+03 0
1.3079844305e+04 3.0285827635e+03 0
1.3986981024e+04 3.0151730680e+03 0
1.4994505623e+04 3.0253817009e+03 0
1.5973011687e+04 2.9930559349e+03 0
1.7013021930e+04 2.9789329016e+03 0
1.8011627207e+04 3.0123142641e+03 0
1.8970514944e+04 2.9894503063e+03 0
2.0056896584e+04 2.9281168036e+03 0
2.0963713617e+04 2.9937524468e+03 0
2.2053822968e+04 2.9920253937e+03 0
2.2973294363e+04 2.9744623049e+03 0
2.4054226894e+04 3.0302491017e+03 0
2.4975461161e+04 3.0085697704e+03 0
2.5972167065e+04 2.9793757479e+03 0
2.7041189034e+04 2.9193594278e+03 0
2.7989474117e+04 2.9636486956e+03 0
2.9037374070e+04 3.0316932969e+03 0
2.9962442366e+04 3.0002305918e+03 0
3.1042194630e+04 2.9849556984e+03 0
3.1959787727e+04 3.0317816272e+03 0
3.2996496509e+04 3.0037164683e+03 0
3.4043676494e+04 2.9797949196e+03 0
3.4923885277e+04 2.9971756476e+03 0
3.6028669293e+04 2.9675288997e+03 0
3.7049435535e+04 2.9641251105e+03 0
3.8015630754e+04 3.0191894899e+03 0
3.8992345312e+04 3.0513167312e+03 0
3.9969972749e+04 3.0695392996e+03 0
4.0982555512e+04 3.0353145950e+03 0
4.2026132435e+04 2.9706457442e+03 0
4.3014990274e+04 3.0190325901e+03 0
4.4086577072e+04 2.9790946341e+03 0
4.4984919849e+04 2.9774986998e+03 0
4.5879643216e+04 2.9420995205e+03 0
4.7013722135e+04 2.9526224624e+03 0
4.8014884019e+04 3.0133424279e+03 0
4.8991480433e+04 3.0759546087e+03 0
5.0024355824e+04 3.0583792612e+03 0
5.0969572349e+04 2.9962947594e+03 0
5.1969692834e+04 3.0231127803e+03 0
5.3005088465e+04 3.0250087973e+03 0
5.4006508551e+04 2.9875690120e+03 0
5.4951281878e+04 2.9835245330e+03 0
5.6033809814e+04 2.9940122941e+03 0
5.6963203760e+04 3.0082181725e+03 0
5.8036394814e+04 2.9416650261e+03 0
5.9032588059e+04 2.9699040667e+03 0
5.9929600854e+04 2.9766246764e+03 0
6.1062771708e+04 3.0000318297e+03 0
6.2022816492e+04 3.0139638339e+03 0
6.2911296338e+04 2.9880619613e+03 0
6.4046022983e+04 2.9822241098e+03 0
6.4950135692e+04 3.0220615311e+03 0
6.5983673217e+04 3.0217832635e+03 0
6.7009926216e+04 3.0206826080e+03 0
6.8081746688e+04 3.0220704845e+03 0
6.8967316734e+04 3.0204391668e+03 0
7.0075439777e+04 3.0647175101e+03 0
7.0964689965e+04 3.0227035193e+03 0
7.2098726399e+04 3.0294091306e+03 0
7.2960052598e+04 2.9847572364e+03 0
7.3933725378e+04 3.0172998358e+03 0
7.4973305004e+04 3.0736899664e+03 0
7.5975616408e+04 2.9699192102e+03 0
7.7145035236e+04 2.9781596854e+03 0
7.7968134917e+04 2.9692613670e+03 0
7.9014428938e+04 2.9983985011e+03 0
8.0049037728e+04 2.9945889481e+03 0
8.0979592558e+04 2.9824687635e+03 0
8.2005890138e+04 3.0209798471e+03 0
8.2960877214e+04 3.0028836144e+03 0
8.3949688773e+04 2.9406909043e+03 0
8.5065573287e+04 3.0429301624e+03 0
8.6006190730e+04 3.0180119486e+03 0
8.6930416809e+04 3.0082922631e+03 0
8.8047022810e+04 3.0418944124e+03 0
8.8997639233e+04 3.0064024418e+03 0
8.9993414026e+04 3.0060785010e+03 0
9.0984225383e+04 3.0419943293e+03 0
9.1995586980e+04 3.0206394390e+03 0
9.3009577162e+04 3.0098080048e+03 0
9.4004637842e+04 2.9860311254e+03 0
9.4993393065e+04 2.9873159173e+03 0
9.5956403214e+04 3.0061329578e+03 0
9.7047128717e+04 3.0117236664e+03 0
9.7985451333e+04 3.0044157901e+03 0
9.8984317064e+04 2.9813356824e+03 0
1.0000000000e+05 3.0000000000e+03 0
0.0000000000e+00 4.0000000000e+03 0
1.0068126851e+03 4.0058077272e+03 0
1.9938082261e+03 4.0119389164e+03 0
2.9984223253e+03 3.9994432614e+03 0
3.9834673122e+03 3.9912335468e+03 0
5.0047984742e+03 3.9695789374e+03 0
6.0440698757e+03 4.0253541189e+03 0
6.9728507281e+03 4.0444796411e+03 0
7.9687685172e+03 3.9829109970e+03 0
9.0312467366e+03 3.9926695947e+03 0
9.9922152412e+03 4.0134416080e+03 0
1.0986602165e+04 3.9895250929e+03 0
1.1998254445e+04 3.9747983792e+03 0
1.3026545713e+04 3.9901646715e+03 0
1.4008574643e+04 4.0268796601e+03 0
1.4985447832e+04 4.0060805565e+03 0
1.6007635865e+04 4.0029050127e+03 0
1.6997487849e+04 3.9979304779e+03 0
1.7995709805e+04 3.9890687729e+03 0
1.9006570258e+04 3.9858771116e+03 0
2.0037677713e+04 4.0207868436e+03 0
2.0930304510e+04 3.9944466890e+03 0
2.2080854950e+04 3.9987963627e+03 0
2.2946446559e+04 4.0115411016e+03 0
2.4038280581e+04 3.9916717489e+03 0
2.4989444311e+04 4.0107741932e+03 0
2.5999475826e+04 3.9896055938e+03 0
2.7032516690e+04 4.0165873730e+03 0
2.7956770114e+04 4.0022079679e+03 0
2.9025988473e+04 3.9744986583e+03 0
2.9991142976e+04 3.9905536007e+03 0
3.1021131186e+04 3.9971361655e+03 0
3.1951845945e+04 3.9760533416e+03 0
3.3041364895e+04 3.9645554025e+03 0
3.3991257128e+04 3.9963249099e+03 0
3.4980824827e+04 3.9788794966e+03 0
3.6010285875e+04 3.9775954739e+03 0
3.7033369500e+04 4.0277897622e+03 0
3.7968158451e+04 4.0369687579e+03 0
3.9025546504e+04 4.0217609013e+03 0
3.9941332213e+04 3.9952017689e+03 0
4.1054887049e+04 3.9769843669e+03 0
4.1977283788e+04 4.0039154937e+03 0
4.3018215007e+04 4.0049959104e+03 0
4.4046144862e+04 4.0856434384e+03 0
4.4994294253e+04 4.1237589520e+03 0
4.5960444043e+04 4.0921600260e+03 0
4.6994553290e+04 4.0374226479e+03 0
4.7981016454e+04 4.0190037845e+03 0
4.8997173752e+04 3.9831903698e+03 0
5.0011202021e+04 3.9934347935e+03 0
5.1025015031e+04 4.0203390864e+03 0
5.1930910902e+04 3.9850358580e+03 0
5.3048940676e+04 3.9789356602e+03 0
5.3983001871e+04 4.0013961150e+03 0
5.4985238890e+04 3.9839341722e+03 0
5.6009825880e+04 3.9672990051e+03 0
5.6975799781e+04 3.9590820150e+03 0
5.8051620129e+04 3.9983449743e+03 0
5.8980792041e+04 4.0142130176e+03 0
5.9988469981e+04 3.9963405791e+03 0
6.1013020579e+04 3.9809476423e+03 0
6.2012024830e+04 4.0195221518e+03 0
6.2977926637e+04 3.9973396014e+03 0
6.3995995729e+04 3.9720564808e+03 0
6.4982971578e+04 3.9410729065e+03 0
6.5978398140e+04 3.9069552700e+03 0
6.7021647624e+04 3.9124470720e+03 0
6.8027324013e+04 3.9672727416e+03 0
6.9001642511e+04 3.9962120772e+03 0
7.0007442095e+04 3.9982165379e+03 0
7.1033373727e+04 4.0395928217e+03 0
7.2001670250e+04 4.0626335949e+03 0
7.3041828288e+04 4.1249014467e+03 0
7.3909254300e+04 4.0624873197e+03 0
7.5005016518e+04 3.9727490304e+03 0
7.6031951205e+04 3.9928814107e+03 0
7.7018783899e+04 4.0357596621e+03 0
7.8032631336e+04 4.0858432113e+03 0
7.8963532200e+04 4.0455684746e+03 0
8.0049437869e+04 4.0683851806e+03 0
8.0982579388e+04 4.0761032461e+03 0
8.1986702432e+04 4.0416216876e+03 0
8.3007988309e+04 4.0310985977e+03 0
8.3976630285e+04 4.0212176984e+03 0
8.4992706563e+04 3.9853123397e+03 0
8.6048166041e+04 4.0412341702e+03 0
8.6939518517e+04 4.0120856633e+03 0
8.8023493209e+04 3.9810477273e+03 0
8.9025585305e+04 4.0170439499e+03 0
8.9967718756e+04 4.0081847618e+03 0
9.0997875589e+04 3.9732328891e+03 0
9.2008862806e+04 3.9710123655e+03 0
9.2993918177e+04 3.9836933575e+03 0
9.4026596664e+04 4.0133255673e+03 0
9.4980769611e+04 4.0120566628e+03 0
9.5983345659e+04 3.9855259388e+03 0
9.7014611743e+04 3.9915253237e+03 0
9.8008449559e+04 4.0156699896e+03 0
9.8985500258e+04 4.0163853672e+03 0
1.0000000000e+05 4.0000000000e+03 0
0.0000000000e+00 5.0000000000e+03 0
1.0000000000e+03 5.0000000000e+03 0
2.0000000000e+03 5.0000000000e+03 0
3.0000000000e+03 5.0000000000e+03 0
4.0000000000e+03 5.0000000000e+03 0
5.0000000000e+03 5.0000000000e+03 0
6.0000000000e+03 5.0000000000e+03 0
7.0000000000e+03 5.0000000000e+03 0
8.0000000000e+03 5.0000000000e+03 0
9.0000000000e+03 5.0000000000e+03 0
1.0000000000e+04 5.0000000000e+03 0
1.1000000000e+04 5.0000000000e+03 0
1.2000000000e+04 5.0000000000e+03 0
1.3000000000e+04 5.0000000000e+03 0
1.4000000000e+04 5.0000000000e+03 0
1.5000000000e+04 5.0000000000e+03 0
1.6000000000e+04 5.0000000000e+03 0
1.7000000000e+04 5.0000000000e+03 0
1.8000000000e+04 5.0000000000e+03 0
1.9000000000e+04 5.0000000000e+03 0
2.0000000000e+04 5.0000000000e+03 0
2.1000000000e+04 5.0000000000e+03 0
2.2000000000e+04 5.0000000000e+03 0
2.3000000000e+04 5.0000000000e+03 0
2.4000000000e+04 5.0000000000e+03 0
2.5000000000e+04 5.0000000000e+03 0
2.6000000000e+04 5.0000000000e+03 0
2.7000000000e+04 5.0000000000e+03 0
2.8000000000e+04 5.0000000000e+03 0
2.9000000000e+04 5.0000000000e+03 0
3.0000000000e+04 5.0000000000e+03 0
3.1000000000e+04 5.0000000000e+03 0
3.2000000000e+04 5.0000000000e+03 0
3.3000000000e+04 5.0000000000e+03 0
3.4000000000e+04 5.0000000000e+03 0
3.5000000000e+04 5.0000000000e+03 0
3.6000000000e+04 5.0000000000e+03 0
3.7000000000e+04 5.0000000000e+03 0
3.8000000000e+04 5.0000000000e+03 0
3.9000000000e+04 5.0000000000e+03 0
4.0000000000e+04 5.0000000000e+03 0
4.1000000000e+04 5.0000000000e+03 0
4.2000000000e+04 5.0000000000e+03 0
4.3000000000e+04 5.0000000000e+03 0
4.4000000000e+04 5.0000000000e+03 0
4.5000000000e+04 5.0000000000e+03 0
4.6000000000e+04 5.0000000000e+03 0
4.7000000000e+04 5.0000000000e+03 0
4.8000000000e+04 5.0000000000e+03 0
4.9000000000e+04 5.0000000000e+03 0
5.0000000000e+04 5.0000000000e+03 0
5.1000000000e+04 5.0000000000e+03 0
5.2000000000e+04 5.0000000000e+03 0
5.3000000000e+04 5.0000000000e+03 0
5.4000000000e+04 5.0000000000e+03 0
5.5000000000e+04 5.0000000000e+03 0
5.6000000000e+04 5.0000000000e+03 0
5.7000000000e+04 5.0000000000e+03 0
5.8000000000e+04 5.0000000000e+03 0
5.9000000000e+04 5.0000000000e+03 0
6.0000000000e+04 5.0000000000e+03 0
6.1000000000e+04 5.0000000000e+03 0
6.2000000000e+04 5.0000000000e+03 0
6.3000000000e+04 5.0000000000e+03 0
6.4000000000e+04 5.0000000000e+03 0
6.5000000000e+04 5.0000000000e+03 0
6.6000000000e+04 5.0000000000e+03 0
6.7000000000e+04 5.0000000000e+03 0
6.8000000000e+04 5.0000000000e+03 0
6.9000000000e+04 5.0000000000e+03 0
7.0000000000e+04 5.0000000000e+03 0
7.1000000000e+04 5.0000000000e+03 0
7.2000000000e+04 5.0000000000e+03 0
7.3000000000e+04 5.0000000000e+03 0
7.4000000000e+04 5.0000000000e+03 0
7.5000000000e+04 5.0000000000e+03 0
7.6000000000e+04 5.0000000000e+03 0
7.7000000000e+04 5.0000000000e+03 0
7.8000000000e+04 5.0000000000e+03 0
7.9000000000e+04 5.0000000000e+03 0
8.0000000000e+04 5.0000000000e+03 0
8.1000000000e+04 5.0000000000e+03 0
8.2000000000e+04 5.0000000000e+03 0
8.3000000000e+04 5.0000000000e+03 0
8.4000000000e+04 5.0000000000e+03 0
8.5000000000e+04 5.0000000000e+03 0
8.6000000000e+04 5.0000000000e+03 0
8.7000000000e+04 5.0000000000e+03 0
8.8000000000e+04 5.0000000000e+03 0
8.9000000000e+04 5.0000000000e+03 0
9.0000000000e+04 5.0000000000e+03 0
9.1000000000e+04 5.0000000000e+03 0
9.2000000000e+04 5.0000000000e+03 0
9.3000000000e+04 5.0000000000e+03 0
9.4000000000e+04 5.0000000000e+03 0
9.5000000000e+04 5.0000000000e+03 0
9.6000000000e+04 5.0000000000e+03 0
9.7000000000e+04 5.0000000000e+03 0
9.8000000000e+04 5.0000000000e+03 0
9.9000000000e+04 5.0000000000e+03 0
1.0000000000e+05 5.0000000000e+03 0
