4 4.8828125000e-03 4.8828125000e-03 1 1026 1025 0 -1 -1 1 -1
4 1.4648437500e-02 4.8828125000e-03 2 1027 1026 1 0 -1 2 -1
4 2.4414062500e-02 4.8828125000e-03 3 1028 1027 2 1 -1 3 -1
4 3.4179687500e-02 4.8828125000e-03 4 1029 1028 3 2 -1 4 -1
4 4.3945312500e-02 4.8828125000e-03 5 1030 1029 4 3 -1 5 -1
4 5.3710937500e-02 4.8828125000e-03 6 1031 1030 5 4 -1 6 -1
4 6.3476562500e-02 4.8828125000e-03 7 1032 1031 6 5 -1 7 -1
4 7.3242187500e-02 4.8828125000e-03 8 1033 1032 7 6 -1 8 -1
4 8.3007812500e-02 4.8828125000e-03 9 1034 1033 8 7 -1 9 -1
4 9.2773437500e-02 4.8828125000e-03 10 1035 1034 9 8 -1 10 -1
4 1.0253906250e-01 4.8828125000e-03 11 1036 1035 10 9 -1 11 -1
4 1.1230468750e-01 4.8828125000e-03 12 1037 1036 11 10 -1 12 -1
4 1.2207031250e-01 4.8828125000e-03 13 1038 1037 12 11 -1 13 -1
4 1.3183593750e-01 4.8828125000e-03 14 1039 1038 13 12 -1 14 -1
4 1.4160156250e-01 4.8828125000e-03 15 1040 1039 14 13 -1 15 -1
4 1.5136718750e-01 4.8828125000e-03 16 1041 1040 15 14 -1 16 -1
4 1.6113281250e-01 4.8828125000e-03 17 1042 1041 16 15 -1 17 -1
4 1.7089843750e-01 4.8828125000e-03 18 1043 1042 17 16 -1 18 -1
4 1.8066406250e-01 4.8828125000e-03 19 1044 1043 18 17 -1 19 -1
4 1.9042968750e-01 4.8828125000e-03 20 1045 1044 19 18 -1 20 -1
4 2.0019531250e-01 4.8828125000e-03 21 1046 1045 20 19 -1 21 -1
4 2.0996093750e-01 4.8828125000e-03 22 1047 1046 21 20 -1 22 -1
4 2.1972656250e-01 4.8828125000e-03 23 1048 1047 22 21 -1 23 -1
4 2.2949218750e-01 4.8828125000e-03 24 1049 1048 23 22 -1 24 -1
4 2.3925781250e-01 4.8828125000e-03 25 1050 1049 24 23 -1 25 -1
4 2.4902343750e-01 4.8828125000e-03 26 1051 1050 25 24 -1 26 -1
4 2.5878906250e-01 4.8828125000e-03 27 1052 1051 26 25 -1 27 -1
4 2.6855468750e-01 4.8828125000e-03 28 1053 1052 27 26 -1 28 -1
4 2.7832031250e-01 4.8828125000e-03 29 1054 1053 28 27 -1 29 -1
4 2.8808593750e-01 4.8828125000e-03 30 1055 1054 29 28 -1 30 -1
4 2.9785156250e-01 4.8828125000e-03 31 1056 1055 30 29 -1 31 -1
4 3.0761718750e-01 4.8828125000e-03 32 1057 1056 31 30 -1 32 -1
4 3.1738281250e-01 4.8828125000e-03 33 1058 1057 32 31 -1 33 -1
4 3.2714843750e-01 4.8828125000e-03 34 1059 1058 33 32 -1 34 -1
4 3.3691406250e-01 4.8828125000e-03 35 1060 1059 34 33 -1 35 -1
4 3.4667968750e-01 4.8828125000e-03 36 1061 1060 35 34 -1 36 -1
4 3.5644531250e-01 4.8828125000e-03 37 1062 1061 36 35 -1 37 -1
4 3.6621093750e-01 4.8828125000e-03 38 1063 1062 37 36 -1 38 -1
4 3.7597656250e-01 4.8828125000e-03 39 1064 1063 38 37 -1 39 -1
4 3.8574218750e-01 4.8828125000e-03 40 1065 1064 39 38 -1 40 -1
4 3.9550781250e-01 4.8828125000e-03 41 1066 1065 40 39 -1 41 -1
4 4.0527343750e-01 4.8828125000e-03 42 1067 1066 41 40 -1 42 -1
4 4.1503906250e-01 4.8828125000e-03 43 1068 1067 42 41 -1 43 -1
4 4.2480468750e-01 4.8828125000e-03 44 1069 1068 43 42 -1 44 -1
4 4.3457031250e-01 4.8828125000e-03 45 1070 1069 44 43 -1 45 -1
4 4.4433593750e-01 4.8828125000e-03 46 1071 1070 45 44 -1 46 -1
4 4.5410156250e-01 4.8828125000e-03 47 1072 1071 46 45 -1 47 -1
4 4.6386718750e-01 4.8828125000e-03 48 1073 1072 47 46 -1 48 -1
4 4.7363281250e-01 4.8828125000e-03 49 1074 1073 48 47 -1 49 -1
4 4.8339843750e-01 4.8828125000e-03 50 1075 1074 49 48 -1 50 -1
4 4.9316406250e-01 4.8828125000e-03 51 1076 1075 50 49 -1 51 -1
4 5.0292968750e-01 4.8828125000e-03 52 1077 1076 51 50 -1 52 -1
4 5.1269531250e-01 4.8828125000e-03 53 1078 1077 52 51 -1 53 -1
4 5.2246093750e-01 4.8828125000e-03 54 1079 1078 53 52 -1 54 -1
4 5.3222656250e-01 4.8828125000e-03 55 1080 1079 54 53 -1 55 -1
4 5.4199218750e-01 4.8828125000e-03 56 1081 1080 55 54 -1 56 -1
4 5.5175781250e-01 4.8828125000e-03 57 1082 1081 56 55 -1 57 -1
4 5.6152343750e-01 4.8828125000e-03 58 1083 1082 57 56 -1 58 -1
4 5.7128906250e-01 4.8828125000e-03 59 1084 1083 58 57 -1 59 -1
4 5.8105468750e-01 4.8828125000e-03 60 1085 1084 59 58 -1 60 -1
4 5.9082031250e-01 4.8828125000e-03 61 1086 1085 60 59 -1 61 -1
4 6.0058593750e-01 4.8828125000e-03 62 1087 1086 61 60 -1 62 -1
4 6.1035156250e-01 4.8828125000e-03 63 1088 1087 62 61 -1 63 -1
4 6.2011718750e-01 4.8828125000e-03 64 1089 1088 63 62 -1 64 -1
4 6.2988281250e-01 4.8828125000e-03 65 1090 1089 64 63 -1 65 -1
4 6.3964843750e-01 4.8828125000e-03 66 1091 1090 65 64 -1 66 -1
4 6.4941406250e-01 4.8828125000e-03 67 1092 1091 66 65 -1 67 -1
4 6.5917968750e-01 4.8828125000e-03 68 1093 1092 67 66 -1 68 -1
4 6.6894531250e-01 4.8828125000e-03 69 1094 1093 68 67 -1 69 -1
4 6.7871093750e-01 4.8828125000e-03 70 1095 1094 69 68 -1 70 -1
4 6.8847656250e-01 4.8828125000e-03 71 1096 1095 70 69 -1 71 -1
4 6.9824218750e-01 4.8828125000e-03 72 1097 1096 71 70 -1 72 -1
4 7.0800781250e-01 4.8828125000e-03 73 1098 1097 72 71 -1 73 -1
4 7.1777343750e-01 4.8828125000e-03 74 1099 1098 73 72 -1 74 -1
4 7.2753906250e-01 4.8828125000e-03 75 1100 1099 74 73 -1 75 -1
4 7.3730468750e-01 4.8828125000e-03 76 1101 1100 75 74 -1 76 -1
4 7.4707031250e-01 4.8828125000e-03 77 1102 1101 76 75 -1 77 -1
4 7.5683593750e-01 4.8828125000e-03 78 1103 1102 77 76 -1 78 -1
4 7.6660156250e-01 4.8828125000e-03 79 1104 1103 78 77 -1 79 -1
4 7.7636718750e-01 4.8828125000e-03 80 1105 1104 79 78 -1 80 -1
4 7.8613281250e-01 4.8828125000e-03 81 1106 1105 80 79 -1 81 -1
4 7.9589843750e-01 4.8828125000e-03 82 1107 1106 81 80 -1 82 -1
4 8.0566406250e-01 4.8828125000e-03 83 1108 1107 82 81 -1 83 -1
4 8.1542968750e-01 4.8828125000e-03 84 1109 1108 83 82 -1 84 -1
4 8.2519531250e-01 4.8828125000e-03 85 1110 1109 84 83 -1 85 -1
4 8.3496093750e-01 4.8828125000e-03 86 1111 1110 85 84 -1 86 -1
4 8.4472656250e-01 4.8828125000e-03 87 1112 1111 86 85 -1 87 -1
4 8.5449218750e-01 4.8828125000e-03 88 1113 1112 87 86 -1 88 -1
4 8.6425781250e-01 4.8828125000e-03 89 1114 1113 88 87 -1 89 -1
4 8.7402343750e-01 4.8828125000e-03 90 1115 1114 89 88 -1 90 -1
4 8.8378906250e-01 4.8828125000e-03 91 1116 1115 90 89 -1 91 -1
4 8.9355468750e-01 4.8828125000e-03 92 1117 1116 91 90 -1 92 -1
4 9.0332031250e-01 4.8828125000e-03 93 1118 1117 92 91 -1 93 -1
4 9.1308593750e-01 4.8828125000e-03 94 1119 1118 93 92 -1 94 -1
4 9.2285156250e-01 4.8828125000e-03 95 1120 1119 94 93 -1 95 -1
4 9.3261718750e-01 4.8828125000e-03 96 1121 1120 95 94 -1 96 -1
4 9.4238281250e-01 4.8828125000e-03 97 1122 1121 96 95 -1 97 -1
4 9.5214843750e-01 4.8828125000e-03 98 1123 1122 97 96 -1 98 -1
4 9.6191406250e-01 4.8828125000e-03 99 1124 1123 98 97 -1 99 -1
4 9.7167968750e-01 4.8828125000e-03 100 1125 1124 99 98 -1 100 -1
4 9.8144531250e-01 4.8828125000e-03 101 1126 1125 100 99 -1 101 -1
4 9.9121093750e-01 4.8828125000e-03 102 1127 1126 101 100 -1 102 -1
4 1.0009765625e+00 4.8828125000e-03 103 1128 1127 102 101 -1 103 -1
4 1.0107421875e+00 4.8828125000e-03 104 1129 1128 103 102 -1 104 -1
4 1.0205078125e+00 4.8828125000e-03 105 1130 1129 104 103 -1 105 -1
4 1.0302734375e+00 4.8828125000e-03 106 1131 1130 105 104 -1 106 -1
4 1.0400390625e+00 4.8828125000e-03 107 1132 1131 106 105 -1 107 -1
4 1.0498046875e+00 4.8828125000e-03 108 1133 1132 107 106 -1 108 -1
4 1.0595703125e+00 4.8828125000e-03 109 1134 1133 108 107 -1 109 -1
4 1.0693359375e+00 4.8828125000e-03 110 1135 1134 109 108 -1 110 -1
4 1.0791015625e+00 4.8828125000e-03 111 1136 1135 110 109 -1 111 -1
4 1.0888671875e+00 4.8828125000e-03 112 1137 1136 111 110 -1 112 -1
4 1.0986328125e+00 4.8828125000e-03 113 1138 1137 112 111 -1 113 -1
4 1.1083984375e+00 4.8828125000e-03 114 1139 1138 113 112 -1 114 -1
4 1.1181640625e+00 4.8828125000e-03 115 1140 1139 114 113 -1 115 -1
4 1.1279296875e+00 4.8828125000e-03 116 1141 1140 115 114 -1 116 -1
4 1.1376953125e+00 4.8828125000e-03 117 1142 1141 116 115 -1 117 -1
4 1.1474609375e+00 4.8828125000e-03 118 1143 1142 117 116 -1 118 -1
4 1.1572265625e+00 4.8828125000e-03 119 1144 1143 118 117 -1 119 -1
4 1.1669921875e+00 4.8828125000e-03 120 1145 1144 119 118 -1 120 -1
4 1.1767578125e+00 4.8828125000e-03 121 1146 1145 120 119 -1 121 -1
4 1.1865234375e+00 4.8828125000e-03 122 1147 1146 121 120 -1 122 -1
4 1.1962890625e+00 4.8828125000e-03 123 1148 1147 122 121 -1 123 -1
4 1.2060546875e+00 4.8828125000e-03 124 1149 1148 123 122 -1 124 -1
4 1.2158203125e+00 4.8828125000e-03 125 1150 1149 124 123 -1 125 -1
4 1.2255859375e+00 4.8828125000e-03 126 1151 1150 125 124 -1 126 -1
4 1.2353515625e+00 4.8828125000e-03 127 1152 1151 126 125 -1 127 -1
4 1.2451171875e+00 4.8828125000e-03 128 1153 1152 127 126 -1 128 -1
4 1.2548828125e+00 4.8828125000e-03 129 1154 1153 128 127 -1 129 -1
4 1.2646484375e+00 4.8828125000e-03 130 1155 1154 129 128 -1 130 -1
4 1.2744140625e+00 4.8828125000e-03 131 1156 1155 130 129 -1 131 -1
4 1.2841796875e+00 4.8828125000e-03 132 1157 1156 131 130 -1 132 -1
4 1.2939453125e+00 4.8828125000e-03 133 1158 1157 132 131 -1 133 -1
4 1.3037109375e+00 4.8828125000e-03 134 1159 1158 133 132 -1 134 -1
4 1.3134765625e+00 4.8828125000e-03 135 1160 1159 134 133 -1 135 -1
4 1.3232421875e+00 4.8828125000e-03 136 1161 1160 135 134 -1 136 -1
4 1.3330078125e+00 4.8828125000e-03 137 1162 1161 136 135 -1 137 -1
4 1.3427734375e+00 4.8828125000e-03 138 1163 1162 137 136 -1 138 -1
4 1.3525390625e+00 4.8828125000e-03 139 1164 1163 138 137 -1 139 -1
4 1.3623046875e+00 4.8828125000e-03 140 1165 1164 139 138 -1 140 -1
4 1.3720703125e+00 4.8828125000e-03 141 1166 1165 140 139 -1 141 -1
4 1.3818359375e+00 4.8828125000e-03 142 1167 1166 141 140 -1 142 -1
4 1.3916015625e+00 4.8828125000e-03 143 1168 1167 142 141 -1 143 -1
4 1.4013671875e+00 4.8828125000e-03 144 1169 1168 143 142 -1 144 -1
4 1.4111328125e+00 4.8828125000e-03 145 1170 1169 144 143 -1 145 -1
4 1.4208984375e+00 4.8828125000e-03 146 1171 1170 145 144 -1 146 -1
4 1.4306640625e+00 4.8828125000e-03 147 1172 1171 146 145 -1 147 -1
4 1.4404296875e+00 4.8828125000e-03 148 1173 1172 147 146 -1 148 -1
4 1.4501953125e+00 4.8828125000e-03 149 1174 1173 148 147 -1 149 -1
4 1.4599609375e+00 4.8828125000e-03 150 1175 1174 149 148 -1 150 -1
4 1.4697265625e+00 4.8828125000e-03 151 1176 1175 150 149 -1 151 -1
4 1.4794921875e+00 4.8828125000e-03 152 1177 1176 151 150 -1 152 -1
4 1.4892578125e+00 4.8828125000e-03 153 1178 1177 152 151 -1 153 -1
4 1.4990234375e+00 4.8828125000e-03 154 1179 1178 153 152 -1 154 -1
4 1.5087890625e+00 4.8828125000e-03 155 1180 1179 154 153 -1 155 -1
4 1.5185546875e+00 4.8828125000e-03 156 1181 1180 155 154 -1 156 -1
4 1.5283203125e+00 4.8828125000e-03 157 1182 1181 156 155 -1 157 -1
4 1.5380859375e+00 4.8828125000e-03 158 1183 1182 157 156 -1 158 -1
4 1.5478515625e+00 4.8828125000e-03 159 1184 1183 158 157 -1 159 -1
4 1.5576171875e+00 4.8828125000e-03 160 1185 1184 159 158 -1 160 -1
4 1.5673828125e+00 4.8828125000e-03 161 1186 1185 160 159 -1 161 -1
4 1.5771484375e+00 4.8828125000e-03 162 1187 1186 161 160 -1 162 -1
4 1.5869140625e+00 4.8828125000e-03 163 1188 1187 162 161 -1 163 -1
4 1.5966796875e+00 4.8828125000e-03 164 1189 1188 163 162 -1 164 -1
4 1.6064453125e+00 4.8828125000e-03 165 1190 1189 164 163 -1 165 -1
4 1.6162109375e+00 4.8828125000e-03 166 1191 1190 165 164 -1 166 -1
4 1.6259765625e+00 4.8828125000e-03 167 1192 1191 166 165 -1 167 -1
4 1.6357421875e+00 4.8828125000e-03 168 1193 1192 167 166 -1 168 -1
4 1.6455078125e+00 4.8828125000e-03 169 1194 1193 168 167 -1 169 -1
4 1.6552734375e+00 4.8828125000e-03 170 1195 1194 169 168 -1 170 -1
4 1.6650390625e+00 4.8828125000e-03 171 1196 1195 170 169 -1 171 -1
4 1.6748046875e+00 4.8828125000e-03 172 1197 1196 171 170 -1 172 -1
4 1.6845703125e+00 4.8828125000e-03 173 1198 1197 172 171 -1 173 -1
4 1.6943359375e+00 4.8828125000e-03 174 1199 1198 173 172 -1 174 -1
4 1.7041015625e+00 4.8828125000e-03 175 1200 1199 174 173 -1 175 -1
4 1.7138671875e+00 4.8828125000e-03 176 1201 1200 175 174 -1 176 -1
4 1.7236328125e+00 4.8828125000e-03 177 1202 1201 176 175 -1 177 -1
4 1.7333984375e+00 4.8828125000e-03 178 1203 1202 177 176 -1 178 -1
4 1.7431640625e+00 4.8828125000e-03 179 1204 1203 178 177 -1 179 -1
4 1.7529296875e+00 4.8828125000e-03 180 1205 1204 179 178 -1 180 -1
4 1.7626953125e+00 4.8828125000e-03 181 1206 1205 180 179 -1 181 -1
4 1.7724609375e+00 4.8828125000e-03 182 1207 1206 181 180 -1 182 -1
4 1.7822265625e+00 4.8828125000e-03 183 1208 1207 182 181 -1 183 -1
4 1.7919921875e+00 4.8828125000e-03 184 1209 1208 183 182 -1 184 -1
4 1.8017578125e+00 4.8828125000e-03 185 1210 1209 184 183 -1 185 -1
4 1.8115234375e+00 4.8828125000e-03 186 1211 1210 185 184 -1 186 -1
4 1.8212890625e+00 4.8828125000e-03 187 1212 1211 186 185 -1 187 -1
4 1.8310546875e+00 4.8828125000e-03 188 1213 1212 187 186 -1 188 -1
4 1.8408203125e+00 4.8828125000e-03 189 1214 1213 188 187 -1 189 -1
4 1.8505859375e+00 4.8828125000e-03 190 1215 1214 189 188 -1 190 -1
4 1.8603515625e+00 4.8828125000e-03 191 1216 1215 190 189 -1 191 -1
4 1.8701171875e+00 4.8828125000e-03 192 1217 1216 191 190 -1 192 -1
4 1.8798828125e+00 4.8828125000e-03 193 1218 1217 192 191 -1 193 -1
4 1.8896484375e+00 4.8828125000e-03 194 1219 1218 193 192 -1 194 -1
4 1.8994140625e+00 4.8828125000e-03 195 1220 1219 194 193 -1 195 -1
4 1.9091796875e+00 4.8828125000e-03 196 1221 1220 195 194 -1 196 -1
4 1.9189453125e+00 4.8828125000e-03 197 1222 1221 196 195 -1 197 -1
4 1.9287109375e+00 4.8828125000e-03 198 1223 1222 197 196 -1 198 -1
4 1.9384765625e+00 4.8828125000e-03 199 1224 1223 198 197 -1 199 -1
4 1.9482421875e+00 4.8828125000e-03 200 1225 1224 199 198 -1 200 -1
4 1.9580078125e+00 4.8828125000e-03 201 1226 1225 200 199 -1 201 -1
4 1.9677734375e+00 4.8828125000e-03 202 1227 1226 201 200 -1 202 -1
4 1.9775390625e+00 4.8828125000e-03 203 1228 1227 202 201 -1 203 -1
4 1.9873046875e+00 4.8828125000e-03 204 1229 1228 203 202 -1 204 -1
4 1.9970703125e+00 4.8828125000e-03 205 1230 1229 204 203 -1 205 -1
4 2.0068359375e+00 4.8828125000e-03 206 1231 1230 205 204 -1 206 -1
4 2.0166015625e+00 4.8828125000e-03 207 1232 1231 206 205 -1 207 -1
4 2.0263671875e+00 4.8828125000e-03 208 1233 1232 207 206 -1 208 -1
4 2.0361328125e+00 4.8828125000e-03 209 1234 1233 208 207 -1 209 -1
4 2.0458984375e+00 4.8828125000e-03 210 1235 1234 209 208 -1 210 -1
4 2.0556640625e+00 4.8828125000e-03 211 1236 1235 210 209 -1 211 -1
4 2.0654296875e+00 4.8828125000e-03 212 1237 1236 211 210 -1 212 -1
4 2.0751953125e+00 4.8828125000e-03 213 1238 1237 212 211 -1 213 -1
4 2.0849609375e+00 4.8828125000e-03 214 1239 1238 213 212 -1 214 -1
4 2.0947265625e+00 4.8828125000e-03 215 1240 1239 214 213 -1 215 -1
4 2.1044921875e+00 4.8828125000e-03 216 1241 1240 215 214 -1 216 -1
4 2.1142578125e+00 4.8828125000e-03 217 1242 1241 216 215 -1 217 -1
4 2.1240234375e+00 4.8828125000e-03 218 1243 1242 217 216 -1 218 -1
4 2.1337890625e+00 4.8828125000e-03 219 1244 1243 218 217 -1 219 -1
4 2.1435546875e+00 4.8828125000e-03 220 1245 1244 219 218 -1 220 -1
4 2.1533203125e+00 4.8828125000e-03 221 1246 1245 220 219 -1 221 -1
4 2.1630859375e+00 4.8828125000e-03 222 1247 1246 221 220 -1 222 -1
4 2.1728515625e+00 4.8828125000e-03 223 1248 1247 222 221 -1 223 -1
4 2.1826171875e+00 4.8828125000e-03 224 1249 1248 223 222 -1 224 -1
4 2.1923828125e+00 4.8828125000e-03 225 1250 1249 224 223 -1 225 -1
4 2.2021484375e+00 4.8828125000e-03 226 1251 1250 225 224 -1 226 -1
4 2.2119140625e+00 4.8828125000e-03 227 1252 1251 226 225 -1 227 -1
4 2.2216796875e+00 4.8828125000e-03 228 1253 1252 227 226 -1 228 -1
4 2.2314453125e+00 4.8828125000e-03 229 1254 1253 228 227 -1 229 -1
4 2.2412109375e+00 4.8828125000e-03 230 1255 1254 229 228 -1 230 -1
4 2.2509765625e+00 4.8828125000e-03 231 1256 1255 230 229 -1 231 -1
4 2.2607421875e+00 4.8828125000e-03 232 1257 1256 231 230 -1 232 -1
4 2.2705078125e+00 4.8828125000e-03 233 1258 1257 232 231 -1 233 -1
4 2.2802734375e+00 4.8828125000e-03 234 1259 1258 233 232 -1 234 -1
4 2.2900390625e+00 4.8828125000e-03 235 1260 1259 234 233 -1 235 -1
4 2.2998046875e+00 4.8828125000e-03 236 1261 1260 235 234 -1 236 -1
4 2.3095703125e+00 4.8828125000e-03 237 1262 1261 236 235 -1 237 -1
4 2.3193359375e+00 4.8828125000e-03 238 1263 1262 237 236 -1 238 -1
4 2.3291015625e+00 4.8828125000e-03 239 1264 1263 238 237 -1 239 -1
4 2.3388671875e+00 4.8828125000e-03 240 1265 1264 239 238 -1 240 -1
4 2.3486328125e+00 4.8828125000e-03 241 1266 1265 240 239 -1 241 -1
4 2.3583984375e+00 4.8828125000e-03 242 1267 1266 241 240 -1 242 -1
4 2.3681640625e+00 4.8828125000e-03 243 1268 1267 242 241 -1 243 -1
4 2.3779296875e+00 4.8828125000e-03 244 1269 1268 243 242 -1 244 -1
4 2.3876953125e+00 4.8828125000e-03 245 1270 1269 244 243 -1 245 -1
4 2.3974609375e+00 4.8828125000e-03 246 1271 1270 245 244 -1 246 -1
4 2.4072265625e+00 4.8828125000e-03 247 1272 1271 246 245 -1 247 -1
4 2.4169921875e+00 4.8828125000e-03 248 1273 1272 247 246 -1 248 -1
4 2.4267578125e+00 4.8828125000e-03 249 1274 1273 248 247 -1 249 -1
4 2.4365234375e+00 4.8828125000e-03 250 1275 1274 249 248 -1 250 -1
4 2.4462890625e+00 4.8828125000e-03 251 1276 1275 250 249 -1 251 -1
4 2.4560546875e+00 4.8828125000e-03 252 1277 1276 251 250 -1 252 -1
4 2.4658203125e+00 4.8828125000e-03 253 1278 1277 252 251 -1 253 -1
4 2.4755859375e+00 4.8828125000e-03 254 1279 1278 253 252 -1 254 -1
4 2.4853515625e+00 4.8828125000e-03 255 1280 1279 254 253 -1 255 -1
4 2.4951171875e+00 4.8828125000e-03 256 1281 1280 255 254 -1 256 -1
4 2.5048828125e+00 4.8828125000e-03 257 1282 1281 256 255 -1 257 -1
4 2.5146484375e+00 4.8828125000e-03 258 1283 1282 257 256 -1 258 -1
4 2.5244140625e+00 4.8828125000e-03 259 1284 1283 258 257 -1 259 -1
4 2.5341796875e+00 4.8828125000e-03 260 1285 1284 259 258 -1 260 -1
4 2.5439453125e+00 4.8828125000e-03 261 1286 1285 260 259 -1 261 -1
4 2.5537109375e+00 4.8828125000e-03 262 1287 1286 261 260 -1 262 -1
4 2.5634765625e+00 4.8828125000e-03 263 1288 1287 262 261 -1 263 -1
4 2.5732421875e+00 4.8828125000e-03 264 1289 1288 263 262 -1 264 -1
4 2.5830078125e+00 4.8828125000e-03 265 1290 1289 264 263 -1 265 -1
4 2.5927734375e+00 4.8828125000e-03 266 1291 1290 265 264 -1 266 -1
4 2.6025390625e+00 4.8828125000e-03 267 1292 1291 266 265 -1 267 -1
4 2.6123046875e+00 4.8828125000e-03 268 1293 1292 267 266 -1 268 -1
4 2.6220703125e+00 4.8828125000e-03 269 1294 1293 268 267 -1 269 -1
4 2.6318359375e+00 4.8828125000e-03 270 1295 1294 269 268 -1 270 -1
4 2.6416015625e+00 4.8828125000e-03 271 1296 1295 270 269 -1 271 -1
4 2.6513671875e+00 4.8828125000e-03 272 1297 1296 271 270 -1 272 -1
4 2.6611328125e+00 4.8828125000e-03 273 1298 1297 272 271 -1 273 -1
4 2.6708984375e+00 4.8828125000e-03 274 1299 1298 273 272 -1 274 -1
4 2.6806640625e+00 4.8828125000e-03 275 1300 1299 274 273 -1 275 -1
4 2.6904296875e+00 4.8828125000e-03 276 1301 1300 275 274 -1 276 -1
4 2.7001953125e+00 4.8828125000e-03 277 1302 1301 276 275 -1 277 -1
4 2.7099609375e+00 4.8828125000e-03 278 1303 1302 277 276 -1 278 -1
4 2.7197265625e+00 4.8828125000e-03 279 1304 1303 278 277 -1 279 -1
4 2.7294921875e+00 4.8828125000e-03 280 1305 1304 279 278 -1 280 -1
4 2.7392578125e+00 4.8828125000e-03 281 1306 1305 280 279 -1 281 -1
4 2.7490234375e+00 4.8828125000e-03 282 1307 1306 281 280 -1 282 -1
4 2.7587890625e+00 4.8828125000e-03 283 1308 1307 282 281 -1 283 -1
4 2.7685546875e+00 4.8828125000e-03 284 1309 1308 283 282 -1 284 -1
4 2.7783203125e+00 4.8828125000e-03 285 1310 1309 284 283 -1 285 -1
4 2.7880859375e+00 4.8828125000e-03 286 1311 1310 285 284 -1 286 -1
4 2.7978515625e+00 4.8828125000e-03 287 1312 1311 286 285 -1 287 -1
4 2.8076171875e+00 4.8828125000e-03 288 1313 1312 287 286 -1 288 -1
4 2.8173828125e+00 4.8828125000e-03 289 1314 1313 288 287 -1 289 -1
4 2.8271484375e+00 4.8828125000e-03 290 1315 1314 289 288 -1 290 -1
4 2.8369140625e+00 4.8828125000e-03 291 1316 1315 290 289 -1 291 -1
4 2.8466796875e+00 4.8828125000e-03 292 1317 1316 291 290 -1 292 -1
4 2.8564453125e+00 4.8828125000e-03 293 1318 1317 292 291 -1 293 -1
4 2.8662109375e+00 4.8828125000e-03 294 1319 1318 293 292 -1 294 -1
4 2.8759765625e+00 4.8828125000e-03 295 1320 1319 294 293 -1 295 -1
4 2.8857421875e+00 4.8828125000e-03 296 1321 1320 295 294 -1 296 -1
4 2.8955078125e+00 4.8828125000e-03 297 1322 1321 296 295 -1 297 -1
4 2.9052734375e+00 4.8828125000e-03 298 1323 1322 297 296 -1 298 -1
4 2.9150390625e+00 4.8828125000e-03 299 1324 1323 298 297 -1 299 -1
4 2.9248046875e+00 4.8828125000e-03 300 1325 1324 299 298 -1 300 -1
4 2.9345703125e+00 4.8828125000e-03 301 1326 1325 300 299 -1 301 -1
4 2.9443359375e+00 4.8828125000e-03 302 1327 1326 301 300 -1 302 -1
4 2.9541015625e+00 4.8828125000e-03 303 1328 1327 302 301 -1 303 -1
4 2.9638671875e+00 4.8828125000e-03 304 1329 1328 303 302 -1 304 -1
4 2.9736328125e+00 4.8828125000e-03 305 1330 1329 304 303 -1 305 -1
4 2.9833984375e+00 4.8828125000e-03 306 1331 1330 305 304 -1 306 -1
4 2.9931640625e+00 4.8828125000e-03 307 1332 1331 306 305 -1 307 -1
4 3.0029296875e+00 4.8828125000e-03 308 1333 1332 307 306 -1 308 -1
4 3.0126953125e+00 4.8828125000e-03 309 1334 1333 308 307 -1 309 -1
4 3.0224609375e+00 4.8828125000e-03 310 1335 1334 309 308 -1 310 -1
4 3.0322265625e+00 4.8828125000e-03 311 1336 1335 310 309 -1 311 -1
4 3.0419921875e+00 4.8828125000e-03 312 1337 1336 311 310 -1 312 -1
4 3.0517578125e+00 4.8828125000e-03 313 1338 1337 312 311 -1 313 -1
4 3.0615234375e+00 4.8828125000e-03 314 1339 1338 313 312 -1 314 -1
4 3.0712890625e+00 4.8828125000e-03 315 1340 1339 314 313 -1 315 -1
4 3.0810546875e+00 4.8828125000e-03 316 1341 1340 315 314 -1 316 -1
4 3.0908203125e+00 4.8828125000e-03 317 1342 1341 316 315 -1 317 -1
4 3.1005859375e+00 4.8828125000e-03 318 1343 1342 317 316 -1 318 -1
4 3.1103515625e+00 4.8828125000e-03 319 1344 1343 318 317 -1 319 -1
4 3.1201171875e+00 4.8828125000e-03 320 1345 1344 319 318 -1 320 -1
4 3.1298828125e+00 4.8828125000e-03 321 1346 1345 320 319 -1 321 -1
4 3.1396484375e+00 4.8828125000e-03 322 1347 1346 321 320 -1 322 -1
4 3.1494140625e+00 4.8828125000e-03 323 1348 1347 322 321 -1 323 -1
4 3.1591796875e+00 4.8828125000e-03 324 1349 1348 323 322 -1 324 -1
4 3.1689453125e+00 4.8828125000e-03 325 1350 1349 324 323 -1 325 -1
4 3.1787109375e+00 4.8828125000e-03 326 1351 1350 325 324 -1 326 -1
4 3.1884765625e+00 4.8828125000e-03 327 1352 1351 326 325 -1 327 -1
4 3.1982421875e+00 4.8828125000e-03 328 1353 1352 327 326 -1 328 -1
4 3.2080078125e+00 4.8828125000e-03 329 1354 1353 328 327 -1 329 -1
4 3.2177734375e+00 4.8828125000e-03 330 1355 1354 329 328 -1 330 -1
4 3.2275390625e+00 4.8828125000e-03 331 1356 1355 330 329 -1 331 -1
4 3.2373046875e+00 4.8828125000e-03 332 1357 1356 331 330 -1 332 -1
4 3.2470703125e+00 4.8828125000e-03 333 1358 1357 332 331 -1 333 -1
4 3.2568359375e+00 4.8828125000e-03 334 1359 1358 333 332 -1 334 -1
4 3.2666015625e+00 4.8828125000e-03 335 1360 1359 334 333 -1 335 -1
4 3.2763671875e+00 4.8828125000e-03 336 1361 1360 335 334 -1 336 -1
4 3.2861328125e+00 4.8828125000e-03 337 1362 1361 336 335 -1 337 -1
4 3.2958984375e+00 4.8828125000e-03 338 1363 1362 337 336 -1 338 -1
4 3.3056640625e+00 4.8828125000e-03 339 1364 1363 338 337 -1 339 -1
4 3.3154296875e+00 4.8828125000e-03 340 1365 1364 339 338 -1 340 -1
4 3.3251953125e+00 4.8828125000e-03 341 1366 1365 340 339 -1 341 -1
4 3.3349609375e+00 4.8828125000e-03 342 1367 1366 341 340 -1 342 -1
4 3.3447265625e+00 4.8828125000e-03 343 1368 1367 342 341 -1 343 -1
4 3.3544921875e+00 4.8828125000e-03 344 1369 1368 343 342 -1 344 -1
4 3.3642578125e+00 4.8828125000e-03 345 1370 1369 344 343 -1 345 -1
4 3.3740234375e+00 4.8828125000e-03 346 1371 1370 345 344 -1 346 -1
4 3.3837890625e+00 4.8828125000e-03 347 1372 1371 346 345 -1 347 -1
4 3.3935546875e+00 4.8828125000e-03 348 1373 1372 347 346 -1 348 -1
4 3.4033203125e+00 4.8828125000e-03 349 1374 1373 348 347 -1 349 -1
4 3.4130859375e+00 4.8828125000e-03 350 1375 1374 349 348 -1 350 -1
4 3.4228515625e+00 4.8828125000e-03 351 1376 1375 350 349 -1 351 -1
4 3.4326171875e+00 4.8828125000e-03 352 1377 1376 351 350 -1 352 -1
4 3.4423828125e+00 4.8828125000e-03 353 1378 1377 352 351 -1 353 -1
4 3.4521484375e+00 4.8828125000e-03 354 1379 1378 353 352 -1 354 -1
4 3.4619140625e+00 4.8828125000e-03 355 1380 1379 354 353 -1 355 -1
4 3.4716796875e+00 4.8828125000e-03 356 1381 1380 355 354 -1 356 -1
4 3.4814453125e+00 4.8828125000e-03 357 1382 1381 356 355 -1 357 -1
4 3.4912109375e+00 4.8828125000e-03 358 1383 1382 357 356 -1 358 -1
4 3.5009765625e+00 4.8828125000e-03 359 1384 1383 358 357 -1 359 -1
4 3.5107421875e+00 4.8828125000e-03 360 1385 1384 359 358 -1 360 -1
4 3.5205078125e+00 4.8828125000e-03 361 1386 1385 360 359 -1 361 -1
4 3.5302734375e+00 4.8828125000e-03 362 1387 1386 361 360 -1 362 -1
4 3.5400390625e+00 4.8828125000e-03 363 1388 1387 362 361 -1 363 -1
4 3.5498046875e+00 4.8828125000e-03 364 1389 1388 363 362 -1 364 -1
4 3.5595703125e+00 4.8828125000e-03 365 1390 1389 364 363 -1 365 -1
4 3.5693359375e+00 4.8828125000e-03 366 1391 1390 365 364 -1 366 -1
4 3.5791015625e+00 4.8828125000e-03 367 1392 1391 366 365 -1 367 -1
4 3.5888671875e+00 4.8828125000e-03 368 1393 1392 367 366 -1 368 -1
4 3.5986328125e+00 4.8828125000e-03 369 1394 1393 368 367 -1 369 -1
4 3.6083984375e+00 4.8828125000e-03 370 1395 1394 369 368 -1 370 -1
4 3.6181640625e+00 4.8828125000e-03 371 1396 1395 370 369 -1 371 -1
4 3.6279296875e+00 4.8828125000e-03 372 1397 1396 371 370 -1 372 -1
4 3.6376953125e+00 4.8828125000e-03 373 1398 1397 372 371 -1 373 -1
4 3.6474609375e+00 4.8828125000e-03 374 1399 1398 373 372 -1 374 -1
4 3.6572265625e+00 4.8828125000e-03 375 1400 1399 374 373 -1 375 -1
4 3.6669921875e+00 4.8828125000e-03 376 1401 1400 375 374 -1 376 -1
4 3.6767578125e+00 4.8828125000e-03 377 1402 1401 376 375 -1 377 -1
4 3.6865234375e+00 4.8828125000e-03 378 1403 1402 377 376 -1 378 -1
4 3.6962890625e+00 4.8828125000e-03 379 1404 1403 378 377 -1 379 -1
4 3.7060546875e+00 4.8828125000e-03 380 1405 1404 379 378 -1 380 -1
4 3.7158203125e+00 4.8828125000e-03 381 1406 1405 380 379 -1 381 -1
4 3.7255859375e+00 4.8828125000e-03 382 1407 1406 381 380 -1 382 -1
4 3.7353515625e+00 4.8828125000e-03 383 1408 1407 382 381 -1 383 -1
4 3.7451171875e+00 4.8828125000e-03 384 1409 1408 383 382 -1 384 -1
4 3.7548828125e+00 4.8828125000e-03 385 1410 1409 384 383 -1 385 -1
4 3.7646484375e+00 4.8828125000e-03 386 1411 1410 385 384 -1 386 -1
4 3.7744140625e+00 4.8828125000e-03 387 1412 1411 386 385 -1 387 -1
4 3.7841796875e+00 4.8828125000e-03 388 1413 1412 387 386 -1 388 -1
4 3.7939453125e+00 4.8828125000e-03 389 1414 1413 388 387 -1 389 -1
4 3.8037109375e+00 4.8828125000e-03 390 1415 1414 389 388 -1 390 -1
4 3.8134765625e+00 4.8828125000e-03 391 1416 1415 390 389 -1 391 -1
4 3.8232421875e+00 4.8828125000e-03 392 1417 1416 391 390 -1 392 -1
4 3.8330078125e+00 4.8828125000e-03 393 1418 1417 392 391 -1 393 -1
4 3.8427734375e+00 4.8828125000e-03 394 1419 1418 393 392 -1 394 -1
4 3.8525390625e+00 4.8828125000e-03 395 1420 1419 394 393 -1 395 -1
4 3.8623046875e+00 4.8828125000e-03 396 1421 1420 395 394 -1 396 -1
4 3.8720703125e+00 4.8828125000e-03 397 1422 1421 396 395 -1 397 -1
4 3.8818359375e+00 4.8828125000e-03 398 1423 1422 397 396 -1 398 -1
4 3.8916015625e+00 4.8828125000e-03 399 1424 1423 398 397 -1 399 -1
4 3.9013671875e+00 4.8828125000e-03 400 1425 1424 399 398 -1 400 -1
4 3.9111328125e+00 4.8828125000e-03 401 1426 1425 400 399 -1 401 -1
4 3.9208984375e+00 4.8828125000e-03 402 1427 1426 401 400 -1 402 -1
4 3.9306640625e+00 4.8828125000e-03 403 1428 1427 402 401 -1 403 -1
4 3.9404296875e+00 4.8828125000e-03 404 1429 1428 403 402 -1 404 -1
4 3.9501953125e+00 4.8828125000e-03 405 1430 1429 404 403 -1 405 -1
4 3.9599609375e+00 4.8828125000e-03 406 1431 1430 405 404 -1 406 -1
4 3.9697265625e+00 4.8828125000e-03 407 1432 1431 406 405 -1 407 -1
4 3.9794921875e+00 4.8828125000e-03 408 1433 1432 407 406 -1 408 -1
4 3.9892578125e+00 4.8828125000e-03 409 1434 1433 408 407 -1 409 -1
4 3.9990234375e+00 4.8828125000e-03 410 1435 1434 409 408 -1 410 -1
4 4.0087890625e+00 4.8828125000e-03 411 1436 1435 410 409 -1 411 -1
4 4.0185546875e+00 4.8828125000e-03 412 1437 1436 411 410 -1 412 -1
4 4.0283203125e+00 4.8828125000e-03 413 1438 1437 412 411 -1 413 -1
4 4.0380859375e+00 4.8828125000e-03 414 1439 1438 413 412 -1 414 -1
4 4.0478515625e+00 4.8828125000e-03 415 1440 1439 414 413 -1 415 -1
4 4.0576171875e+00 4.8828125000e-03 416 1441 1440 415 414 -1 416 -1
4 4.0673828125e+00 4.8828125000e-03 417 1442 1441 416 415 -1 417 -1
4 4.0771484375e+00 4.8828125000e-03 418 1443 1442 417 416 -1 418 -1
4 4.0869140625e+00 4.8828125000e-03 419 1444 1443 418 417 -1 419 -1
4 4.0966796875e+00 4.8828125000e-03 420 1445 1444 419 418 -1 420 -1
4 4.1064453125e+00 4.8828125000e-03 421 1446 1445 420 419 -1 421 -1
4 4.1162109375e+00 4.8828125000e-03 422 1447 1446 421 420 -1 422 -1
4 4.1259765625e+00 4.8828125000e-03 423 1448 1447 422 421 -1 423 -1
4 4.1357421875e+00 4.8828125000e-03 424 1449 1448 423 422 -1 424 -1
4 4.1455078125e+00 4.8828125000e-03 425 1450 1449 424 423 -1 425 -1
4 4.1552734375e+00 4.8828125000e-03 426 1451 1450 425 424 -1 426 -1
4 4.1650390625e+00 4.8828125000e-03 427 1452 1451 426 425 -1 427 -1
4 4.1748046875e+00 4.8828125000e-03 428 1453 1452 427 426 -1 428 -1
4 4.1845703125e+00 4.8828125000e-03 429 1454 1453 428 427 -1 429 -1
4 4.1943359375e+00 4.8828125000e-03 430 1455 1454 429 428 -1 430 -1
4 4.2041015625e+00 4.8828125000e-03 431 1456 1455 430 429 -1 431 -1
4 4.2138671875e+00 4.8828125000e-03 432 1457 1456 431 430 -1 432 -1
4 4.2236328125e+00 4.8828125000e-03 433 1458 1457 432 431 -1 433 -1
4 4.2333984375e+00 4.8828125000e-03 434 1459 1458 433 432 -1 434 -1
4 4.2431640625e+00 4.8828125000e-03 435 1460 1459 434 433 -1 435 -1
4 4.2529296875e+00 4.8828125000e-03 436 1461 1460 435 434 -1 436 -1
4 4.2626953125e+00 4.8828125000e-03 437 1462 1461 436 435 -1 437 -1
4 4.2724609375e+00 4.8828125000e-03 438 1463 1462 437 436 -1 438 -1
4 4.2822265625e+00 4.8828125000e-03 439 1464 1463 438 437 -1 439 -1
4 4.2919921875e+00 4.8828125000e-03 440 1465 1464 439 438 -1 440 -1
4 4.3017578125e+00 4.8828125000e-03 441 1466 1465 440 439 -1 441 -1
4 4.3115234375e+00 4.8828125000e-03 442 1467 1466 441 440 -1 442 -1
4 4.3212890625e+00 4.8828125000e-03 443 1468 1467 442 441 -1 443 -1
4 4.3310546875e+00 4.8828125000e-03 444 1469 1468 443 442 -1 444 -1
4 4.3408203125e+00 4.8828125000e-03 445 1470 1469 444 443 -1 445 -1
4 4.3505859375e+00 4.8828125000e-03 446 1471 1470 445 444 -1 446 -1
4 4.3603515625e+00 4.8828125000e-03 447 1472 1471 446 445 -1 447 -1
4 4.3701171875e+00 4.8828125000e-03 448 1473 1472 447 446 -1 448 -1
4 4.3798828125e+00 4.8828125000e-03 449 1474 1473 448 447 -1 449 -1
4 4.3896484375e+00 4.8828125000e-03 450 1475 1474 449 448 -1 450 -1
4 4.3994140625e+00 4.8828125000e-03 451 1476 1475 450 449 -1 451 -1
4 4.4091796875e+00 4.8828125000e-03 452 1477 1476 451 450 -1 452 -1
4 4.4189453125e+00 4.8828125000e-03 453 1478 1477 452 451 -1 453 -1
4 4.4287109375e+00 4.8828125000e-03 454 1479 1478 453 452 -1 454 -1
4 4.4384765625e+00 4.8828125000e-03 455 1480 1479 454 453 -1 455 -1
4 4.4482421875e+00 4.8828125000e-03 456 1481 1480 455 454 -1 456 -1
4 4.4580078125e+00 4.8828125000e-03 457 1482 1481 456 455 -1 457 -1
4 4.4677734375e+00 4.8828125000e-03 458 1483 1482 457 456 -1 458 -1
4 4.4775390625e+00 4.8828125000e-03 459 1484 1483 458 457 -1 459 -1
4 4.4873046875e+00 4.8828125000e-03 460 1485 1484 459 458 -1 460 -1
4 4.4970703125e+00 4.8828125000e-03 461 1486 1485 460 459 -1 461 -1
4 4.5068359375e+00 4.8828125000e-03 462 1487 1486 461 460 -1 462 -1
4 4.5166015625e+00 4.8828125000e-03 463 1488 1487 462 461 -1 463 -1
4 4.5263671875e+00 4.8828125000e-03 464 1489 1488 463 462 -1 464 -1
4 4.5361328125e+00 4.8828125000e-03 465 1490 1489 464 463 -1 465 -1
4 4.5458984375e+00 4.8828125000e-03 466 1491 1490 465 464 -1 466 -1
4 4.5556640625e+00 4.8828125000e-03 467 1492 1491 466 465 -1 467 -1
4 4.5654296875e+00 4.8828125000e-03 468 1493 1492 467 466 -1 468 -1
4 4.5751953125e+00 4.8828125000e-03 469 1494 1493 468 467 -1 469 -1
4 4.5849609375e+00 4.8828125000e-03 470 1495 1494 469 468 -1 470 -1
4 4.5947265625e+00 4.8828125000e-03 471 1496 1495 470 469 -1 471 -1
4 4.6044921875e+00 4.8828125000e-03 472 1497 1496 471 470 -1 472 -1
4 4.6142578125e+00 4.8828125000e-03 473 1498 1497 472 471 -1 473 -1
4 4.6240234375e+00 4.8828125000e-03 474 1499 1498 473 472 -1 474 -1
4 4.6337890625e+00 4.8828125000e-03 475 1500 1499 474 473 -1 475 -1
4 4.6435546875e+00 4.8828125000e-03 476 1501 1500 475 474 -1 476 -1
4 4.6533203125e+00 4.8828125000e-03 477 1502 1501 476 475 -1 477 -1
4 4.6630859375e+00 4.8828125000e-03 478 1503 1502 477 476 -1 478 -1
4 4.6728515625e+00 4.8828125000e-03 479 1504 1503 478 477 -1 479 -1
4 4.6826171875e+00 4.8828125000e-03 480 1505 1504 479 478 -1 480 -1
4 4.6923828125e+00 4.8828125000e-03 481 1506 1505 480 479 -1 481 -1
4 4.7021484375e+00 4.8828125000e-03 482 1507 1506 481 480 -1 482 -1
4 4.7119140625e+00 4.8828125000e-03 483 1508 1507 482 481 -1 483 -1
4 4.7216796875e+00 4.8828125000e-03 484 1509 1508 483 482 -1 484 -1
4 4.7314453125e+00 4.8828125000e-03 485 1510 1509 484 483 -1 485 -1
4 4.7412109375e+00 4.8828125000e-03 486 1511 1510 485 484 -1 486 -1
4 4.7509765625e+00 4.8828125000e-03 487 1512 1511 486 485 -1 487 -1
4 4.7607421875e+00 4.8828125000e-03 488 1513 1512 487 486 -1 488 -1
4 4.7705078125e+00 4.8828125000e-03 489 1514 1513 488 487 -1 489 -1
4 4.7802734375e+00 4.8828125000e-03 490 1515 1514 489 488 -1 490 -1
4 4.7900390625e+00 4.8828125000e-03 491 1516 1515 490 489 -1 491 -1
4 4.7998046875e+00 4.8828125000e-03 492 1517 1516 491 490 -1 492 -1
4 4.8095703125e+00 4.8828125000e-03 493 1518 1517 492 491 -1 493 -1
4 4.8193359375e+00 4.8828125000e-03 494 1519 1518 493 492 -1 494 -1
4 4.8291015625e+00 4.8828125000e-03 495 1520 1519 494 493 -1 495 -1
4 4.8388671875e+00 4.8828125000e-03 496 1521 1520 495 494 -1 496 -1
4 4.8486328125e+00 4.8828125000e-03 497 1522 1521 496 495 -1 497 -1
4 4.8583984375e+00 4.8828125000e-03 498 1523 1522 497 496 -1 498 -1
4 4.8681640625e+00 4.8828125000e-03 499 1524 1523 498 497 -1 499 -1
4 4.8779296875e+00 4.8828125000e-03 500 1525 1524 499 498 -1 500 -1
4 4.8876953125e+00 4.8828125000e-03 501 1526 1525 500 499 -1 501 -1
4 4.8974609375e+00 4.8828125000e-03 502 1527 1526 501 500 -1 502 -1
4 4.9072265625e+00 4.8828125000e-03 503 1528 1527 502 501 -1 503 -1
4 4.9169921875e+00 4.8828125000e-03 504 1529 1528 503 502 -1 504 -1
4 4.9267578125e+00 4.8828125000e-03 505 1530 1529 504 503 -1 505 -1
4 4.9365234375e+00 4.8828125000e-03 506 1531 1530 505 504 -1 506 -1
4 4.9462890625e+00 4.8828125000e-03 507 1532 1531 506 505 -1 507 -1
4 4.9560546875e+00 4.8828125000e-03 508 1533 1532 507 506 -1 508 -1
4 4.9658203125e+00 4.8828125000e-03 509 1534 1533 508 507 -1 509 -1
4 4.9755859375e+00 4.8828125000e-03 510 1535 1534 509 508 -1 510 -1
4 4.9853515625e+00 4.8828125000e-03 511 1536 1535 510 509 -1 511 -1
4 4.9951171875e+00 4.8828125000e-03 512 1537 1536 511 510 -1 512 -1
4 5.0048828125e+00 4.8828125000e-03 513 1538 1537 512 511 -1 513 -1
4 5.0146484375e+00 4.8828125000e-03 514 1539 1538 513 512 -1 514 -1
4 5.0244140625e+00 4.8828125000e-03 515 1540 1539 514 513 -1 515 -1
4 5.0341796875e+00 4.8828125000e-03 516 1541 1540 515 514 -1 516 -1
4 5.0439453125e+00 4.8828125000e-03 517 1542 1541 516 515 -1 517 -1
4 5.0537109375e+00 4.8828125000e-03 518 1543 1542 517 516 -1 518 -1
4 5.0634765625e+00 4.8828125000e-03 519 1544 1543 518 517 -1 519 -1
4 5.0732421875e+00 4.8828125000e-03 520 1545 1544 519 518 -1 520 -1
4 5.0830078125e+00 4.8828125000e-03 521 1546 1545 520 519 -1 521 -1
4 5.0927734375e+00 4.8828125000e-03 522 1547 1546 521 520 -1 522 -1
4 5.1025390625e+00 4.8828125000e-03 523 1548 1547 522 521 -1 523 -1
4 5.1123046875e+00 4.8828125000e-03 524 1549 1548 523 522 -1 524 -1
4 5.1220703125e+00 4.8828125000e-03 525 1550 1549 524 523 -1 525 -1
4 5.1318359375e+00 4.8828125000e-03 526 1551 1550 525 524 -1 526 -1
4 5.1416015625e+00 4.8828125000e-03 527 1552 1551 526 525 -1 527 -1
4 5.1513671875e+00 4.8828125000e-03 528 1553 1552 527 526 -1 528 -1
4 5.1611328125e+00 4.8828125000e-03 529 1554 1553 528 527 -1 529 -1
4 5.1708984375e+00 4.8828125000e-03 530 1555 1554 529 528 -1 530 -1
4 5.1806640625e+00 4.8828125000e-03 531 1556 1555 530 529 -1 531 -1
4 5.1904296875e+00 4.8828125000e-03 532 1557 1556 531 530 -1 532 -1
4 5.2001953125e+00 4.8828125000e-03 533 1558 1557 532 531 -1 533 -1
4 5.2099609375e+00 4.8828125000e-03 534 1559 1558 533 532 -1 534 -1
4 5.2197265625e+00 4.8828125000e-03 535 1560 1559 534 533 -1 535 -1
4 5.2294921875e+00 4.8828125000e-03 536 1561 1560 535 534 -1 536 -1
4 5.2392578125e+00 4.8828125000e-03 537 1562 1561 536 535 -1 537 -1
4 5.2490234375e+00 4.8828125000e-03 538 1563 1562 537 536 -1 538 -1
4 5.2587890625e+00 4.8828125000e-03 539 1564 1563 538 537 -1 539 -1
4 5.2685546875e+00 4.8828125000e-03 540 1565 1564 539 538 -1 540 -1
4 5.2783203125e+00 4.8828125000e-03 541 1566 1565 540 539 -1 541 -1
4 5.2880859375e+00 4.8828125000e-03 542 1567 1566 541 540 -1 542 -1
4 5.2978515625e+00 4.8828125000e-03 543 1568 1567 542 541 -1 543 -1
4 5.3076171875e+00 4.8828125000e-03 544 1569 1568 543 542 -1 544 -1
4 5.3173828125e+00 4.8828125000e-03 545 1570 1569 544 543 -1 545 -1
4 5.3271484375e+00 4.8828125000e-03 546 1571 1570 545 544 -1 546 -1
4 5.3369140625e+00 4.8828125000e-03 547 1572 1571 546 545 -1 547 -1
4 5.3466796875e+00 4.8828125000e-03 548 1573 1572 547 546 -1 548 -1
4 5.3564453125e+00 4.8828125000e-03 549 1574 1573 548 547 -1 549 -1
4 5.3662109375e+00 4.8828125000e-03 550 1575 1574 549 548 -1 550 -1
4 5.3759765625e+00 4.8828125000e-03 551 1576 1575 550 549 -1 551 -1
4 5.3857421875e+00 4.8828125000e-03 552 1577 1576 551 550 -1 552 -1
4 5.3955078125e+00 4.8828125000e-03 553 1578 1577 552 551 -1 553 -1
4 5.4052734375e+00 4.8828125000e-03 554 1579 1578 553 552 -1 554 -1
4 5.4150390625e+00 4.8828125000e-03 555 1580 1579 554 553 -1 555 -1
4 5.4248046875e+00 4.8828125000e-03 556 1581 1580 555 554 -1 556 -1
4 5.4345703125e+00 4.8828125000e-03 557 1582 1581 556 555 -1 557 -1
4 5.4443359375e+00 4.8828125000e-03 558 1583 1582 557 556 -1 558 -1
4 5.4541015625e+00 4.8828125000e-03 559 1584 1583 558 557 -1 559 -1
4 5.4638671875e+00 4.8828125000e-03 560 1585 1584 559 558 -1 560 -1
4 5.4736328125e+00 4.8828125000e-03 561 1586 1585 560 559 -1 561 -1
4 5.4833984375e+00 4.8828125000e-03 562 1587 1586 561 560 -1 562 -1
4 5.4931640625e+00 4.8828125000e-03 563 1588 1587 562 561 -1 563 -1
4 5.5029296875e+00 4.8828125000e-03 564 1589 1588 563 562 -1 564 -1
4 5.5126953125e+00 4.8828125000e-03 565 1590 1589 564 563 -1 565 -1
4 5.5224609375e+00 4.8828125000e-03 566 1591 1590 565 564 -1 566 -1
4 5.5322265625e+00 4.8828125000e-03 567 1592 1591 566 565 -1 567 -1
4 5.5419921875e+00 4.8828125000e-03 568 1593 1592 567 566 -1 568 -1
4 5.5517578125e+00 4.8828125000e-03 569 1594 1593 568 567 -1 569 -1
4 5.5615234375e+00 4.8828125000e-03 570 1595 1594 569 568 -1 570 -1
4 5.5712890625e+00 4.8828125000e-03 571 1596 1595 570 569 -1 571 -1
4 5.5810546875e+00 4.8828125000e-03 572 1597 1596 571 570 -1 572 -1
4 5.5908203125e+00 4.8828125000e-03 573 1598 1597 572 571 -1 573 -1
4 5.6005859375e+00 4.8828125000e-03 574 1599 1598 573 572 -1 574 -1
4 5.6103515625e+00 4.8828125000e-03 575 1600 1599 574 573 -1 575 -1
4 5.6201171875e+00 4.8828125000e-03 576 1601 1600 575 574 -1 576 -1
4 5.6298828125e+00 4.8828125000e-03 577 1602 1601 576 575 -1 577 -1
4 5.6396484375e+00 4.8828125000e-03 578 1603 1602 577 576 -1 578 -1
4 5.6494140625e+00 4.8828125000e-03 579 1604 1603 578 577 -1 579 -1
4 5.6591796875e+00 4.8828125000e-03 580 1605 1604 579 578 -1 580 -1
4 5.6689453125e+00 4.8828125000e-03 581 1606 1605 580 579 -1 581 -1
4 5.6787109375e+00 4.8828125000e-03 582 1607 1606 581 580 -1 582 -1
4 5.6884765625e+00 4.8828125000e-03 583 1608 1607 582 581 -1 583 -1
4 5.6982421875e+00 4.8828125000e-03 584 1609 1608 583 582 -1 584 -1
4 5.7080078125e+00 4.8828125000e-03 585 1610 1609 584 583 -1 585 -1
4 5.7177734375e+00 4.8828125000e-03 586 1611 1610 585 584 -1 586 -1
4 5.7275390625e+00 4.8828125000e-03 587 1612 1611 586 585 -1 587 -1
4 5.7373046875e+00 4.8828125000e-03 588 1613 1612 587 586 -1 588 -1
4 5.7470703125e+00 4.8828125000e-03 589 1614 1613 588 587 -1 589 -1
4 5.7568359375e+00 4.8828125000e-03 590 1615 1614 589 588 -1 590 -1
4 5.7666015625e+00 4.8828125000e-03 591 1616 1615 590 589 -1 591 -1
4 5.7763671875e+00 4.8828125000e-03 592 1617 1616 591 590 -1 592 -1
4 5.7861328125e+00 4.8828125000e-03 593 1618 1617 592 591 -1 593 -1
4 5.7958984375e+00 4.8828125000e-03 594 1619 1618 593 592 -1 594 -1
4 5.8056640625e+00 4.8828125000e-03 595 1620 1619 594 593 -1 595 -1
4 5.8154296875e+00 4.8828125000e-03 596 1621 1620 595 594 -1 596 -1
4 5.8251953125e+00 4.8828125000e-03 597 1622 1621 596 595 -1 597 -1
4 5.8349609375e+00 4.8828125000e-03 598 1623 1622 597 596 -1 598 -1
4 5.8447265625e+00 4.8828125000e-03 599 1624 1623 598 597 -1 599 -1
4 5.8544921875e+00 4.8828125000e-03 600 1625 1624 599 598 -1 600 -1
4 5.8642578125e+00 4.8828125000e-03 601 1626 1625 600 599 -1 601 -1
4 5.8740234375e+00 4.8828125000e-03 602 1627 1626 601 600 -1 602 -1
4 5.8837890625e+00 4.8828125000e-03 603 1628 1627 602 601 -1 603 -1
4 5.8935546875e+00 4.8828125000e-03 604 1629 1628 603 602 -1 604 -1
4 5.9033203125e+00 4.8828125000e-03 605 1630 1629 604 603 -1 605 -1
4 5.9130859375e+00 4.8828125000e-03 606 1631 1630 605 604 -1 606 -1
4 5.9228515625e+00 4.8828125000e-03 607 1632 1631 606 605 -1 607 -1
4 5.9326171875e+00 4.8828125000e-03 608 1633 1632 607 606 -1 608 -1
4 5.9423828125e+00 4.8828125000e-03 609 1634 1633 608 607 -1 609 -1
4 5.9521484375e+00 4.8828125000e-03 610 1635 1634 609 608 -1 610 -1
4 5.9619140625e+00 4.8828125000e-03 611 1636 1635 610 609 -1 611 -1
4 5.9716796875e+00 4.8828125000e-03 612 1637 1636 611 610 -1 612 -1
4 5.9814453125e+00 4.8828125000e-03 613 1638 1637 612 611 -1 613 -1
4 5.9912109375e+00 4.8828125000e-03 614 1639 1638 613 612 -1 614 -1
4 6.0009765625e+00 4.8828125000e-03 615 1640 1639 614 613 -1 615 -1
4 6.0107421875e+00 4.8828125000e-03 616 1641 1640 615 614 -1 616 -1
4 6.0205078125e+00 4.8828125000e-03 617 1642 1641 616 615 -1 617 -1
4 6.0302734375e+00 4.8828125000e-03 618 1643 1642 617 616 -1 618 -1
4 6.0400390625e+00 4.8828125000e-03 619 1644 1643 618 617 -1 619 -1
4 6.0498046875e+00 4.8828125000e-03 620 1645 1644 619 618 -1 620 -1
4 6.0595703125e+00 4.8828125000e-03 621 1646 1645 620 619 -1 621 -1
4 6.0693359375e+00 4.8828125000e-03 622 1647 1646 621 620 -1 622 -1
4 6.0791015625e+00 4.8828125000e-03 623 1648 1647 622 621 -1 623 -1
4 6.0888671875e+00 4.8828125000e-03 624 1649 1648 623 622 -1 624 -1
4 6.0986328125e+00 4.8828125000e-03 625 1650 1649 624 623 -1 625 -1
4 6.1083984375e+00 4.8828125000e-03 626 1651 1650 625 624 -1 626 -1
4 6.1181640625e+00 4.8828125000e-03 627 1652 1651 626 625 -1 627 -1
4 6.1279296875e+00 4.8828125000e-03 628 1653 1652 627 626 -1 628 -1
4 6.1376953125e+00 4.8828125000e-03 629 1654 1653 628 627 -1 629 -1
4 6.1474609375e+00 4.8828125000e-03 630 1655 1654 629 628 -1 630 -1
4 6.1572265625e+00 4.8828125000e-03 631 1656 1655 630 629 -1 631 -1
4 6.1669921875e+00 4.8828125000e-03 632 1657 1656 631 630 -1 632 -1
4 6.1767578125e+00 4.8828125000e-03 633 1658 1657 632 631 -1 633 -1
4 6.1865234375e+00 4.8828125000e-03 634 1659 1658 633 632 -1 634 -1
4 6.1962890625e+00 4.8828125000e-03 635 1660 1659 634 633 -1 635 -1
4 6.2060546875e+00 4.8828125000e-03 636 1661 1660 635 634 -1 636 -1
4 6.2158203125e+00 4.8828125000e-03 637 1662 1661 636 635 -1 637 -1
4 6.2255859375e+00 4.8828125000e-03 638 1663 1662 637 636 -1 638 -1
4 6.2353515625e+00 4.8828125000e-03 639 1664 1663 638 637 -1 639 -1
4 6.2451171875e+00 4.8828125000e-03 640 1665 1664 639 638 -1 640 -1
4 6.2548828125e+00 4.8828125000e-03 641 1666 1665 640 639 -1 641 -1
4 6.2646484375e+00 4.8828125000e-03 642 1667 1666 641 640 -1 642 -1
4 6.2744140625e+00 4.8828125000e-03 643 1668 1667 642 641 -1 643 -1
4 6.2841796875e+00 4.8828125000e-03 644 1669 1668 643 642 -1 644 -1
4 6.2939453125e+00 4.8828125000e-03 645 1670 1669 644 643 -1 645 -1
4 6.3037109375e+00 4.8828125000e-03 646 1671 1670 645 644 -1 646 -1
4 6.3134765625e+00 4.8828125000e-03 647 1672 1671 646 645 -1 647 -1
4 6.3232421875e+00 4.8828125000e-03 648 1673 1672 647 646 -1 648 -1
4 6.3330078125e+00 4.8828125000e-03 649 1674 1673 648 647 -1 649 -1
4 6.3427734375e+00 4.8828125000e-03 650 1675 1674 649 648 -1 650 -1
4 6.3525390625e+00 4.8828125000e-03 651 1676 1675 650 649 -1 651 -1
4 6.3623046875e+00 4.8828125000e-03 652 1677 1676 651 650 -1 652 -1
4 6.3720703125e+00 4.8828125000e-03 653 1678 1677 652 651 -1 653 -1
4 6.3818359375e+00 4.8828125000e-03 654 1679 1678 653 652 -1 654 -1
4 6.3916015625e+00 4.8828125000e-03 655 1680 1679 654 653 -1 655 -1
4 6.4013671875e+00 4.8828125000e-03 656 1681 1680 655 654 -1 656 -1
4 6.4111328125e+00 4.8828125000e-03 657 1682 1681 656 655 -1 657 -1
4 6.4208984375e+00 4.8828125000e-03 658 1683 1682 657 656 -1 658 -1
4 6.4306640625e+00 4.8828125000e-03 659 1684 1683 658 657 -1 659 -1
4 6.4404296875e+00 4.8828125000e-03 660 1685 1684 659 658 -1 660 -1
4 6.4501953125e+00 4.8828125000e-03 661 1686 1685 660 659 -1 661 -1
4 6.4599609375e+00 4.8828125000e-03 662 1687 1686 661 660 -1 662 -1
4 6.4697265625e+00 4.8828125000e-03 663 1688 1687 662 661 -1 663 -1
4 6.4794921875e+00 4.8828125000e-03 664 1689 1688 663 662 -1 664 -1
4 6.4892578125e+00 4.8828125000e-03 665 1690 1689 664 663 -1 665 -1
4 6.4990234375e+00 4.8828125000e-03 666 1691 1690 665 664 -1 666 -1
4 6.5087890625e+00 4.8828125000e-03 667 1692 1691 666 665 -1 667 -1
4 6.5185546875e+00 4.8828125000e-03 668 1693 1692 667 666 -1 668 -1
4 6.5283203125e+00 4.8828125000e-03 669 1694 1693 668 667 -1 669 -1
4 6.5380859375e+00 4.8828125000e-03 670 1695 1694 669 668 -1 670 -1
4 6.5478515625e+00 4.8828125000e-03 671 1696 1695 670 669 -1 671 -1
4 6.5576171875e+00 4.8828125000e-03 672 1697 1696 671 670 -1 672 -1
4 6.5673828125e+00 4.8828125000e-03 673 1698 1697 672 671 -1 673 -1
4 6.5771484375e+00 4.8828125000e-03 674 1699 1698 673 672 -1 674 -1
4 6.5869140625e+00 4.8828125000e-03 675 1700 1699 674 673 -1 675 -1
4 6.5966796875e+00 4.8828125000e-03 676 1701 1700 675 674 -1 676 -1
4 6.6064453125e+00 4.8828125000e-03 677 1702 1701 676 675 -1 677 -1
4 6.6162109375e+00 4.8828125000e-03 678 1703 1702 677 676 -1 678 -1
4 6.6259765625e+00 4.8828125000e-03 679 1704 1703 678 677 -1 679 -1
4 6.6357421875e+00 4.8828125000e-03 680 1705 1704 679 678 -1 680 -1
4 6.6455078125e+00 4.8828125000e-03 681 1706 1705 680 679 -1 681 -1
4 6.6552734375e+00 4.8828125000e-03 682 1707 1706 681 680 -1 682 -1
4 6.6650390625e+00 4.8828125000e-03 683 1708 1707 682 681 -1 683 -1
4 6.6748046875e+00 4.8828125000e-03 684 1709 1708 683 682 -1 684 -1
4 6.6845703125e+00 4.8828125000e-03 685 1710 1709 684 683 -1 685 -1
4 6.6943359375e+00 4.8828125000e-03 686 1711 1710 685 684 -1 686 -1
4 6.7041015625e+00 4.8828125000e-03 687 1712 1711 686 685 -1 687 -1
4 6.7138671875e+00 4.8828125000e-03 688 1713 1712 687 686 -1 688 -1
4 6.7236328125e+00 4.8828125000e-03 689 1714 1713 688 687 -1 689 -1
4 6.7333984375e+00 4.8828125000e-03 690 1715 1714 689 688 -1 690 -1
4 6.7431640625e+00 4.8828125000e-03 691 1716 1715 690 689 -1 691 -1
4 6.7529296875e+00 4.8828125000e-03 692 1717 1716 691 690 -1 692 -1
4 6.7626953125e+00 4.8828125000e-03 693 1718 1717 692 691 -1 693 -1
4 6.7724609375e+00 4.8828125000e-03 694 1719 1718 693 692 -1 694 -1
4 6.7822265625e+00 4.8828125000e-03 695 1720 1719 694 693 -1 695 -1
4 6.7919921875e+00 4.8828125000e-03 696 1721 1720 695 694 -1 696 -1
4 6.8017578125e+00 4.8828125000e-03 697 1722 1721 696 695 -1 697 -1
4 6.8115234375e+00 4.8828125000e-03 698 1723 1722 697 696 -1 698 -1
4 6.8212890625e+00 4.8828125000e-03 699 1724 1723 698 697 -1 699 -1
4 6.8310546875e+00 4.8828125000e-03 700 1725 1724 699 698 -1 700 -1
4 6.8408203125e+00 4.8828125000e-03 701 1726 1725 700 699 -1 701 -1
4 6.8505859375e+00 4.8828125000e-03 702 1727 1726 701 700 -1 702 -1
4 6.8603515625e+00 4.8828125000e-03 703 1728 1727 702 701 -1 703 -1
4 6.8701171875e+00 4.8828125000e-03 704 1729 1728 703 702 -1 704 -1
4 6.8798828125e+00 4.8828125000e-03 705 1730 1729 704 703 -1 705 -1
4 6.8896484375e+00 4.8828125000e-03 706 1731 1730 705 704 -1 706 -1
4 6.8994140625e+00 4.8828125000e-03 707 1732 1731 706 705 -1 707 -1
4 6.9091796875e+00 4.8828125000e-03 708 1733 1732 707 706 -1 708 -1
4 6.9189453125e+00 4.8828125000e-03 709 1734 1733 708 707 -1 709 -1
4 6.9287109375e+00 4.8828125000e-03 710 1735 1734 709 708 -1 710 -1
4 6.9384765625e+00 4.8828125000e-03 711 1736 1735 710 709 -1 711 -1
4 6.9482421875e+00 4.8828125000e-03 712 1737 1736 711 710 -1 712 -1
4 6.9580078125e+00 4.8828125000e-03 713 1738 1737 712 711 -1 713 -1
4 6.9677734375e+00 4.8828125000e-03 714 1739 1738 713 712 -1 714 -1
4 6.9775390625e+00 4.8828125000e-03 715 1740 1739 714 713 -1 715 -1
4 6.9873046875e+00 4.8828125000e-03 716 1741 1740 715 714 -1 716 -1
4 6.9970703125e+00 4.8828125000e-03 717 1742 1741 716 715 -1 717 -1
4 7.0068359375e+00 4.8828125000e-03 718 1743 1742 717 716 -1 718 -1
4 7.0166015625e+00 4.8828125000e-03 719 1744 1743 718 717 -1 719 -1
4 7.0263671875e+00 4.8828125000e-03 720 1745 1744 719 718 -1 720 -1
4 7.0361328125e+00 4.8828125000e-03 721 1746 1745 720 719 -1 721 -1
4 7.0458984375e+00 4.8828125000e-03 722 1747 1746 721 720 -1 722 -1
4 7.0556640625e+00 4.8828125000e-03 723 1748 1747 722 721 -1 723 -1
4 7.0654296875e+00 4.8828125000e-03 724 1749 1748 723 722 -1 724 -1
4 7.0751953125e+00 4.8828125000e-03 725 1750 1749 724 723 -1 725 -1
4 7.0849609375e+00 4.8828125000e-03 726 1751 1750 725 724 -1 726 -1
4 7.0947265625e+00 4.8828125000e-03 727 1752 1751 726 725 -1 727 -1
4 7.1044921875e+00 4.8828125000e-03 728 1753 1752 727 726 -1 728 -1
4 7.1142578125e+00 4.8828125000e-03 729 1754 1753 728 727 -1 729 -1
4 7.1240234375e+00 4.8828125000e-03 730 1755 1754 729 728 -1 730 -1
4 7.1337890625e+00 4.8828125000e-03 731 1756 1755 730 729 -1 731 -1
4 7.1435546875e+00 4.8828125000e-03 732 1757 1756 731 730 -1 732 -1
4 7.1533203125e+00 4.8828125000e-03 733 1758 1757 732 731 -1 733 -1
4 7.1630859375e+00 4.8828125000e-03 734 1759 1758 733 732 -1 734 -1
4 7.1728515625e+00 4.8828125000e-03 735 1760 1759 734 733 -1 735 -1
4 7.1826171875e+00 4.8828125000e-03 736 1761 1760 735 734 -1 736 -1
4 7.1923828125e+00 4.8828125000e-03 737 1762 1761 736 735 -1 737 -1
4 7.2021484375e+00 4.8828125000e-03 738 1763 1762 737 736 -1 738 -1
4 7.2119140625e+00 4.8828125000e-03 739 1764 1763 738 737 -1 739 -1
4 7.2216796875e+00 4.8828125000e-03 740 1765 1764 739 738 -1 740 -1
4 7.2314453125e+00 4.8828125000e-03 741 1766 1765 740 739 -1 741 -1
4 7.2412109375e+00 4.8828125000e-03 742 1767 1766 741 740 -1 742 -1
4 7.2509765625e+00 4.8828125000e-03 743 1768 1767 742 741 -1 743 -1
4 7.2607421875e+00 4.8828125000e-03 744 1769 1768 743 742 -1 744 -1
4 7.2705078125e+00 4.8828125000e-03 745 1770 1769 744 743 -1 745 -1
4 7.2802734375e+00 4.8828125000e-03 746 1771 1770 745 744 -1 746 -1
4 7.2900390625e+00 4.8828125000e-03 747 1772 1771 746 745 -1 747 -1
4 7.2998046875e+00 4.8828125000e-03 748 1773 1772 747 746 -1 748 -1
4 7.3095703125e+00 4.8828125000e-03 749 1774 1773 748 747 -1 749 -1
4 7.3193359375e+00 4.8828125000e-03 750 1775 1774 749 748 -1 750 -1
4 7.3291015625e+00 4.8828125000e-03 751 1776 1775 750 749 -1 751 -1
4 7.3388671875e+00 4.8828125000e-03 752 1777 1776 751 750 -1 752 -1
4 7.3486328125e+00 4.8828125000e-03 753 1778 1777 752 751 -1 753 -1
4 7.3583984375e+00 4.8828125000e-03 754 1779 1778 753 752 -1 754 -1
4 7.3681640625e+00 4.8828125000e-03 755 1780 1779 754 753 -1 755 -1
4 7.3779296875e+00 4.8828125000e-03 756 1781 1780 755 754 -1 756 -1
4 7.3876953125e+00 4.8828125000e-03 757 1782 1781 756 755 -1 757 -1
4 7.3974609375e+00 4.8828125000e-03 758 1783 1782 757 756 -1 758 -1
4 7.4072265625e+00 4.8828125000e-03 759 1784 1783 758 757 -1 759 -1
4 7.4169921875e+00 4.8828125000e-03 760 1785 1784 759 758 -1 760 -1
4 7.4267578125e+00 4.8828125000e-03 761 1786 1785 760 759 -1 761 -1
4 7.4365234375e+00 4.8828125000e-03 762 1787 1786 761 760 -1 762 -1
4 7.4462890625e+00 4.8828125000e-03 763 1788 1787 762 761 -1 763 -1
4 7.4560546875e+00 4.8828125000e-03 764 1789 1788 763 762 -1 764 -1
4 7.4658203125e+00 4.8828125000e-03 765 1790 1789 764 763 -1 765 -1
4 7.4755859375e+00 4.8828125000e-03 766 1791 1790 765 764 -1 766 -1
4 7.4853515625e+00 4.8828125000e-03 767 1792 1791 766 765 -1 767 -1
4 7.4951171875e+00 4.8828125000e-03 768 1793 1792 767 766 -1 768 -1
4 7.5048828125e+00 4.8828125000e-03 769 1794 1793 768 767 -1 769 -1
4 7.5146484375e+00 4.8828125000e-03 770 1795 1794 769 768 -1 770 -1
4 7.5244140625e+00 4.8828125000e-03 771 1796 1795 770 769 -1 771 -1
4 7.5341796875e+00 4.8828125000e-03 772 1797 1796 771 770 -1 772 -1
4 7.5439453125e+00 4.8828125000e-03 773 1798 1797 772 771 -1 773 -1
4 7.5537109375e+00 4.8828125000e-03 774 1799 1798 773 772 -1 774 -1
4 7.5634765625e+00 4.8828125000e-03 775 1800 1799 774 773 -1 775 -1
4 7.5732421875e+00 4.8828125000e-03 776 1801 1800 775 774 -1 776 -1
4 7.5830078125e+00 4.8828125000e-03 777 1802 1801 776 775 -1 777 -1
4 7.5927734375e+00 4.8828125000e-03 778 1803 1802 777 776 -1 778 -1
4 7.6025390625e+00 4.8828125000e-03 779 1804 1803 778 777 -1 779 -1
4 7.6123046875e+00 4.8828125000e-03 780 1805 1804 779 778 -1 780 -1
4 7.6220703125e+00 4.8828125000e-03 781 1806 1805 780 779 -1 781 -1
4 7.6318359375e+00 4.8828125000e-03 782 1807 1806 781 780 -1 782 -1
4 7.6416015625e+00 4.8828125000e-03 783 1808 1807 782 781 -1 783 -1
4 7.6513671875e+00 4.8828125000e-03 784 1809 1808 783 782 -1 784 -1
4 7.6611328125e+00 4.8828125000e-03 785 1810 1809 784 783 -1 785 -1
4 7.6708984375e+00 4.8828125000e-03 786 1811 1810 785 784 -1 786 -1
4 7.6806640625e+00 4.8828125000e-03 787 1812 1811 786 785 -1 787 -1
4 7.6904296875e+00 4.8828125000e-03 788 1813 1812 787 786 -1 788 -1
4 7.7001953125e+00 4.8828125000e-03 789 1814 1813 788 787 -1 789 -1
4 7.7099609375e+00 4.8828125000e-03 790 1815 1814 789 788 -1 790 -1
4 7.7197265625e+00 4.8828125000e-03 791 1816 1815 790 789 -1 791 -1
4 7.7294921875e+00 4.8828125000e-03 792 1817 1816 791 790 -1 792 -1
4 7.7392578125e+00 4.8828125000e-03 793 1818 1817 792 791 -1 793 -1
4 7.7490234375e+00 4.8828125000e-03 794 1819 1818 793 792 -1 794 -1
4 7.7587890625e+00 4.8828125000e-03 795 1820 1819 794 793 -1 795 -1
4 7.7685546875e+00 4.8828125000e-03 796 1821 1820 795 794 -1 796 -1
4 7.7783203125e+00 4.8828125000e-03 797 1822 1821 796 795 -1 797 -1
4 7.7880859375e+00 4.8828125000e-03 798 1823 1822 797 796 -1 798 -1
4 7.7978515625e+00 4.8828125000e-03 799 1824 1823 798 797 -1 799 -1
4 7.8076171875e+00 4.8828125000e-03 800 1825 1824 799 798 -1 800 -1
4 7.8173828125e+00 4.8828125000e-03 801 1826 1825 800 799 -1 801 -1
4 7.8271484375e+00 4.8828125000e-03 802 1827 1826 801 800 -1 802 -1
4 7.8369140625e+00 4.8828125000e-03 803 1828 1827 802 801 -1 803 -1
4 7.8466796875e+00 4.8828125000e-03 804 1829 1828 803 802 -1 804 -1
4 7.8564453125e+00 4.8828125000e-03 805 1830 1829 804 803 -1 805 -1
4 7.8662109375e+00 4.8828125000e-03 806 1831 1830 805 804 -1 806 -1
4 7.8759765625e+00 4.8828125000e-03 807 1832 1831 806 805 -1 807 -1
4 7.8857421875e+00 4.8828125000e-03 808 1833 1832 807 806 -1 808 -1
4 7.8955078125e+00 4.8828125000e-03 809 1834 1833 808 807 -1 809 -1
4 7.9052734375e+00 4.8828125000e-03 810 1835 1834 809 808 -1 810 -1
4 7.9150390625e+00 4.8828125000e-03 811 1836 1835 810 809 -1 811 -1
4 7.9248046875e+00 4.8828125000e-03 812 1837 1836 811 810 -1 812 -1
4 7.9345703125e+00 4.8828125000e-03 813 1838 1837 812 811 -1 813 -1
4 7.9443359375e+00 4.8828125000e-03 814 1839 1838 813 812 -1 814 -1
4 7.9541015625e+00 4.8828125000e-03 815 1840 1839 814 813 -1 815 -1
4 7.9638671875e+00 4.8828125000e-03 816 1841 1840 815 814 -1 816 -1
4 7.9736328125e+00 4.8828125000e-03 817 1842 1841 816 815 -1 817 -1
4 7.9833984375e+00 4.8828125000e-03 818 1843 1842 817 816 -1 818 -1
4 7.9931640625e+00 4.8828125000e-03 819 1844 1843 818 817 -1 819 -1
4 8.0029296875e+00 4.8828125000e-03 820 1845 1844 819 818 -1 820 -1
4 8.0126953125e+00 4.8828125000e-03 821 1846 1845 820 819 -1 821 -1
4 8.0224609375e+00 4.8828125000e-03 822 1847 1846 821 820 -1 822 -1
4 8.0322265625e+00 4.8828125000e-03 823 1848 1847 822 821 -1 823 -1
4 8.0419921875e+00 4.8828125000e-03 824 1849 1848 823 822 -1 824 -1
4 8.0517578125e+00 4.8828125000e-03 825 1850 1849 824 823 -1 825 -1
4 8.0615234375e+00 4.8828125000e-03 826 1851 1850 825 824 -1 826 -1
4 8.0712890625e+00 4.8828125000e-03 827 1852 1851 826 825 -1 827 -1
4 8.0810546875e+00 4.8828125000e-03 828 1853 1852 827 826 -1 828 -1
4 8.0908203125e+00 4.8828125000e-03 829 1854 1853 828 827 -1 829 -1
4 8.1005859375e+00 4.8828125000e-03 830 1855 1854 829 828 -1 830 -1
4 8.1103515625e+00 4.8828125000e-03 831 1856 1855 830 829 -1 831 -1
4 8.1201171875e+00 4.8828125000e-03 832 1857 1856 831 830 -1 832 -1
4 8.1298828125e+00 4.8828125000e-03 833 1858 1857 832 831 -1 833 -1
4 8.1396484375e+00 4.8828125000e-03 834 1859 1858 833 832 -1 834 -1
4 8.1494140625e+00 4.8828125000e-03 835 1860 1859 834 833 -1 835 -1
4 8.1591796875e+00 4.8828125000e-03 836 1861 1860 835 834 -1 836 -1
4 8.1689453125e+00 4.8828125000e-03 837 1862 1861 836 835 -1 837 -1
4 8.1787109375e+00 4.8828125000e-03 838 1863 1862 837 836 -1 838 -1
4 8.1884765625e+00 4.8828125000e-03 839 1864 1863 838 837 -1 839 -1
4 8.1982421875e+00 4.8828125000e-03 840 1865 1864 839 838 -1 840 -1
4 8.2080078125e+00 4.8828125000e-03 841 1866 1865 840 839 -1 841 -1
4 8.2177734375e+00 4.8828125000e-03 842 1867 1866 841 840 -1 842 -1
4 8.2275390625e+00 4.8828125000e-03 843 1868 1867 842 841 -1 843 -1
4 8.2373046875e+00 4.8828125000e-03 844 1869 1868 843 842 -1 844 -1
4 8.2470703125e+00 4.8828125000e-03 845 1870 1869 844 843 -1 845 -1
4 8.2568359375e+00 4.8828125000e-03 846 1871 1870 845 844 -1 846 -1
4 8.2666015625e+00 4.8828125000e-03 847 1872 1871 846 845 -1 847 -1
4 8.2763671875e+00 4.8828125000e-03 848 1873 1872 847 846 -1 848 -1
4 8.2861328125e+00 4.8828125000e-03 849 1874 1873 848 847 -1 849 -1
4 8.2958984375e+00 4.8828125000e-03 850 1875 1874 849 848 -1 850 -1
4 8.3056640625e+00 4.8828125000e-03 851 1876 1875 850 849 -1 851 -1
4 8.3154296875e+00 4.8828125000e-03 852 1877 1876 851 850 -1 852 -1
4 8.3251953125e+00 4.8828125000e-03 853 1878 1877 852 851 -1 853 -1
4 8.3349609375e+00 4.8828125000e-03 854 1879 1878 853 852 -1 854 -1
4 8.3447265625e+00 4.8828125000e-03 855 1880 1879 854 853 -1 855 -1
4 8.3544921875e+00 4.8828125000e-03 856 1881 1880 855 854 -1 856 -1
4 8.3642578125e+00 4.8828125000e-03 857 1882 1881 856 855 -1 857 -1
4 8.3740234375e+00 4.8828125000e-03 858 1883 1882 857 856 -1 858 -1
4 8.3837890625e+00 4.8828125000e-03 859 1884 1883 858 857 -1 859 -1
4 8.3935546875e+00 4.8828125000e-03 860 1885 1884 859 858 -1 860 -1
4 8.4033203125e+00 4.8828125000e-03 861 1886 1885 860 859 -1 861 -1
4 8.4130859375e+00 4.8828125000e-03 862 1887 1886 861 860 -1 862 -1
4 8.4228515625e+00 4.8828125000e-03 863 1888 1887 862 861 -1 863 -1
4 8.4326171875e+00 4.8828125000e-03 864 1889 1888 863 862 -1 864 -1
4 8.4423828125e+00 4.8828125000e-03 865 1890 1889 864 863 -1 865 -1
4 8.4521484375e+00 4.8828125000e-03 866 1891 1890 865 864 -1 866 -1
4 8.4619140625e+00 4.8828125000e-03 867 1892 1891 866 865 -1 867 -1
4 8.4716796875e+00 4.8828125000e-03 868 1893 1892 867 866 -1 868 -1
4 8.4814453125e+00 4.8828125000e-03 869 1894 1893 868 867 -1 869 -1
4 8.4912109375e+00 4.8828125000e-03 870 1895 1894 869 868 -1 870 -1
4 8.5009765625e+00 4.8828125000e-03 871 1896 1895 870 869 -1 871 -1
4 8.5107421875e+00 4.8828125000e-03 872 1897 1896 871 870 -1 872 -1
4 8.5205078125e+00 4.8828125000e-03 873 1898 1897 872 871 -1 873 -1
4 8.5302734375e+00 4.8828125000e-03 874 1899 1898 873 872 -1 874 -1
4 8.5400390625e+00 4.8828125000e-03 875 1900 1899 874 873 -1 875 -1
4 8.5498046875e+00 4.8828125000e-03 876 1901 1900 875 874 -1 876 -1
4 8.5595703125e+00 4.8828125000e-03 877 1902 1901 876 875 -1 877 -1
4 8.5693359375e+00 4.8828125000e-03 878 1903 1902 877 876 -1 878 -1
4 8.5791015625e+00 4.8828125000e-03 879 1904 1903 878 877 -1 879 -1
4 8.5888671875e+00 4.8828125000e-03 880 1905 1904 879 878 -1 880 -1
4 8.5986328125e+00 4.8828125000e-03 881 1906 1905 880 879 -1 881 -1
4 8.6083984375e+00 4.8828125000e-03 882 1907 1906 881 880 -1 882 -1
4 8.6181640625e+00 4.8828125000e-03 883 1908 1907 882 881 -1 883 -1
4 8.6279296875e+00 4.8828125000e-03 884 1909 1908 883 882 -1 884 -1
4 8.6376953125e+00 4.8828125000e-03 885 1910 1909 884 883 -1 885 -1
4 8.6474609375e+00 4.8828125000e-03 886 1911 1910 885 884 -1 886 -1
4 8.6572265625e+00 4.8828125000e-03 887 1912 1911 886 885 -1 887 -1
4 8.6669921875e+00 4.8828125000e-03 888 1913 1912 887 886 -1 888 -1
4 8.6767578125e+00 4.8828125000e-03 889 1914 1913 888 887 -1 889 -1
4 8.6865234375e+00 4.8828125000e-03 890 1915 1914 889 888 -1 890 -1
4 8.6962890625e+00 4.8828125000e-03 891 1916 1915 890 889 -1 891 -1
4 8.7060546875e+00 4.8828125000e-03 892 1917 1916 891 890 -1 892 -1
4 8.7158203125e+00 4.8828125000e-03 893 1918 1917 892 891 -1 893 -1
4 8.7255859375e+00 4.8828125000e-03 894 1919 1918 893 892 -1 894 -1
4 8.7353515625e+00 4.8828125000e-03 895 1920 1919 894 893 -1 895 -1
4 8.7451171875e+00 4.8828125000e-03 896 1921 1920 895 894 -1 896 -1
4 8.7548828125e+00 4.8828125000e-03 897 1922 1921 896 895 -1 897 -1
4 8.7646484375e+00 4.8828125000e-03 898 1923 1922 897 896 -1 898 -1
4 8.7744140625e+00 4.8828125000e-03 899 1924 1923 898 897 -1 899 -1
4 8.7841796875e+00 4.8828125000e-03 900 1925 1924 899 898 -1 900 -1
4 8.7939453125e+00 4.8828125000e-03 901 1926 1925 900 899 -1 901 -1
4 8.8037109375e+00 4.8828125000e-03 902 1927 1926 901 900 -1 902 -1
4 8.8134765625e+00 4.8828125000e-03 903 1928 1927 902 901 -1 903 -1
4 8.8232421875e+00 4.8828125000e-03 904 1929 1928 903 902 -1 904 -1
4 8.8330078125e+00 4.8828125000e-03 905 1930 1929 904 903 -1 905 -1
4 8.8427734375e+00 4.8828125000e-03 906 1931 1930 905 904 -1 906 -1
4 8.8525390625e+00 4.8828125000e-03 907 1932 1931 906 905 -1 907 -1
4 8.8623046875e+00 4.8828125000e-03 908 1933 1932 907 906 -1 908 -1
4 8.8720703125e+00 4.8828125000e-03 909 1934 1933 908 907 -1 909 -1
4 8.8818359375e+00 4.8828125000e-03 910 1935 1934 909 908 -1 910 -1
4 8.8916015625e+00 4.8828125000e-03 911 1936 1935 910 909 -1 911 -1
4 8.9013671875e+00 4.8828125000e-03 912 1937 1936 911 910 -1 912 -1
4 8.9111328125e+00 4.8828125000e-03 913 1938 1937 912 911 -1 913 -1
4 8.9208984375e+00 4.8828125000e-03 914 1939 1938 913 912 -1 914 -1
4 8.9306640625e+00 4.8828125000e-03 915 1940 1939 914 913 -1 915 -1
4 8.9404296875e+00 4.8828125000e-03 916 1941 1940 915 914 -1 916 -1
4 8.9501953125e+00 4.8828125000e-03 917 1942 1941 916 915 -1 917 -1
4 8.9599609375e+00 4.8828125000e-03 918 1943 1942 917 916 -1 918 -1
4 8.9697265625e+00 4.8828125000e-03 919 1944 1943 918 917 -1 919 -1
4 8.9794921875e+00 4.8828125000e-03 920 1945 1944 919 918 -1 920 -1
4 8.9892578125e+00 4.8828125000e-03 921 1946 1945 920 919 -1 921 -1
4 8.9990234375e+00 4.8828125000e-03 922 1947 1946 921 920 -1 922 -1
4 9.0087890625e+00 4.8828125000e-03 923 1948 1947 922 921 -1 923 -1
4 9.0185546875e+00 4.8828125000e-03 924 1949 1948 923 922 -1 924 -1
4 9.0283203125e+00 4.8828125000e-03 925 1950 1949 924 923 -1 925 -1
4 9.0380859375e+00 4.8828125000e-03 926 1951 1950 925 924 -1 926 -1
4 9.0478515625e+00 4.8828125000e-03 927 1952 1951 926 925 -1 927 -1
4 9.0576171875e+00 4.8828125000e-03 928 1953 1952 927 926 -1 928 -1
4 9.0673828125e+00 4.8828125000e-03 929 1954 1953 928 927 -1 929 -1
4 9.0771484375e+00 4.8828125000e-03 930 1955 1954 929 928 -1 930 -1
4 9.0869140625e+00 4.8828125000e-03 931 1956 1955 930 929 -1 931 -1
4 9.0966796875e+00 4.8828125000e-03 932 1957 1956 931 930 -1 932 -1
4 9.1064453125e+00 4.8828125000e-03 933 1958 1957 932 931 -1 933 -1
4 9.1162109375e+00 4.8828125000e-03 934 1959 1958 933 932 -1 934 -1
4 9.1259765625e+00 4.8828125000e-03 935 1960 1959 934 933 -1 935 -1
4 9.1357421875e+00 4.8828125000e-03 936 1961 1960 935 934 -1 936 -1
4 9.1455078125e+00 4.8828125000e-03 937 1962 1961 936 935 -1 937 -1
4 9.1552734375e+00 4.8828125000e-03 938 1963 1962 937 936 -1 938 -1
4 9.1650390625e+00 4.8828125000e-03 939 1964 1963 938 937 -1 939 -1
4 9.1748046875e+00 4.8828125000e-03 940 1965 1964 939 938 -1 940 -1
4 9.1845703125e+00 4.8828125000e-03 941 1966 1965 940 939 -1 941 -1
4 9.1943359375e+00 4.8828125000e-03 942 1967 1966 941 940 -1 942 -1
4 9.2041015625e+00 4.8828125000e-03 943 1968 1967 942 941 -1 943 -1
4 9.2138671875e+00 4.8828125000e-03 944 1969 1968 943 942 -1 944 -1
4 9.2236328125e+00 4.8828125000e-03 945 1970 1969 944 943 -1 945 -1
4 9.2333984375e+00 4.8828125000e-03 946 1971 1970 945 944 -1 946 -1
4 9.2431640625e+00 4.8828125000e-03 947 1972 1971 946 945 -1 947 -1
4 9.2529296875e+00 4.8828125000e-03 948 1973 1972 947 946 -1 948 -1
4 9.2626953125e+00 4.8828125000e-03 949 1974 1973 948 947 -1 949 -1
4 9.2724609375e+00 4.8828125000e-03 950 1975 1974 949 948 -1 950 -1
4 9.2822265625e+00 4.8828125000e-03 951 1976 1975 950 949 -1 951 -1
4 9.2919921875e+00 4.8828125000e-03 952 1977 1976 951 950 -1 952 -1
4 9.3017578125e+00 4.8828125000e-03 953 1978 1977 952 951 -1 953 -1
4 9.3115234375e+00 4.8828125000e-03 954 1979 1978 953 952 -1 954 -1
4 9.3212890625e+00 4.8828125000e-03 955 1980 1979 954 953 -1 955 -1
4 9.3310546875e+00 4.8828125000e-03 956 1981 1980 955 954 -1 956 -1
4 9.3408203125e+00 4.8828125000e-03 957 1982 1981 956 955 -1 957 -1
4 9.3505859375e+00 4.8828125000e-03 958 1983 1982 957 956 -1 958 -1
4 9.3603515625e+00 4.8828125000e-03 959 1984 1983 958 957 -1 959 -1
4 9.3701171875e+00 4.8828125000e-03 960 1985 1984 959 958 -1 960 -1
4 9.3798828125e+00 4.8828125000e-03 961 1986 1985 960 959 -1 961 -1
4 9.3896484375e+00 4.8828125000e-03 962 1987 1986 961 960 -1 962 -1
4 9.3994140625e+00 4.8828125000e-03 963 1988 1987 962 961 -1 963 -1
4 9.4091796875e+00 4.8828125000e-03 964 1989 1988 963 962 -1 964 -1
4 9.4189453125e+00 4.8828125000e-03 965 1990 1989 964 963 -1 965 -1
4 9.4287109375e+00 4.8828125000e-03 966 1991 1990 965 964 -1 966 -1
4 9.4384765625e+00 4.8828125000e-03 967 1992 1991 966 965 -1 967 -1
4 9.4482421875e+00 4.8828125000e-03 968 1993 1992 967 966 -1 968 -1
4 9.4580078125e+00 4.8828125000e-03 969 1994 1993 968 967 -1 969 -1
4 9.4677734375e+00 4.8828125000e-03 970 1995 1994 969 968 -1 970 -1
4 9.4775390625e+00 4.8828125000e-03 971 1996 1995 970 969 -1 971 -1
4 9.4873046875e+00 4.8828125000e-03 972 1997 1996 971 970 -1 972 -1
4 9.4970703125e+00 4.8828125000e-03 973 1998 1997 972 971 -1 973 -1
4 9.5068359375e+00 4.8828125000e-03 974 1999 1998 973 972 -1 974 -1
4 9.5166015625e+00 4.8828125000e-03 975 2000 1999 974 973 -1 975 -1
4 9.5263671875e+00 4.8828125000e-03 976 2001 2000 975 974 -1 976 -1
4 9.5361328125e+00 4.8828125000e-03 977 2002 2001 976 975 -1 977 -1
4 9.5458984375e+00 4.8828125000e-03 978 2003 2002 977 976 -1 978 -1
4 9.5556640625e+00 4.8828125000e-03 979 2004 2003 978 977 -1 979 -1
4 9.5654296875e+00 4.8828125000e-03 980 2005 2004 979 978 -1 980 -1
4 9.5751953125e+00 4.8828125000e-03 981 2006 2005 980 979 -1 981 -1
4 9.5849609375e+00 4.8828125000e-03 982 2007 2006 981 980 -1 982 -1
4 9.5947265625e+00 4.8828125000e-03 983 2008 2007 982 981 -1 983 -1
4 9.6044921875e+00 4.8828125000e-03 984 2009 2008 983 982 -1 984 -1
4 9.6142578125e+00 4.8828125000e-03 985 2010 2009 984 983 -1 985 -1
4 9.6240234375e+00 4.8828125000e-03 986 2011 2010 985 984 -1 986 -1
4 9.6337890625e+00 4.8828125000e-03 987 2012 2011 986 985 -1 987 -1
4 9.6435546875e+00 4.8828125000e-03 988 2013 2012 987 986 -1 988 -1
4 9.6533203125e+00 4.8828125000e-03 989 2014 2013 988 987 -1 989 -1
4 9.6630859375e+00 4.8828125000e-03 990 2015 2014 989 988 -1 990 -1
4 9.6728515625e+00 4.8828125000e-03 991 2016 2015 990 989 -1 991 -1
4 9.6826171875e+00 4.8828125000e-03 992 2017 2016 991 990 -1 992 -1
4 9.6923828125e+00 4.8828125000e-03 993 2018 2017 992 991 -1 993 -1
4 9.7021484375e+00 4.8828125000e-03 994 2019 2018 993 992 -1 994 -1
4 9.7119140625e+00 4.8828125000e-03 995 2020 2019 994 993 -1 995 -1
4 9.7216796875e+00 4.8828125000e-03 996 2021 2020 995 994 -1 996 -1
4 9.7314453125e+00 4.8828125000e-03 997 2022 2021 996 995 -1 997 -1
4 9.7412109375e+00 4.8828125000e-03 998 2023 2022 997 996 -1 998 -1
4 9.7509765625e+00 4.8828125000e-03 999 2024 2023 998 997 -1 999 -1
4 9.7607421875e+00 4.8828125000e-03 1000 2025 2024 999 998 -1 1000 -1
4 9.7705078125e+00 4.8828125000e-03 1001 2026 2025 1000 999 -1 1001 -1
4 9.7802734375e+00 4.8828125000e-03 1002 2027 2026 1001 1000 -1 1002 -1
4 9.7900390625e+00 4.8828125000e-03 1003 2028 2027 1002 1001 -1 1003 -1
4 9.7998046875e+00 4.8828125000e-03 1004 2029 2028 1003 1002 -1 1004 -1
4 9.8095703125e+00 4.8828125000e-03 1005 2030 2029 1004 1003 -1 1005 -1
4 9.8193359375e+00 4.8828125000e-03 1006 2031 2030 1005 1004 -1 1006 -1
4 9.8291015625e+00 4.8828125000e-03 1007 2032 2031 1006 1005 -1 1007 -1
4 9.8388671875e+00 4.8828125000e-03 1008 2033 2032 1007 1006 -1 1008 -1
4 9.8486328125e+00 4.8828125000e-03 1009 2034 2033 1008 1007 -1 1009 -1
4 9.8583984375e+00 4.8828125000e-03 1010 2035 2034 1009 1008 -1 1010 -1
4 9.8681640625e+00 4.8828125000e-03 1011 2036 2035 1010 1009 -1 1011 -1
4 9.8779296875e+00 4.8828125000e-03 1012 2037 2036 1011 1010 -1 1012 -1
4 9.8876953125e+00 4.8828125000e-03 1013 2038 2037 1012 1011 -1 1013 -1
4 9.8974609375e+00 4.8828125000e-03 1014 2039 2038 1013 1012 -1 1014 -1
4 9.9072265625e+00 4.8828125000e-03 1015 2040 2039 1014 1013 -1 1015 -1
4 9.9169921875e+00 4.8828125000e-03 1016 2041 2040 1015 1014 -1 1016 -1
4 9.9267578125e+00 4.8828125000e-03 1017 2042 2041 1016 1015 -1 1017 -1
4 9.9365234375e+00 4.8828125000e-03 1018 2043 2042 1017 1016 -1 1018 -1
4 9.9462890625e+00 4.8828125000e-03 1019 2044 2043 1018 1017 -1 1019 -1
4 9.9560546875e+00 4.8828125000e-03 1020 2045 2044 1019 1018 -1 1020 -1
4 9.9658203125e+00 4.8828125000e-03 1021 2046 2045 1020 1019 -1 1021 -1
4 9.9755859375e+00 4.8828125000e-03 1022 2047 2046 1021 1020 -1 1022 -1
4 9.9853515625e+00 4.8828125000e-03 1023 2048 2047 1022 1021 -1 1023 -1
4 9.9951171875e+00 4.8828125000e-03 1024 2049 2048 1023 1022 -1 -1 -1
