4 3.1250000000e+01 3.1250000000e+01 1 962 961 0 -1 -1 1 -1
4 9.3750000000e+01 3.1250000000e+01 2 963 962 1 0 -1 2 -1
4 1.5625000000e+02 3.1250000000e+01 3 964 963 2 1 -1 3 -1
4 2.1875000000e+02 3.1250000000e+01 4 965 964 3 2 -1 4 -1
4 2.8125000000e+02 3.1250000000e+01 5 966 965 4 3 -1 5 -1
4 3.4375000000e+02 3.1250000000e+01 6 967 966 5 4 -1 6 -1
4 4.0625000000e+02 3.1250000000e+01 7 968 967 6 5 -1 7 -1
4 4.6875000000e+02 3.1250000000e+01 8 969 968 7 6 -1 8 -1
4 5.3125000000e+02 3.1250000000e+01 9 970 969 8 7 -1 9 -1
4 5.9375000000e+02 3.1250000000e+01 10 971 970 9 8 -1 10 -1
4 6.5625000000e+02 3.1250000000e+01 11 972 971 10 9 -1 11 -1
4 7.1875000000e+02 3.1250000000e+01 12 973 972 11 10 -1 12 -1
4 7.8125000000e+02 3.1250000000e+01 13 974 973 12 11 -1 13 -1
4 8.4375000000e+02 3.1250000000e+01 14 975 974 13 12 -1 14 -1
4 9.0625000000e+02 3.1250000000e+01 15 976 975 14 13 -1 15 -1
4 9.6875000000e+02 3.1250000000e+01 16 977 976 15 14 -1 16 -1
4 1.0312500000e+03 3.1250000000e+01 17 978 977 16 15 -1 17 -1
4 1.0937500000e+03 3.1250000000e+01 18 979 978 17 16 -1 18 -1
4 1.1562500000e+03 3.1250000000e+01 19 980 979 18 17 -1 19 -1
4 1.2187500000e+03 3.1250000000e+01 20 981 980 19 18 -1 20 -1
4 1.2812500000e+03 3.1250000000e+01 21 982 981 20 19 -1 21 -1
4 1.3437500000e+03 3.1250000000e+01 22 983 982 21 20 -1 22 -1
4 1.4062500000e+03 3.1250000000e+01 23 984 983 22 21 -1 23 -1
4 1.4687500000e+03 3.1250000000e+01 24 985 984 23 22 -1 24 -1
4 1.5312500000e+03 3.1250000000e+01 25 986 985 24 23 -1 25 -1
4 1.5937500000e+03 3.1250000000e+01 26 987 986 25 24 -1 26 -1
4 1.6562500000e+03 3.1250000000e+01 27 988 987 26 25 -1 27 -1
4 1.7187500000e+03 3.1250000000e+01 28 989 988 27 26 -1 28 -1
4 1.7812500000e+03 3.1250000000e+01 29 990 989 28 27 -1 29 -1
4 1.8437500000e+03 3.1250000000e+01 30 991 990 29 28 -1 30 -1
4 1.9062500000e+03 3.1250000000e+01 31 992 991 30 29 -1 31 -1
4 1.9687500000e+03 3.1250000000e+01 32 993 992 31 30 -1 32 -1
4 2.0312500000e+03 3.1250000000e+01 33 994 993 32 31 -1 33 -1
4 2.0937500000e+03 3.1250000000e+01 34 995 994 33 32 -1 34 -1
4 2.1562500000e+03 3.1250000000e+01 35 996 995 34 33 -1 35 -1
4 2.2187500000e+03 3.1250000000e+01 36 997 996 35 34 -1 36 -1
4 2.2812500000e+03 3.1250000000e+01 37 998 997 36 35 -1 37 -1
4 2.3437500000e+03 3.1250000000e+01 38 999 998 37 36 -1 38 -1
4 2.4062500000e+03 3.1250000000e+01 39 1000 999 38 37 -1 39 -1
4 2.4687500000e+03 3.1250000000e+01 40 1001 1000 39 38 -1 40 -1
4 2.5312500000e+03 3.1250000000e+01 41 1002 1001 40 39 -1 41 -1
4 2.5937500000e+03 3.1250000000e+01 42 1003 1002 41 40 -1 42 -1
4 2.6562500000e+03 3.1250000000e+01 43 1004 1003 42 41 -1 43 -1
4 2.7187500000e+03 3.1250000000e+01 44 1005 1004 43 42 -1 44 -1
4 2.7812500000e+03 3.1250000000e+01 45 1006 1005 44 43 -1 45 -1
4 2.8437500000e+03 3.1250000000e+01 46 1007 1006 45 44 -1 46 -1
4 2.9062500000e+03 3.1250000000e+01 47 1008 1007 46 45 -1 47 -1
4 2.9687500000e+03 3.1250000000e+01 48 1009 1008 47 46 -1 48 -1
4 3.0312500000e+03 3.1250000000e+01 49 1010 1009 48 47 -1 49 -1
4 3.0937500000e+03 3.1250000000e+01 50 1011 1010 49 48 -1 50 -1
4 3.1562500000e+03 3.1250000000e+01 51 1012 1011 50 49 -1 51 -1
4 3.2187500000e+03 3.1250000000e+01 52 1013 1012 51 50 -1 52 -1
4 3.2812500000e+03 3.1250000000e+01 53 1014 1013 52 51 -1 53 -1
4 3.3437500000e+03 3.1250000000e+01 54 1015 1014 53 52 -1 54 -1
4 3.4062500000e+03 3.1250000000e+01 55 1016 1015 54 53 -1 55 -1
4 3.4687500000e+03 3.1250000000e+01 56 1017 1016 55 54 -1 56 -1
4 3.5312500000e+03 3.1250000000e+01 57 1018 1017 56 55 -1 57 -1
4 3.5937500000e+03 3.1250000000e+01 58 1019 1018 57 56 -1 58 -1
4 3.6562500000e+03 3.1250000000e+01 59 1020 1019 58 57 -1 59 -1
4 3.7187500000e+03 3.1250000000e+01 60 1021 1020 59 58 -1 60 -1
4 3.7812500000e+03 3.1250000000e+01 61 1022 1021 60 59 -1 61 -1
4 3.8437500000e+03 3.1250000000e+01 62 1023 1022 61 60 -1 62 -1
4 3.9062500000e+03 3.1250000000e+01 63 1024 1023 62 61 -1 63 -1
4 3.9687500000e+03 3.1250000000e+01 64 1025 1024 63 62 -1 64 -1
4 4.0312500000e+03 3.1250000000e+01 65 1026 1025 64 63 -1 65 -1
4 4.0937500000e+03 3.1250000000e+01 66 1027 1026 65 64 -1 66 -1
4 4.1562500000e+03 3.1250000000e+01 67 1028 1027 66 65 -1 67 -1
4 4.2187500000e+03 3.1250000000e+01 68 1029 1028 67 66 -1 68 -1
4 4.2812500000e+03 3.1250000000e+01 69 1030 1029 68 67 -1 69 -1
4 4.3437500000e+03 3.1250000000e+01 70 1031 1030 69 68 -1 70 -1
4 4.4062500000e+03 3.1250000000e+01 71 1032 1031 70 69 -1 71 -1
4 4.4687500000e+03 3.1250000000e+01 72 1033 1032 71 70 -1 72 -1
4 4.5312500000e+03 3.1250000000e+01 73 1034 1033 72 71 -1 73 -1
4 4.5937500000e+03 3.1250000000e+01 74 1035 1034 73 72 -1 74 -1
4 4.6562500000e+03 3.1250000000e+01 75 1036 1035 74 73 -1 75 -1
4 4.7187500000e+03 3.1250000000e+01 76 1037 1036 75 74 -1 76 -1
4 4.7812500000e+03 3.1250000000e+01 77 1038 1037 76 75 -1 77 -1
4 4.8437500000e+03 3.1250000000e+01 78 1039 1038 77 76 -1 78 -1
4 4.9062500000e+03 3.1250000000e+01 79 1040 1039 78 77 -1 79 -1
4 4.9687500000e+03 3.1250000000e+01 80 1041 1040 79 78 -1 80 -1
4 5.0312500000e+03 3.1250000000e+01 81 1042 1041 80 79 -1 81 -1
4 5.0937500000e+03 3.1250000000e+01 82 1043 1042 81 80 -1 82 -1
4 5.1562500000e+03 3.1250000000e+01 83 1044 1043 82 81 -1 83 -1
4 5.2187500000e+03 3.1250000000e+01 84 1045 1044 83 82 -1 84 -1
4 5.2812500000e+03 3.1250000000e+01 85 1046 1045 84 83 -1 85 -1
4 5.3437500000e+03 3.1250000000e+01 86 1047 1046 85 84 -1 86 -1
4 5.4062500000e+03 3.1250000000e+01 87 1048 1047 86 85 -1 87 -1
4 5.4687500000e+03 3.1250000000e+01 88 1049 1048 87 86 -1 88 -1
4 5.5312500000e+03 3.1250000000e+01 89 1050 1049 88 87 -1 89 -1
4 5.5937500000e+03 3.1250000000e+01 90 1051 1050 89 88 -1 90 -1
4 5.6562500000e+03 3.1250000000e+01 91 1052 1051 90 89 -1 91 -1
4 5.7187500000e+03 3.1250000000e+01 92 1053 1052 91 90 -1 92 -1
4 5.7812500000e+03 3.1250000000e+01 93 1054 1053 92 91 -1 93 -1
4 5.8437500000e+03 3.1250000000e+01 94 1055 1054 93 92 -1 94 -1
4 5.9062500000e+03 3.1250000000e+01 95 1056 1055 94 93 -1 95 -1
4 5.9687500000e+03 3.1250000000e+01 96 1057 1056 95 94 -1 96 -1
4 6.0312500000e+03 3.1250000000e+01 97 1058 1057 96 95 -1 97 -1
4 6.0937500000e+03 3.1250000000e+01 98 1059 1058 97 96 -1 98 -1
4 6.1562500000e+03 3.1250000000e+01 99 1060 1059 98 97 -1 99 -1
4 6.2187500000e+03 3.1250000000e+01 100 1061 1060 99 98 -1 100 -1
4 6.2812500000e+03 3.1250000000e+01 101 1062 1061 100 99 -1 101 -1
4 6.3437500000e+03 3.1250000000e+01 102 1063 1062 101 100 -1 102 -1
4 6.4062500000e+03 3.1250000000e+01 103 1064 1063 102 101 -1 103 -1
4 6.4687500000e+03 3.1250000000e+01 104 1065 1064 103 102 -1 104 -1
4 6.5312500000e+03 3.1250000000e+01 105 1066 1065 104 103 -1 105 -1
4 6.5937500000e+03 3.1250000000e+01 106 1067 1066 105 104 -1 106 -1
4 6.6562500000e+03 3.1250000000e+01 107 1068 1067 106 105 -1 107 -1
4 6.7187500000e+03 3.1250000000e+01 108 1069 1068 107 106 -1 108 -1
4 6.7812500000e+03 3.1250000000e+01 109 1070 1069 108 107 -1 109 -1
4 6.8437500000e+03 3.1250000000e+01 110 1071 1070 109 108 -1 110 -1
4 6.9062500000e+03 3.1250000000e+01 111 1072 1071 110 109 -1 111 -1
4 6.9687500000e+03 3.1250000000e+01 112 1073 1072 111 110 -1 112 -1
4 7.0312500000e+03 3.1250000000e+01 113 1074 1073 112 111 -1 113 -1
4 7.0937500000e+03 3.1250000000e+01 114 1075 1074 113 112 -1 114 -1
4 7.1562500000e+03 3.1250000000e+01 115 1076 1075 114 113 -1 115 -1
4 7.2187500000e+03 3.1250000000e+01 116 1077 1076 115 114 -1 116 -1
4 7.2812500000e+03 3.1250000000e+01 117 1078 1077 116 115 -1 117 -1
4 7.3437500000e+03 3.1250000000e+01 118 1079 1078 117 116 -1 118 -1
4 7.4062500000e+03 3.1250000000e+01 119 1080 1079 118 117 -1 119 -1
4 7.4687500000e+03 3.1250000000e+01 120 1081 1080 119 118 -1 120 -1
4 7.5312500000e+03 3.1250000000e+01 121 1082 1081 120 119 -1 121 -1
4 7.5937500000e+03 3.1250000000e+01 122 1083 1082 121 120 -1 122 -1
4 7.6562500000e+03 3.1250000000e+01 123 1084 1083 122 121 -1 123 -1
4 7.7187500000e+03 3.1250000000e+01 124 1085 1084 123 122 -1 124 -1
4 7.7812500000e+03 3.1250000000e+01 125 1086 1085 124 123 -1 125 -1
4 7.8437500000e+03 3.1250000000e+01 126 1087 1086 125 124 -1 126 -1
4 7.9062500000e+03 3.1250000000e+01 127 1088 1087 126 125 -1 127 -1
4 7.9687500000e+03 3.1250000000e+01 128 1089 1088 127 126 -1 128 -1
4 8.0312500000e+03 3.1250000000e+01 129 1090 1089 128 127 -1 129 -1
4 8.0937500000e+03 3.1250000000e+01 130 1091 1090 129 128 -1 130 -1
4 8.1562500000e+03 3.1250000000e+01 131 1092 1091 130 129 -1 131 -1
4 8.2187500000e+03 3.1250000000e+01 132 1093 1092 131 130 -1 132 -1
4 8.2812500000e+03 3.1250000000e+01 133 1094 1093 132 131 -1 133 -1
4 8.3437500000e+03 3.1250000000e+01 134 1095 1094 133 132 -1 134 -1
4 8.4062500000e+03 3.1250000000e+01 135 1096 1095 134 133 -1 135 -1
4 8.4687500000e+03 3.1250000000e+01 136 1097 1096 135 134 -1 136 -1
4 8.5312500000e+03 3.1250000000e+01 137 1098 1097 136 135 -1 137 -1
4 8.5937500000e+03 3.1250000000e+01 138 1099 1098 137 136 -1 138 -1
4 8.6562500000e+03 3.1250000000e+01 139 1100 1099 138 137 -1 139 -1
4 8.7187500000e+03 3.1250000000e+01 140 1101 1100 139 138 -1 140 -1
4 8.7812500000e+03 3.1250000000e+01 141 1102 1101 140 139 -1 141 -1
4 8.8437500000e+03 3.1250000000e+01 142 1103 1102 141 140 -1 142 -1
4 8.9062500000e+03 3.1250000000e+01 143 1104 1103 142 141 -1 143 -1
4 8.9687500000e+03 3.1250000000e+01 144 1105 1104 143 142 -1 144 -1
4 9.0312500000e+03 3.1250000000e+01 145 1106 1105 144 143 -1 145 -1
4 9.0937500000e+03 3.1250000000e+01 146 1107 1106 145 144 -1 146 -1
4 9.1562500000e+03 3.1250000000e+01 147 1108 1107 146 145 -1 147 -1
4 9.2187500000e+03 3.1250000000e+01 148 1109 1108 147 146 -1 148 -1
4 9.2812500000e+03 3.1250000000e+01 149 1110 1109 148 147 -1 149 -1
4 9.3437500000e+03 3.1250000000e+01 150 1111 1110 149 148 -1 150 -1
4 9.4062500000e+03 3.1250000000e+01 151 1112 1111 150 149 -1 151 -1
4 9.4687500000e+03 3.1250000000e+01 152 1113 1112 151 150 -1 152 -1
4 9.5312500000e+03 3.1250000000e+01 153 1114 1113 152 151 -1 153 -1
4 9.5937500000e+03 3.1250000000e+01 154 1115 1114 153 152 -1 154 -1
4 9.6562500000e+03 3.1250000000e+01 155 1116 1115 154 153 -1 155 -1
4 9.7187500000e+03 3.1250000000e+01 156 1117 1116 155 154 -1 156 -1
4 9.7812500000e+03 3.1250000000e+01 157 1118 1117 156 155 -1 157 -1
4 9.8437500000e+03 3.1250000000e+01 158 1119 1118 157 156 -1 158 -1
4 9.9062500000e+03 3.1250000000e+01 159 1120 1119 158 157 -1 159 -1
4 9.9687500000e+03 3.1250000000e+01 160 1121 1120 159 158 -1 160 -1
4 1.0031250000e+04 3.1250000000e+01 161 1122 1121 160 159 -1 161 -1
4 1.0093750000e+04 3.1250000000e+01 162 1123 1122 161 160 -1 162 -1
4 1.0156250000e+04 3.1250000000e+01 163 1124 1123 162 161 -1 163 -1
4 1.0218750000e+04 3.1250000000e+01 164 1125 1124 163 162 -1 164 -1
4 1.0281250000e+04 3.1250000000e+01 165 1126 1125 164 163 -1 165 -1
4 1.0343750000e+04 3.1250000000e+01 166 1127 1126 165 164 -1 166 -1
4 1.0406250000e+04 3.1250000000e+01 167 1128 1127 166 165 -1 167 -1
4 1.0468750000e+04 3.1250000000e+01 168 1129 1128 167 166 -1 168 -1
4 1.0531250000e+04 3.1250000000e+01 169 1130 1129 168 167 -1 169 -1
4 1.0593750000e+04 3.1250000000e+01 170 1131 1130 169 168 -1 170 -1
4 1.0656250000e+04 3.1250000000e+01 171 1132 1131 170 169 -1 171 -1
4 1.0718750000e+04 3.1250000000e+01 172 1133 1132 171 170 -1 172 -1
4 1.0781250000e+04 3.1250000000e+01 173 1134 1133 172 171 -1 173 -1
4 1.0843750000e+04 3.1250000000e+01 174 1135 1134 173 172 -1 174 -1
4 1.0906250000e+04 3.1250000000e+01 175 1136 1135 174 173 -1 175 -1
4 1.0968750000e+04 3.1250000000e+01 176 1137 1136 175 174 -1 176 -1
4 1.1031250000e+04 3.1250000000e+01 177 1138 1137 176 175 -1 177 -1
4 1.1093750000e+04 3.1250000000e+01 178 1139 1138 177 176 -1 178 -1
4 1.1156250000e+04 3.1250000000e+01 179 1140 1139 178 177 -1 179 -1
4 1.1218750000e+04 3.1250000000e+01 180 1141 1140 179 178 -1 180 -1
4 1.1281250000e+04 3.1250000000e+01 181 1142 1141 180 179 -1 181 -1
4 1.1343750000e+04 3.1250000000e+01 182 1143 1142 181 180 -1 182 -1
4 1.1406250000e+04 3.1250000000e+01 183 1144 1143 182 181 -1 183 -1
4 1.1468750000e+04 3.1250000000e+01 184 1145 1144 183 182 -1 184 -1
4 1.1531250000e+04 3.1250000000e+01 185 1146 1145 184 183 -1 185 -1
4 1.1593750000e+04 3.1250000000e+01 186 1147 1146 185 184 -1 186 -1
4 1.1656250000e+04 3.1250000000e+01 187 1148 1147 186 185 -1 187 -1
4 1.1718750000e+04 3.1250000000e+01 188 1149 1148 187 186 -1 188 -1
4 1.1781250000e+04 3.1250000000e+01 189 1150 1149 188 187 -1 189 -1
4 1.1843750000e+04 3.1250000000e+01 190 1151 1150 189 188 -1 190 -1
4 1.1906250000e+04 3.1250000000e+01 191 1152 1151 190 189 -1 191 -1
4 1.1968750000e+04 3.1250000000e+01 192 1153 1152 191 190 -1 192 -1
4 1.2031250000e+04 3.1250000000e+01 193 1154 1153 192 191 -1 193 -1
4 1.2093750000e+04 3.1250000000e+01 194 1155 1154 193 192 -1 194 -1
4 1.2156250000e+04 3.1250000000e+01 195 1156 1155 194 193 -1 195 -1
4 1.2218750000e+04 3.1250000000e+01 196 1157 1156 195 194 -1 196 -1
4 1.2281250000e+04 3.1250000000e+01 197 1158 1157 196 195 -1 197 -1
4 1.2343750000e+04 3.1250000000e+01 198 1159 1158 197 196 -1 198 -1
4 1.2406250000e+04 3.1250000000e+01 199 1160 1159 198 197 -1 199 -1
4 1.2468750000e+04 3.1250000000e+01 200 1161 1160 199 198 -1 200 -1
4 1.2531250000e+04 3.1250000000e+01 201 1162 1161 200 199 -1 201 -1
4 1.2593750000e+04 3.1250000000e+01 202 1163 1162 201 200 -1 202 -1
4 1.2656250000e+04 3.1250000000e+01 203 1164 1163 202 201 -1 203 -1
4 1.2718750000e+04 3.1250000000e+01 204 1165 1164 203 202 -1 204 -1
4 1.2781250000e+04 3.1250000000e+01 205 1166 1165 204 203 -1 205 -1
4 1.2843750000e+04 3.1250000000e+01 206 1167 1166 205 204 -1 206 -1
4 1.2906250000e+04 3.1250000000e+01 207 1168 1167 206 205 -1 207 -1
4 1.2968750000e+04 3.1250000000e+01 208 1169 1168 207 206 -1 208 -1
4 1.3031250000e+04 3.1250000000e+01 209 1170 1169 208 207 -1 209 -1
4 1.3093750000e+04 3.1250000000e+01 210 1171 1170 209 208 -1 210 -1
4 1.3156250000e+04 3.1250000000e+01 211 1172 1171 210 209 -1 211 -1
4 1.3218750000e+04 3.1250000000e+01 212 1173 1172 211 210 -1 212 -1
4 1.3281250000e+04 3.1250000000e+01 213 1174 1173 212 211 -1 213 -1
4 1.3343750000e+04 3.1250000000e+01 214 1175 1174 213 212 -1 214 -1
4 1.3406250000e+04 3.1250000000e+01 215 1176 1175 214 213 -1 215 -1
4 1.3468750000e+04 3.1250000000e+01 216 1177 1176 215 214 -1 216 -1
4 1.3531250000e+04 3.1250000000e+01 217 1178 1177 216 215 -1 217 -1
4 1.3593750000e+04 3.1250000000e+01 218 1179 1178 217 216 -1 218 -1
4 1.3656250000e+04 3.1250000000e+01 219 1180 1179 218 217 -1 219 -1
4 1.3718750000e+04 3.1250000000e+01 220 1181 1180 219 218 -1 220 -1
4 1.3781250000e+04 3.1250000000e+01 221 1182 1181 220 219 -1 221 -1
4 1.3843750000e+04 3.1250000000e+01 222 1183 1182 221 220 -1 222 -1
4 1.3906250000e+04 3.1250000000e+01 223 1184 1183 222 221 -1 223 -1
4 1.3968750000e+04 3.1250000000e+01 224 1185 1184 223 222 -1 224 -1
4 1.4031250000e+04 3.1250000000e+01 225 1186 1185 224 223 -1 225 -1
4 1.4093750000e+04 3.1250000000e+01 226 1187 1186 225 224 -1 226 -1
4 1.4156250000e+04 3.1250000000e+01 227 1188 1187 226 225 -1 227 -1
4 1.4218750000e+04 3.1250000000e+01 228 1189 1188 227 226 -1 228 -1
4 1.4281250000e+04 3.1250000000e+01 229 1190 1189 228 227 -1 229 -1
4 1.4343750000e+04 3.1250000000e+01 230 1191 1190 229 228 -1 230 -1
4 1.4406250000e+04 3.1250000000e+01 231 1192 1191 230 229 -1 231 -1
4 1.4468750000e+04 3.1250000000e+01 232 1193 1192 231 230 -1 232 -1
4 1.4531250000e+04 3.1250000000e+01 233 1194 1193 232 231 -1 233 -1
4 1.4593750000e+04 3.1250000000e+01 234 1195 1194 233 232 -1 234 -1
4 1.4656250000e+04 3.1250000000e+01 235 1196 1195 234 233 -1 235 -1
4 1.4718750000e+04 3.1250000000e+01 236 1197 1196 235 234 -1 236 -1
4 1.4781250000e+04 3.1250000000e+01 237 1198 1197 236 235 -1 237 -1
4 1.4843750000e+04 3.1250000000e+01 238 1199 1198 237 236 -1 238 -1
4 1.4906250000e+04 3.1250000000e+01 239 1200 1199 238 237 -1 239 -1
4 1.4968750000e+04 3.1250000000e+01 240 1201 1200 239 238 -1 240 -1
4 1.5031250000e+04 3.1250000000e+01 241 1202 1201 240 239 -1 241 -1
4 1.5093750000e+04 3.1250000000e+01 242 1203 1202 241 240 -1 242 -1
4 1.5156250000e+04 3.1250000000e+01 243 1204 1203 242 241 -1 243 -1
4 1.5218750000e+04 3.1250000000e+01 244 1205 1204 243 242 -1 244 -1
4 1.5281250000e+04 3.1250000000e+01 245 1206 1205 244 243 -1 245 -1
4 1.5343750000e+04 3.1250000000e+01 246 1207 1206 245 244 -1 246 -1
4 1.5406250000e+04 3.1250000000e+01 247 1208 1207 246 245 -1 247 -1
4 1.5468750000e+04 3.1250000000e+01 248 1209 1208 247 246 -1 248 -1
4 1.5531250000e+04 3.1250000000e+01 249 1210 1209 248 247 -1 249 -1
4 1.5593750000e+04 3.1250000000e+01 250 1211 1210 249 248 -1 250 -1
4 1.5656250000e+04 3.1250000000e+01 251 1212 1211 250 249 -1 251 -1
4 1.5718750000e+04 3.1250000000e+01 252 1213 1212 251 250 -1 252 -1
4 1.5781250000e+04 3.1250000000e+01 253 1214 1213 252 251 -1 253 -1
4 1.5843750000e+04 3.1250000000e+01 254 1215 1214 253 252 -1 254 -1
4 1.5906250000e+04 3.1250000000e+01 255 1216 1215 254 253 -1 255 -1
4 1.5968750000e+04 3.1250000000e+01 256 1217 1216 255 254 -1 256 -1
4 1.6031250000e+04 3.1250000000e+01 257 1218 1217 256 255 -1 257 -1
4 1.6093750000e+04 3.1250000000e+01 258 1219 1218 257 256 -1 258 -1
4 1.6156250000e+04 3.1250000000e+01 259 1220 1219 258 257 -1 259 -1
4 1.6218750000e+04 3.1250000000e+01 260 1221 1220 259 258 -1 260 -1
4 1.6281250000e+04 3.1250000000e+01 261 1222 1221 260 259 -1 261 -1
4 1.6343750000e+04 3.1250000000e+01 262 1223 1222 261 260 -1 262 -1
4 1.6406250000e+04 3.1250000000e+01 263 1224 1223 262 261 -1 263 -1
4 1.6468750000e+04 3.1250000000e+01 264 1225 1224 263 262 -1 264 -1
4 1.6531250000e+04 3.1250000000e+01 265 1226 1225 264 263 -1 265 -1
4 1.6593750000e+04 3.1250000000e+01 266 1227 1226 265 264 -1 266 -1
4 1.6656250000e+04 3.1250000000e+01 267 1228 1227 266 265 -1 267 -1
4 1.6718750000e+04 3.1250000000e+01 268 1229 1228 267 266 -1 268 -1
4 1.6781250000e+04 3.1250000000e+01 269 1230 1229 268 267 -1 269 -1
4 1.6843750000e+04 3.1250000000e+01 270 1231 1230 269 268 -1 270 -1
4 1.6906250000e+04 3.1250000000e+01 271 1232 1231 270 269 -1 271 -1
4 1.6968750000e+04 3.1250000000e+01 272 1233 1232 271 270 -1 272 -1
4 1.7031250000e+04 3.1250000000e+01 273 1234 1233 272 271 -1 273 -1
4 1.7093750000e+04 3.1250000000e+01 274 1235 1234 273 272 -1 274 -1
4 1.7156250000e+04 3.1250000000e+01 275 1236 1235 274 273 -1 275 -1
4 1.7218750000e+04 3.1250000000e+01 276 1237 1236 275 274 -1 276 -1
4 1.7281250000e+04 3.1250000000e+01 277 1238 1237 276 275 -1 277 -1
4 1.7343750000e+04 3.1250000000e+01 278 1239 1238 277 276 -1 278 -1
4 1.7406250000e+04 3.1250000000e+01 279 1240 1239 278 277 -1 279 -1
4 1.7468750000e+04 3.1250000000e+01 280 1241 1240 279 278 -1 280 -1
4 1.7531250000e+04 3.1250000000e+01 281 1242 1241 280 279 -1 281 -1
4 1.7593750000e+04 3.1250000000e+01 282 1243 1242 281 280 -1 282 -1
4 1.7656250000e+04 3.1250000000e+01 283 1244 1243 282 281 -1 283 -1
4 1.7718750000e+04 3.1250000000e+01 284 1245 1244 283 282 -1 284 -1
4 1.7781250000e+04 3.1250000000e+01 285 1246 1245 284 283 -1 285 -1
4 1.7843750000e+04 3.1250000000e+01 286 1247 1246 285 284 -1 286 -1
4 1.7906250000e+04 3.1250000000e+01 287 1248 1247 286 285 -1 287 -1
4 1.7968750000e+04 3.1250000000e+01 288 1249 1248 287 286 -1 288 -1
4 1.8031250000e+04 3.1250000000e+01 289 1250 1249 288 287 -1 289 -1
4 1.8093750000e+04 3.1250000000e+01 290 1251 1250 289 288 -1 290 -1
4 1.8156250000e+04 3.1250000000e+01 291 1252 1251 290 289 -1 291 -1
4 1.8218750000e+04 3.1250000000e+01 292 1253 1252 291 290 -1 292 -1
4 1.8281250000e+04 3.1250000000e+01 293 1254 1253 292 291 -1 293 -1
4 1.8343750000e+04 3.1250000000e+01 294 1255 1254 293 292 -1 294 -1
4 1.8406250000e+04 3.1250000000e+01 295 1256 1255 294 293 -1 295 -1
4 1.8468750000e+04 3.1250000000e+01 296 1257 1256 295 294 -1 296 -1
4 1.8531250000e+04 3.1250000000e+01 297 1258 1257 296 295 -1 297 -1
4 1.8593750000e+04 3.1250000000e+01 298 1259 1258 297 296 -1 298 -1
4 1.8656250000e+04 3.1250000000e+01 299 1260 1259 298 297 -1 299 -1
4 1.8718750000e+04 3.1250000000e+01 300 1261 1260 299 298 -1 300 -1
4 1.8781250000e+04 3.1250000000e+01 301 1262 1261 300 299 -1 301 -1
4 1.8843750000e+04 3.1250000000e+01 302 1263 1262 301 300 -1 302 -1
4 1.8906250000e+04 3.1250000000e+01 303 1264 1263 302 301 -1 303 -1
4 1.8968750000e+04 3.1250000000e+01 304 1265 1264 303 302 -1 304 -1
4 1.9031250000e+04 3.1250000000e+01 305 1266 1265 304 303 -1 305 -1
4 1.9093750000e+04 3.1250000000e+01 306 1267 1266 305 304 -1 306 -1
4 1.9156250000e+04 3.1250000000e+01 307 1268 1267 306 305 -1 307 -1
4 1.9218750000e+04 3.1250000000e+01 308 1269 1268 307 306 -1 308 -1
4 1.9281250000e+04 3.1250000000e+01 309 1270 1269 308 307 -1 309 -1
4 1.9343750000e+04 3.1250000000e+01 310 1271 1270 309 308 -1 310 -1
4 1.9406250000e+04 3.1250000000e+01 311 1272 1271 310 309 -1 311 -1
4 1.9468750000e+04 3.1250000000e+01 312 1273 1272 311 310 -1 312 -1
4 1.9531250000e+04 3.1250000000e+01 313 1274 1273 312 311 -1 313 -1
4 1.9593750000e+04 3.1250000000e+01 314 1275 1274 313 312 -1 314 -1
4 1.9656250000e+04 3.1250000000e+01 315 1276 1275 314 313 -1 315 -1
4 1.9718750000e+04 3.1250000000e+01 316 1277 1276 315 314 -1 316 -1
4 1.9781250000e+04 3.1250000000e+01 317 1278 1277 316 315 -1 317 -1
4 1.9843750000e+04 3.1250000000e+01 318 1279 1278 317 316 -1 318 -1
4 1.9906250000e+04 3.1250000000e+01 319 1280 1279 318 317 -1 319 -1
4 1.9968750000e+04 3.1250000000e+01 320 1281 1280 319 318 -1 320 -1
4 2.0031250000e+04 3.1250000000e+01 321 1282 1281 320 319 -1 321 -1
4 2.0093750000e+04 3.1250000000e+01 322 1283 1282 321 320 -1 322 -1
4 2.0156250000e+04 3.1250000000e+01 323 1284 1283 322 321 -1 323 -1
4 2.0218750000e+04 3.1250000000e+01 324 1285 1284 323 322 -1 324 -1
4 2.0281250000e+04 3.1250000000e+01 325 1286 1285 324 323 -1 325 -1
4 2.0343750000e+04 3.1250000000e+01 326 1287 1286 325 324 -1 326 -1
4 2.0406250000e+04 3.1250000000e+01 327 1288 1287 326 325 -1 327 -1
4 2.0468750000e+04 3.1250000000e+01 328 1289 1288 327 326 -1 328 -1
4 2.0531250000e+04 3.1250000000e+01 329 1290 1289 328 327 -1 329 -1
4 2.0593750000e+04 3.1250000000e+01 330 1291 1290 329 328 -1 330 -1
4 2.0656250000e+04 3.1250000000e+01 331 1292 1291 330 329 -1 331 -1
4 2.0718750000e+04 3.1250000000e+01 332 1293 1292 331 330 -1 332 -1
4 2.0781250000e+04 3.1250000000e+01 333 1294 1293 332 331 -1 333 -1
4 2.0843750000e+04 3.1250000000e+01 334 1295 1294 333 332 -1 334 -1
4 2.0906250000e+04 3.1250000000e+01 335 1296 1295 334 333 -1 335 -1
4 2.0968750000e+04 3.1250000000e+01 336 1297 1296 335 334 -1 336 -1
4 2.1031250000e+04 3.1250000000e+01 337 1298 1297 336 335 -1 337 -1
4 2.1093750000e+04 3.1250000000e+01 338 1299 1298 337 336 -1 338 -1
4 2.1156250000e+04 3.1250000000e+01 339 1300 1299 338 337 -1 339 -1
4 2.1218750000e+04 3.1250000000e+01 340 1301 1300 339 338 -1 340 -1
4 2.1281250000e+04 3.1250000000e+01 341 1302 1301 340 339 -1 341 -1
4 2.1343750000e+04 3.1250000000e+01 342 1303 1302 341 340 -1 342 -1
4 2.1406250000e+04 3.1250000000e+01 343 1304 1303 342 341 -1 343 -1
4 2.1468750000e+04 3.1250000000e+01 344 1305 1304 343 342 -1 344 -1
4 2.1531250000e+04 3.1250000000e+01 345 1306 1305 344 343 -1 345 -1
4 2.1593750000e+04 3.1250000000e+01 346 1307 1306 345 344 -1 346 -1
4 2.1656250000e+04 3.1250000000e+01 347 1308 1307 346 345 -1 347 -1
4 2.1718750000e+04 3.1250000000e+01 348 1309 1308 347 346 -1 348 -1
4 2.1781250000e+04 3.1250000000e+01 349 1310 1309 348 347 -1 349 -1
4 2.1843750000e+04 3.1250000000e+01 350 1311 1310 349 348 -1 350 -1
4 2.1906250000e+04 3.1250000000e+01 351 1312 1311 350 349 -1 351 -1
4 2.1968750000e+04 3.1250000000e+01 352 1313 1312 351 350 -1 352 -1
4 2.2031250000e+04 3.1250000000e+01 353 1314 1313 352 351 -1 353 -1
4 2.2093750000e+04 3.1250000000e+01 354 1315 1314 353 352 -1 354 -1
4 2.2156250000e+04 3.1250000000e+01 355 1316 1315 354 353 -1 355 -1
4 2.2218750000e+04 3.1250000000e+01 356 1317 1316 355 354 -1 356 -1
4 2.2281250000e+04 3.1250000000e+01 357 1318 1317 356 355 -1 357 -1
4 2.2343750000e+04 3.1250000000e+01 358 1319 1318 357 356 -1 358 -1
4 2.2406250000e+04 3.1250000000e+01 359 1320 1319 358 357 -1 359 -1
4 2.2468750000e+04 3.1250000000e+01 360 1321 1320 359 358 -1 360 -1
4 2.2531250000e+04 3.1250000000e+01 361 1322 1321 360 359 -1 361 -1
4 2.2593750000e+04 3.1250000000e+01 362 1323 1322 361 360 -1 362 -1
4 2.2656250000e+04 3.1250000000e+01 363 1324 1323 362 361 -1 363 -1
4 2.2718750000e+04 3.1250000000e+01 364 1325 1324 363 362 -1 364 -1
4 2.2781250000e+04 3.1250000000e+01 365 1326 1325 364 363 -1 365 -1
4 2.2843750000e+04 3.1250000000e+01 366 1327 1326 365 364 -1 366 -1
4 2.2906250000e+04 3.1250000000e+01 367 1328 1327 366 365 -1 367 -1
4 2.2968750000e+04 3.1250000000e+01 368 1329 1328 367 366 -1 368 -1
4 2.3031250000e+04 3.1250000000e+01 369 1330 1329 368 367 -1 369 -1
4 2.3093750000e+04 3.1250000000e+01 370 1331 1330 369 368 -1 370 -1
4 2.3156250000e+04 3.1250000000e+01 371 1332 1331 370 369 -1 371 -1
4 2.3218750000e+04 3.1250000000e+01 372 1333 1332 371 370 -1 372 -1
4 2.3281250000e+04 3.1250000000e+01 373 1334 1333 372 371 -1 373 -1
4 2.3343750000e+04 3.1250000000e+01 374 1335 1334 373 372 -1 374 -1
4 2.3406250000e+04 3.1250000000e+01 375 1336 1335 374 373 -1 375 -1
4 2.3468750000e+04 3.1250000000e+01 376 1337 1336 375 374 -1 376 -1
4 2.3531250000e+04 3.1250000000e+01 377 1338 1337 376 375 -1 377 -1
4 2.3593750000e+04 3.1250000000e+01 378 1339 1338 377 376 -1 378 -1
4 2.3656250000e+04 3.1250000000e+01 379 1340 1339 378 377 -1 379 -1
4 2.3718750000e+04 3.1250000000e+01 380 1341 1340 379 378 -1 380 -1
4 2.3781250000e+04 3.1250000000e+01 381 1342 1341 380 379 -1 381 -1
4 2.3843750000e+04 3.1250000000e+01 382 1343 1342 381 380 -1 382 -1
4 2.3906250000e+04 3.1250000000e+01 383 1344 1343 382 381 -1 383 -1
4 2.3968750000e+04 3.1250000000e+01 384 1345 1344 383 382 -1 384 -1
4 2.4031250000e+04 3.1250000000e+01 385 1346 1345 384 383 -1 385 -1
4 2.4093750000e+04 3.1250000000e+01 386 1347 1346 385 384 -1 386 -1
4 2.4156250000e+04 3.1250000000e+01 387 1348 1347 386 385 -1 387 -1
4 2.4218750000e+04 3.1250000000e+01 388 1349 1348 387 386 -1 388 -1
4 2.4281250000e+04 3.1250000000e+01 389 1350 1349 388 387 -1 389 -1
4 2.4343750000e+04 3.1250000000e+01 390 1351 1350 389 388 -1 390 -1
4 2.4406250000e+04 3.1250000000e+01 391 1352 1351 390 389 -1 391 -1
4 2.4468750000e+04 3.1250000000e+01 392 1353 1352 391 390 -1 392 -1
4 2.4531250000e+04 3.1250000000e+01 393 1354 1353 392 391 -1 393 -1
4 2.4593750000e+04 3.1250000000e+01 394 1355 1354 393 392 -1 394 -1
4 2.4656250000e+04 3.1250000000e+01 395 1356 1355 394 393 -1 395 -1
4 2.4718750000e+04 3.1250000000e+01 396 1357 1356 395 394 -1 396 -1
4 2.4781250000e+04 3.1250000000e+01 397 1358 1357 396 395 -1 397 -1
4 2.4843750000e+04 3.1250000000e+01 398 1359 1358 397 396 -1 398 -1
4 2.4906250000e+04 3.1250000000e+01 399 1360 1359 398 397 -1 399 -1
4 2.4968750000e+04 3.1250000000e+01 400 1361 1360 399 398 -1 400 -1
4 2.5031250000e+04 3.1250000000e+01 401 1362 1361 400 399 -1 401 -1
4 2.5093750000e+04 3.1250000000e+01 402 1363 1362 401 400 -1 402 -1
4 2.5156250000e+04 3.1250000000e+01 403 1364 1363 402 401 -1 403 -1
4 2.5218750000e+04 3.1250000000e+01 404 1365 1364 403 402 -1 404 -1
4 2.5281250000e+04 3.1250000000e+01 405 1366 1365 404 403 -1 405 -1
4 2.5343750000e+04 3.1250000000e+01 406 1367 1366 405 404 -1 406 -1
4 2.5406250000e+04 3.1250000000e+01 407 1368 1367 406 405 -1 407 -1
4 2.5468750000e+04 3.1250000000e+01 408 1369 1368 407 406 -1 408 -1
4 2.5531250000e+04 3.1250000000e+01 409 1370 1369 408 407 -1 409 -1
4 2.5593750000e+04 3.1250000000e+01 410 1371 1370 409 408 -1 410 -1
4 2.5656250000e+04 3.1250000000e+01 411 1372 1371 410 409 -1 411 -1
4 2.5718750000e+04 3.1250000000e+01 412 1373 1372 411 410 -1 412 -1
4 2.5781250000e+04 3.1250000000e+01 413 1374 1373 412 411 -1 413 -1
4 2.5843750000e+04 3.1250000000e+01 414 1375 1374 413 412 -1 414 -1
4 2.5906250000e+04 3.1250000000e+01 415 1376 1375 414 413 -1 415 -1
4 2.5968750000e+04 3.1250000000e+01 416 1377 1376 415 414 -1 416 -1
4 2.6031250000e+04 3.1250000000e+01 417 1378 1377 416 415 -1 417 -1
4 2.6093750000e+04 3.1250000000e+01 418 1379 1378 417 416 -1 418 -1
4 2.6156250000e+04 3.1250000000e+01 419 1380 1379 418 417 -1 419 -1
4 2.6218750000e+04 3.1250000000e+01 420 1381 1380 419 418 -1 420 -1
4 2.6281250000e+04 3.1250000000e+01 421 1382 1381 420 419 -1 421 -1
4 2.6343750000e+04 3.1250000000e+01 422 1383 1382 421 420 -1 422 -1
4 2.6406250000e+04 3.1250000000e+01 423 1384 1383 422 421 -1 423 -1
4 2.6468750000e+04 3.1250000000e+01 424 1385 1384 423 422 -1 424 -1
4 2.6531250000e+04 3.1250000000e+01 425 1386 1385 424 423 -1 425 -1
4 2.6593750000e+04 3.1250000000e+01 426 1387 1386 425 424 -1 426 -1
4 2.6656250000e+04 3.1250000000e+01 427 1388 1387 426 425 -1 427 -1
4 2.6718750000e+04 3.1250000000e+01 428 1389 1388 427 426 -1 428 -1
4 2.6781250000e+04 3.1250000000e+01 429 1390 1389 428 427 -1 429 -1
4 2.6843750000e+04 3.1250000000e+01 430 1391 1390 429 428 -1 430 -1
4 2.6906250000e+04 3.1250000000e+01 431 1392 1391 430 429 -1 431 -1
4 2.6968750000e+04 3.1250000000e+01 432 1393 1392 431 430 -1 432 -1
4 2.7031250000e+04 3.1250000000e+01 433 1394 1393 432 431 -1 433 -1
4 2.7093750000e+04 3.1250000000e+01 434 1395 1394 433 432 -1 434 -1
4 2.7156250000e+04 3.1250000000e+01 435 1396 1395 434 433 -1 435 -1
4 2.7218750000e+04 3.1250000000e+01 436 1397 1396 435 434 -1 436 -1
4 2.7281250000e+04 3.1250000000e+01 437 1398 1397 436 435 -1 437 -1
4 2.7343750000e+04 3.1250000000e+01 438 1399 1398 437 436 -1 438 -1
4 2.7406250000e+04 3.1250000000e+01 439 1400 1399 438 437 -1 439 -1
4 2.7468750000e+04 3.1250000000e+01 440 1401 1400 439 438 -1 440 -1
4 2.7531250000e+04 3.1250000000e+01 441 1402 1401 440 439 -1 441 -1
4 2.7593750000e+04 3.1250000000e+01 442 1403 1402 441 440 -1 442 -1
4 2.7656250000e+04 3.1250000000e+01 443 1404 1403 442 441 -1 443 -1
4 2.7718750000e+04 3.1250000000e+01 444 1405 1404 443 442 -1 444 -1
4 2.7781250000e+04 3.1250000000e+01 445 1406 1405 444 443 -1 445 -1
4 2.7843750000e+04 3.1250000000e+01 446 1407 1406 445 444 -1 446 -1
4 2.7906250000e+04 3.1250000000e+01 447 1408 1407 446 445 -1 447 -1
4 2.7968750000e+04 3.1250000000e+01 448 1409 1408 447 446 -1 448 -1
4 2.8031250000e+04 3.1250000000e+01 449 1410 1409 448 447 -1 449 -1
4 2.8093750000e+04 3.1250000000e+01 450 1411 1410 449 448 -1 450 -1
4 2.8156250000e+04 3.1250000000e+01 451 1412 1411 450 449 -1 451 -1
4 2.8218750000e+04 3.1250000000e+01 452 1413 1412 451 450 -1 452 -1
4 2.8281250000e+04 3.1250000000e+01 453 1414 1413 452 451 -1 453 -1
4 2.8343750000e+04 3.1250000000e+01 454 1415 1414 453 452 -1 454 -1
4 2.8406250000e+04 3.1250000000e+01 455 1416 1415 454 453 -1 455 -1
4 2.8468750000e+04 3.1250000000e+01 456 1417 1416 455 454 -1 456 -1
4 2.8531250000e+04 3.1250000000e+01 457 1418 1417 456 455 -1 457 -1
4 2.8593750000e+04 3.1250000000e+01 458 1419 1418 457 456 -1 458 -1
4 2.8656250000e+04 3.1250000000e+01 459 1420 1419 458 457 -1 459 -1
4 2.8718750000e+04 3.1250000000e+01 460 1421 1420 459 458 -1 460 -1
4 2.8781250000e+04 3.1250000000e+01 461 1422 1421 460 459 -1 461 -1
4 2.8843750000e+04 3.1250000000e+01 462 1423 1422 461 460 -1 462 -1
4 2.8906250000e+04 3.1250000000e+01 463 1424 1423 462 461 -1 463 -1
4 2.8968750000e+04 3.1250000000e+01 464 1425 1424 463 462 -1 464 -1
4 2.9031250000e+04 3.1250000000e+01 465 1426 1425 464 463 -1 465 -1
4 2.9093750000e+04 3.1250000000e+01 466 1427 1426 465 464 -1 466 -1
4 2.9156250000e+04 3.1250000000e+01 467 1428 1427 466 465 -1 467 -1
4 2.9218750000e+04 3.1250000000e+01 468 1429 1428 467 466 -1 468 -1
4 2.9281250000e+04 3.1250000000e+01 469 1430 1429 468 467 -1 469 -1
4 2.9343750000e+04 3.1250000000e+01 470 1431 1430 469 468 -1 470 -1
4 2.9406250000e+04 3.1250000000e+01 471 1432 1431 470 469 -1 471 -1
4 2.9468750000e+04 3.1250000000e+01 472 1433 1432 471 470 -1 472 -1
4 2.9531250000e+04 3.1250000000e+01 473 1434 1433 472 471 -1 473 -1
4 2.9593750000e+04 3.1250000000e+01 474 1435 1434 473 472 -1 474 -1
4 2.9656250000e+04 3.1250000000e+01 475 1436 1435 474 473 -1 475 -1
4 2.9718750000e+04 3.1250000000e+01 476 1437 1436 475 474 -1 476 -1
4 2.9781250000e+04 3.1250000000e+01 477 1438 1437 476 475 -1 477 -1
4 2.9843750000e+04 3.1250000000e+01 478 1439 1438 477 476 -1 478 -1
4 2.9906250000e+04 3.1250000000e+01 479 1440 1439 478 477 -1 479 -1
4 2.9968750000e+04 3.1250000000e+01 480 1441 1440 479 478 -1 480 -1
4 3.0031250000e+04 3.1250000000e+01 481 1442 1441 480 479 -1 481 -1
4 3.0093750000e+04 3.1250000000e+01 482 1443 1442 481 480 -1 482 -1
4 3.0156250000e+04 3.1250000000e+01 483 1444 1443 482 481 -1 483 -1
4 3.0218750000e+04 3.1250000000e+01 484 1445 1444 483 482 -1 484 -1
4 3.0281250000e+04 3.1250000000e+01 485 1446 1445 484 483 -1 485 -1
4 3.0343750000e+04 3.1250000000e+01 486 1447 1446 485 484 -1 486 -1
4 3.0406250000e+04 3.1250000000e+01 487 1448 1447 486 485 -1 487 -1
4 3.0468750000e+04 3.1250000000e+01 488 1449 1448 487 486 -1 488 -1
4 3.0531250000e+04 3.1250000000e+01 489 1450 1449 488 487 -1 489 -1
4 3.0593750000e+04 3.1250000000e+01 490 1451 1450 489 488 -1 490 -1
4 3.0656250000e+04 3.1250000000e+01 491 1452 1451 490 489 -1 491 -1
4 3.0718750000e+04 3.1250000000e+01 492 1453 1452 491 490 -1 492 -1
4 3.0781250000e+04 3.1250000000e+01 493 1454 1453 492 491 -1 493 -1
4 3.0843750000e+04 3.1250000000e+01 494 1455 1454 493 492 -1 494 -1
4 3.0906250000e+04 3.1250000000e+01 495 1456 1455 494 493 -1 495 -1
4 3.0968750000e+04 3.1250000000e+01 496 1457 1456 495 494 -1 496 -1
4 3.1031250000e+04 3.1250000000e+01 497 1458 1457 496 495 -1 497 -1
4 3.1093750000e+04 3.1250000000e+01 498 1459 1458 497 496 -1 498 -1
4 3.1156250000e+04 3.1250000000e+01 499 1460 1459 498 497 -1 499 -1
4 3.1218750000e+04 3.1250000000e+01 500 1461 1460 499 498 -1 500 -1
4 3.1281250000e+04 3.1250000000e+01 501 1462 1461 500 499 -1 501 -1
4 3.1343750000e+04 3.1250000000e+01 502 1463 1462 501 500 -1 502 -1
4 3.1406250000e+04 3.1250000000e+01 503 1464 1463 502 501 -1 503 -1
4 3.1468750000e+04 3.1250000000e+01 504 1465 1464 503 502 -1 504 -1
4 3.1531250000e+04 3.1250000000e+01 505 1466 1465 504 503 -1 505 -1
4 3.1593750000e+04 3.1250000000e+01 506 1467 1466 505 504 -1 506 -1
4 3.1656250000e+04 3.1250000000e+01 507 1468 1467 506 505 -1 507 -1
4 3.1718750000e+04 3.1250000000e+01 508 1469 1468 507 506 -1 508 -1
4 3.1781250000e+04 3.1250000000e+01 509 1470 1469 508 507 -1 509 -1
4 3.1843750000e+04 3.1250000000e+01 510 1471 1470 509 508 -1 510 -1
4 3.1906250000e+04 3.1250000000e+01 511 1472 1471 510 509 -1 511 -1
4 3.1968750000e+04 3.1250000000e+01 512 1473 1472 511 510 -1 512 -1
4 3.2031250000e+04 3.1250000000e+01 513 1474 1473 512 511 -1 513 -1
4 3.2093750000e+04 3.1250000000e+01 514 1475 1474 513 512 -1 514 -1
4 3.2156250000e+04 3.1250000000e+01 515 1476 1475 514 513 -1 515 -1
4 3.2218750000e+04 3.1250000000e+01 516 1477 1476 515 514 -1 516 -1
4 3.2281250000e+04 3.1250000000e+01 517 1478 1477 516 515 -1 517 -1
4 3.2343750000e+04 3.1250000000e+01 518 1479 1478 517 516 -1 518 -1
4 3.2406250000e+04 3.1250000000e+01 519 1480 1479 518 517 -1 519 -1
4 3.2468750000e+04 3.1250000000e+01 520 1481 1480 519 518 -1 520 -1
4 3.2531250000e+04 3.1250000000e+01 521 1482 1481 520 519 -1 521 -1
4 3.2593750000e+04 3.1250000000e+01 522 1483 1482 521 520 -1 522 -1
4 3.2656250000e+04 3.1250000000e+01 523 1484 1483 522 521 -1 523 -1
4 3.2718750000e+04 3.1250000000e+01 524 1485 1484 523 522 -1 524 -1
4 3.2781250000e+04 3.1250000000e+01 525 1486 1485 524 523 -1 525 -1
4 3.2843750000e+04 3.1250000000e+01 526 1487 1486 525 524 -1 526 -1
4 3.2906250000e+04 3.1250000000e+01 527 1488 1487 526 525 -1 527 -1
4 3.2968750000e+04 3.1250000000e+01 528 1489 1488 527 526 -1 528 -1
4 3.3031250000e+04 3.1250000000e+01 529 1490 1489 528 527 -1 529 -1
4 3.3093750000e+04 3.1250000000e+01 530 1491 1490 529 528 -1 530 -1
4 3.3156250000e+04 3.1250000000e+01 531 1492 1491 530 529 -1 531 -1
4 3.3218750000e+04 3.1250000000e+01 532 1493 1492 531 530 -1 532 -1
4 3.3281250000e+04 3.1250000000e+01 533 1494 1493 532 531 -1 533 -1
4 3.3343750000e+04 3.1250000000e+01 534 1495 1494 533 532 -1 534 -1
4 3.3406250000e+04 3.1250000000e+01 535 1496 1495 534 533 -1 535 -1
4 3.3468750000e+04 3.1250000000e+01 536 1497 1496 535 534 -1 536 -1
4 3.3531250000e+04 3.1250000000e+01 537 1498 1497 536 535 -1 537 -1
4 3.3593750000e+04 3.1250000000e+01 538 1499 1498 537 536 -1 538 -1
4 3.3656250000e+04 3.1250000000e+01 539 1500 1499 538 537 -1 539 -1
4 3.3718750000e+04 3.1250000000e+01 540 1501 1500 539 538 -1 540 -1
4 3.3781250000e+04 3.1250000000e+01 541 1502 1501 540 539 -1 541 -1
4 3.3843750000e+04 3.1250000000e+01 542 1503 1502 541 540 -1 542 -1
4 3.3906250000e+04 3.1250000000e+01 543 1504 1503 542 541 -1 543 -1
4 3.3968750000e+04 3.1250000000e+01 544 1505 1504 543 542 -1 544 -1
4 3.4031250000e+04 3.1250000000e+01 545 1506 1505 544 543 -1 545 -1
4 3.4093750000e+04 3.1250000000e+01 546 1507 1506 545 544 -1 546 -1
4 3.4156250000e+04 3.1250000000e+01 547 1508 1507 546 545 -1 547 -1
4 3.4218750000e+04 3.1250000000e+01 548 1509 1508 547 546 -1 548 -1
4 3.4281250000e+04 3.1250000000e+01 549 1510 1509 548 547 -1 549 -1
4 3.4343750000e+04 3.1250000000e+01 550 1511 1510 549 548 -1 550 -1
4 3.4406250000e+04 3.1250000000e+01 551 1512 1511 550 549 -1 551 -1
4 3.4468750000e+04 3.1250000000e+01 552 1513 1512 551 550 -1 552 -1
4 3.4531250000e+04 3.1250000000e+01 553 1514 1513 552 551 -1 553 -1
4 3.4593750000e+04 3.1250000000e+01 554 1515 1514 553 552 -1 554 -1
4 3.4656250000e+04 3.1250000000e+01 555 1516 1515 554 553 -1 555 -1
4 3.4718750000e+04 3.1250000000e+01 556 1517 1516 555 554 -1 556 -1
4 3.4781250000e+04 3.1250000000e+01 557 1518 1517 556 555 -1 557 -1
4 3.4843750000e+04 3.1250000000e+01 558 1519 1518 557 556 -1 558 -1
4 3.4906250000e+04 3.1250000000e+01 559 1520 1519 558 557 -1 559 -1
4 3.4968750000e+04 3.1250000000e+01 560 1521 1520 559 558 -1 560 -1
4 3.5031250000e+04 3.1250000000e+01 561 1522 1521 560 559 -1 561 -1
4 3.5093750000e+04 3.1250000000e+01 562 1523 1522 561 560 -1 562 -1
4 3.5156250000e+04 3.1250000000e+01 563 1524 1523 562 561 -1 563 -1
4 3.5218750000e+04 3.1250000000e+01 564 1525 1524 563 562 -1 564 -1
4 3.5281250000e+04 3.1250000000e+01 565 1526 1525 564 563 -1 565 -1
4 3.5343750000e+04 3.1250000000e+01 566 1527 1526 565 564 -1 566 -1
4 3.5406250000e+04 3.1250000000e+01 567 1528 1527 566 565 -1 567 -1
4 3.5468750000e+04 3.1250000000e+01 568 1529 1528 567 566 -1 568 -1
4 3.5531250000e+04 3.1250000000e+01 569 1530 1529 568 567 -1 569 -1
4 3.5593750000e+04 3.1250000000e+01 570 1531 1530 569 568 -1 570 -1
4 3.5656250000e+04 3.1250000000e+01 571 1532 1531 570 569 -1 571 -1
4 3.5718750000e+04 3.1250000000e+01 572 1533 1532 571 570 -1 572 -1
4 3.5781250000e+04 3.1250000000e+01 573 1534 1533 572 571 -1 573 -1
4 3.5843750000e+04 3.1250000000e+01 574 1535 1534 573 572 -1 574 -1
4 3.5906250000e+04 3.1250000000e+01 575 1536 1535 574 573 -1 575 -1
4 3.5968750000e+04 3.1250000000e+01 576 1537 1536 575 574 -1 576 -1
4 3.6031250000e+04 3.1250000000e+01 577 1538 1537 576 575 -1 577 -1
4 3.6093750000e+04 3.1250000000e+01 578 1539 1538 577 576 -1 578 -1
4 3.6156250000e+04 3.1250000000e+01 579 1540 1539 578 577 -1 579 -1
4 3.6218750000e+04 3.1250000000e+01 580 1541 1540 579 578 -1 580 -1
4 3.6281250000e+04 3.1250000000e+01 581 1542 1541 580 579 -1 581 -1
4 3.6343750000e+04 3.1250000000e+01 582 1543 1542 581 580 -1 582 -1
4 3.6406250000e+04 3.1250000000e+01 583 1544 1543 582 581 -1 583 -1
4 3.6468750000e+04 3.1250000000e+01 584 1545 1544 583 582 -1 584 -1
4 3.6531250000e+04 3.1250000000e+01 585 1546 1545 584 583 -1 585 -1
4 3.6593750000e+04 3.1250000000e+01 586 1547 1546 585 584 -1 586 -1
4 3.6656250000e+04 3.1250000000e+01 587 1548 1547 586 585 -1 587 -1
4 3.6718750000e+04 3.1250000000e+01 588 1549 1548 587 586 -1 588 -1
4 3.6781250000e+04 3.1250000000e+01 589 1550 1549 588 587 -1 589 -1
4 3.6843750000e+04 3.1250000000e+01 590 1551 1550 589 588 -1 590 -1
4 3.6906250000e+04 3.1250000000e+01 591 1552 1551 590 589 -1 591 -1
4 3.6968750000e+04 3.1250000000e+01 592 1553 1552 591 590 -1 592 -1
4 3.7031250000e+04 3.1250000000e+01 593 1554 1553 592 591 -1 593 -1
4 3.7093750000e+04 3.1250000000e+01 594 1555 1554 593 592 -1 594 -1
4 3.7156250000e+04 3.1250000000e+01 595 1556 1555 594 593 -1 595 -1
4 3.7218750000e+04 3.1250000000e+01 596 1557 1556 595 594 -1 596 -1
4 3.7281250000e+04 3.1250000000e+01 597 1558 1557 596 595 -1 597 -1
4 3.7343750000e+04 3.1250000000e+01 598 1559 1558 597 596 -1 598 -1
4 3.7406250000e+04 3.1250000000e+01 599 1560 1559 598 597 -1 599 -1
4 3.7468750000e+04 3.1250000000e+01 600 1561 1560 599 598 -1 600 -1
4 3.7531250000e+04 3.1250000000e+01 601 1562 1561 600 599 -1 601 -1
4 3.7593750000e+04 3.1250000000e+01 602 1563 1562 601 600 -1 602 -1
4 3.7656250000e+04 3.1250000000e+01 603 1564 1563 602 601 -1 603 -1
4 3.7718750000e+04 3.1250000000e+01 604 1565 1564 603 602 -1 604 -1
4 3.7781250000e+04 3.1250000000e+01 605 1566 1565 604 603 -1 605 -1
4 3.7843750000e+04 3.1250000000e+01 606 1567 1566 605 604 -1 606 -1
4 3.7906250000e+04 3.1250000000e+01 607 1568 1567 606 605 -1 607 -1
4 3.7968750000e+04 3.1250000000e+01 608 1569 1568 607 606 -1 608 -1
4 3.8031250000e+04 3.1250000000e+01 609 1570 1569 608 607 -1 609 -1
4 3.8093750000e+04 3.1250000000e+01 610 1571 1570 609 608 -1 610 -1
4 3.8156250000e+04 3.1250000000e+01 611 1572 1571 610 609 -1 611 -1
4 3.8218750000e+04 3.1250000000e+01 612 1573 1572 611 610 -1 612 -1
4 3.8281250000e+04 3.1250000000e+01 613 1574 1573 612 611 -1 613 -1
4 3.8343750000e+04 3.1250000000e+01 614 1575 1574 613 612 -1 614 -1
4 3.8406250000e+04 3.1250000000e+01 615 1576 1575 614 613 -1 615 -1
4 3.8468750000e+04 3.1250000000e+01 616 1577 1576 615 614 -1 616 -1
4 3.8531250000e+04 3.1250000000e+01 617 1578 1577 616 615 -1 617 -1
4 3.8593750000e+04 3.1250000000e+01 618 1579 1578 617 616 -1 618 -1
4 3.8656250000e+04 3.1250000000e+01 619 1580 1579 618 617 -1 619 -1
4 3.8718750000e+04 3.1250000000e+01 620 1581 1580 619 618 -1 620 -1
4 3.8781250000e+04 3.1250000000e+01 621 1582 1581 620 619 -1 621 -1
4 3.8843750000e+04 3.1250000000e+01 622 1583 1582 621 620 -1 622 -1
4 3.8906250000e+04 3.1250000000e+01 623 1584 1583 622 621 -1 623 -1
4 3.8968750000e+04 3.1250000000e+01 624 1585 1584 623 622 -1 624 -1
4 3.9031250000e+04 3.1250000000e+01 625 1586 1585 624 623 -1 625 -1
4 3.9093750000e+04 3.1250000000e+01 626 1587 1586 625 624 -1 626 -1
4 3.9156250000e+04 3.1250000000e+01 627 1588 1587 626 625 -1 627 -1
4 3.9218750000e+04 3.1250000000e+01 628 1589 1588 627 626 -1 628 -1
4 3.9281250000e+04 3.1250000000e+01 629 1590 1589 628 627 -1 629 -1
4 3.9343750000e+04 3.1250000000e+01 630 1591 1590 629 628 -1 630 -1
4 3.9406250000e+04 3.1250000000e+01 631 1592 1591 630 629 -1 631 -1
4 3.9468750000e+04 3.1250000000e+01 632 1593 1592 631 630 -1 632 -1
4 3.9531250000e+04 3.1250000000e+01 633 1594 1593 632 631 -1 633 -1
4 3.9593750000e+04 3.1250000000e+01 634 1595 1594 633 632 -1 634 -1
4 3.9656250000e+04 3.1250000000e+01 635 1596 1595 634 633 -1 635 -1
4 3.9718750000e+04 3.1250000000e+01 636 1597 1596 635 634 -1 636 -1
4 3.9781250000e+04 3.1250000000e+01 637 1598 1597 636 635 -1 637 -1
4 3.9843750000e+04 3.1250000000e+01 638 1599 1598 637 636 -1 638 -1
4 3.9906250000e+04 3.1250000000e+01 639 1600 1599 638 637 -1 639 -1
4 3.9968750000e+04 3.1250000000e+01 640 1601 1600 639 638 -1 640 -1
4 4.0031250000e+04 3.1250000000e+01 641 1602 1601 640 639 -1 641 -1
4 4.0093750000e+04 3.1250000000e+01 642 1603 1602 641 640 -1 642 -1
4 4.0156250000e+04 3.1250000000e+01 643 1604 1603 642 641 -1 643 -1
4 4.0218750000e+04 3.1250000000e+01 644 1605 1604 643 642 -1 644 -1
4 4.0281250000e+04 3.1250000000e+01 645 1606 1605 644 643 -1 645 -1
4 4.0343750000e+04 3.1250000000e+01 646 1607 1606 645 644 -1 646 -1
4 4.0406250000e+04 3.1250000000e+01 647 1608 1607 646 645 -1 647 -1
4 4.0468750000e+04 3.1250000000e+01 648 1609 1608 647 646 -1 648 -1
4 4.0531250000e+04 3.1250000000e+01 649 1610 1609 648 647 -1 649 -1
4 4.0593750000e+04 3.1250000000e+01 650 1611 1610 649 648 -1 650 -1
4 4.0656250000e+04 3.1250000000e+01 651 1612 1611 650 649 -1 651 -1
4 4.0718750000e+04 3.1250000000e+01 652 1613 1612 651 650 -1 652 -1
4 4.0781250000e+04 3.1250000000e+01 653 1614 1613 652 651 -1 653 -1
4 4.0843750000e+04 3.1250000000e+01 654 1615 1614 653 652 -1 654 -1
4 4.0906250000e+04 3.1250000000e+01 655 1616 1615 654 653 -1 655 -1
4 4.0968750000e+04 3.1250000000e+01 656 1617 1616 655 654 -1 656 -1
4 4.1031250000e+04 3.1250000000e+01 657 1618 1617 656 655 -1 657 -1
4 4.1093750000e+04 3.1250000000e+01 658 1619 1618 657 656 -1 658 -1
4 4.1156250000e+04 3.1250000000e+01 659 1620 1619 658 657 -1 659 -1
4 4.1218750000e+04 3.1250000000e+01 660 1621 1620 659 658 -1 660 -1
4 4.1281250000e+04 3.1250000000e+01 661 1622 1621 660 659 -1 661 -1
4 4.1343750000e+04 3.1250000000e+01 662 1623 1622 661 660 -1 662 -1
4 4.1406250000e+04 3.1250000000e+01 663 1624 1623 662 661 -1 663 -1
4 4.1468750000e+04 3.1250000000e+01 664 1625 1624 663 662 -1 664 -1
4 4.1531250000e+04 3.1250000000e+01 665 1626 1625 664 663 -1 665 -1
4 4.1593750000e+04 3.1250000000e+01 666 1627 1626 665 664 -1 666 -1
4 4.1656250000e+04 3.1250000000e+01 667 1628 1627 666 665 -1 667 -1
4 4.1718750000e+04 3.1250000000e+01 668 1629 1628 667 666 -1 668 -1
4 4.1781250000e+04 3.1250000000e+01 669 1630 1629 668 667 -1 669 -1
4 4.1843750000e+04 3.1250000000e+01 670 1631 1630 669 668 -1 670 -1
4 4.1906250000e+04 3.1250000000e+01 671 1632 1631 670 669 -1 671 -1
4 4.1968750000e+04 3.1250000000e+01 672 1633 1632 671 670 -1 672 -1
4 4.2031250000e+04 3.1250000000e+01 673 1634 1633 672 671 -1 673 -1
4 4.2093750000e+04 3.1250000000e+01 674 1635 1634 673 672 -1 674 -1
4 4.2156250000e+04 3.1250000000e+01 675 1636 1635 674 673 -1 675 -1
4 4.2218750000e+04 3.1250000000e+01 676 1637 1636 675 674 -1 676 -1
4 4.2281250000e+04 3.1250000000e+01 677 1638 1637 676 675 -1 677 -1
4 4.2343750000e+04 3.1250000000e+01 678 1639 1638 677 676 -1 678 -1
4 4.2406250000e+04 3.1250000000e+01 679 1640 1639 678 677 -1 679 -1
4 4.2468750000e+04 3.1250000000e+01 680 1641 1640 679 678 -1 680 -1
4 4.2531250000e+04 3.1250000000e+01 681 1642 1641 680 679 -1 681 -1
4 4.2593750000e+04 3.1250000000e+01 682 1643 1642 681 680 -1 682 -1
4 4.2656250000e+04 3.1250000000e+01 683 1644 1643 682 681 -1 683 -1
4 4.2718750000e+04 3.1250000000e+01 684 1645 1644 683 682 -1 684 -1
4 4.2781250000e+04 3.1250000000e+01 685 1646 1645 684 683 -1 685 -1
4 4.2843750000e+04 3.1250000000e+01 686 1647 1646 685 684 -1 686 -1
4 4.2906250000e+04 3.1250000000e+01 687 1648 1647 686 685 -1 687 -1
4 4.2968750000e+04 3.1250000000e+01 688 1649 1648 687 686 -1 688 -1
4 4.3031250000e+04 3.1250000000e+01 689 1650 1649 688 687 -1 689 -1
4 4.3093750000e+04 3.1250000000e+01 690 1651 1650 689 688 -1 690 -1
4 4.3156250000e+04 3.1250000000e+01 691 1652 1651 690 689 -1 691 -1
4 4.3218750000e+04 3.1250000000e+01 692 1653 1652 691 690 -1 692 -1
4 4.3281250000e+04 3.1250000000e+01 693 1654 1653 692 691 -1 693 -1
4 4.3343750000e+04 3.1250000000e+01 694 1655 1654 693 692 -1 694 -1
4 4.3406250000e+04 3.1250000000e+01 695 1656 1655 694 693 -1 695 -1
4 4.3468750000e+04 3.1250000000e+01 696 1657 1656 695 694 -1 696 -1
4 4.3531250000e+04 3.1250000000e+01 697 1658 1657 696 695 -1 697 -1
4 4.3593750000e+04 3.1250000000e+01 698 1659 1658 697 696 -1 698 -1
4 4.3656250000e+04 3.1250000000e+01 699 1660 1659 698 697 -1 699 -1
4 4.3718750000e+04 3.1250000000e+01 700 1661 1660 699 698 -1 700 -1
4 4.3781250000e+04 3.1250000000e+01 701 1662 1661 700 699 -1 701 -1
4 4.3843750000e+04 3.1250000000e+01 702 1663 1662 701 700 -1 702 -1
4 4.3906250000e+04 3.1250000000e+01 703 1664 1663 702 701 -1 703 -1
4 4.3968750000e+04 3.1250000000e+01 704 1665 1664 703 702 -1 704 -1
4 4.4031250000e+04 3.1250000000e+01 705 1666 1665 704 703 -1 705 -1
4 4.4093750000e+04 3.1250000000e+01 706 1667 1666 705 704 -1 706 -1
4 4.4156250000e+04 3.1250000000e+01 707 1668 1667 706 705 -1 707 -1
4 4.4218750000e+04 3.1250000000e+01 708 1669 1668 707 706 -1 708 -1
4 4.4281250000e+04 3.1250000000e+01 709 1670 1669 708 707 -1 709 -1
4 4.4343750000e+04 3.1250000000e+01 710 1671 1670 709 708 -1 710 -1
4 4.4406250000e+04 3.1250000000e+01 711 1672 1671 710 709 -1 711 -1
4 4.4468750000e+04 3.1250000000e+01 712 1673 1672 711 710 -1 712 -1
4 4.4531250000e+04 3.1250000000e+01 713 1674 1673 712 711 -1 713 -1
4 4.4593750000e+04 3.1250000000e+01 714 1675 1674 713 712 -1 714 -1
4 4.4656250000e+04 3.1250000000e+01 715 1676 1675 714 713 -1 715 -1
4 4.4718750000e+04 3.1250000000e+01 716 1677 1676 715 714 -1 716 -1
4 4.4781250000e+04 3.1250000000e+01 717 1678 1677 716 715 -1 717 -1
4 4.4843750000e+04 3.1250000000e+01 718 1679 1678 717 716 -1 718 -1
4 4.4906250000e+04 3.1250000000e+01 719 1680 1679 718 717 -1 719 -1
4 4.4968750000e+04 3.1250000000e+01 720 1681 1680 719 718 -1 720 -1
4 4.5031250000e+04 3.1250000000e+01 721 1682 1681 720 719 -1 721 -1
4 4.5093750000e+04 3.1250000000e+01 722 1683 1682 721 720 -1 722 -1
4 4.5156250000e+04 3.1250000000e+01 723 1684 1683 722 721 -1 723 -1
4 4.5218750000e+04 3.1250000000e+01 724 1685 1684 723 722 -1 724 -1
4 4.5281250000e+04 3.1250000000e+01 725 1686 1685 724 723 -1 725 -1
4 4.5343750000e+04 3.1250000000e+01 726 1687 1686 725 724 -1 726 -1
4 4.5406250000e+04 3.1250000000e+01 727 1688 1687 726 725 -1 727 -1
4 4.5468750000e+04 3.1250000000e+01 728 1689 1688 727 726 -1 728 -1
4 4.5531250000e+04 3.1250000000e+01 729 1690 1689 728 727 -1 729 -1
4 4.5593750000e+04 3.1250000000e+01 730 1691 1690 729 728 -1 730 -1
4 4.5656250000e+04 3.1250000000e+01 731 1692 1691 730 729 -1 731 -1
4 4.5718750000e+04 3.1250000000e+01 732 1693 1692 731 730 -1 732 -1
4 4.5781250000e+04 3.1250000000e+01 733 1694 1693 732 731 -1 733 -1
4 4.5843750000e+04 3.1250000000e+01 734 1695 1694 733 732 -1 734 -1
4 4.5906250000e+04 3.1250000000e+01 735 1696 1695 734 733 -1 735 -1
4 4.5968750000e+04 3.1250000000e+01 736 1697 1696 735 734 -1 736 -1
4 4.6031250000e+04 3.1250000000e+01 737 1698 1697 736 735 -1 737 -1
4 4.6093750000e+04 3.1250000000e+01 738 1699 1698 737 736 -1 738 -1
4 4.6156250000e+04 3.1250000000e+01 739 1700 1699 738 737 -1 739 -1
4 4.6218750000e+04 3.1250000000e+01 740 1701 1700 739 738 -1 740 -1
4 4.6281250000e+04 3.1250000000e+01 741 1702 1701 740 739 -1 741 -1
4 4.6343750000e+04 3.1250000000e+01 742 1703 1702 741 740 -1 742 -1
4 4.6406250000e+04 3.1250000000e+01 743 1704 1703 742 741 -1 743 -1
4 4.6468750000e+04 3.1250000000e+01 744 1705 1704 743 742 -1 744 -1
4 4.6531250000e+04 3.1250000000e+01 745 1706 1705 744 743 -1 745 -1
4 4.6593750000e+04 3.1250000000e+01 746 1707 1706 745 744 -1 746 -1
4 4.6656250000e+04 3.1250000000e+01 747 1708 1707 746 745 -1 747 -1
4 4.6718750000e+04 3.1250000000e+01 748 1709 1708 747 746 -1 748 -1
4 4.6781250000e+04 3.1250000000e+01 749 1710 1709 748 747 -1 749 -1
4 4.6843750000e+04 3.1250000000e+01 750 1711 1710 749 748 -1 750 -1
4 4.6906250000e+04 3.1250000000e+01 751 1712 1711 750 749 -1 751 -1
4 4.6968750000e+04 3.1250000000e+01 752 1713 1712 751 750 -1 752 -1
4 4.7031250000e+04 3.1250000000e+01 753 1714 1713 752 751 -1 753 -1
4 4.7093750000e+04 3.1250000000e+01 754 1715 1714 753 752 -1 754 -1
4 4.7156250000e+04 3.1250000000e+01 755 1716 1715 754 753 -1 755 -1
4 4.7218750000e+04 3.1250000000e+01 756 1717 1716 755 754 -1 756 -1
4 4.7281250000e+04 3.1250000000e+01 757 1718 1717 756 755 -1 757 -1
4 4.7343750000e+04 3.1250000000e+01 758 1719 1718 757 756 -1 758 -1
4 4.7406250000e+04 3.1250000000e+01 759 1720 1719 758 757 -1 759 -1
4 4.7468750000e+04 3.1250000000e+01 760 1721 1720 759 758 -1 760 -1
4 4.7531250000e+04 3.1250000000e+01 761 1722 1721 760 759 -1 761 -1
4 4.7593750000e+04 3.1250000000e+01 762 1723 1722 761 760 -1 762 -1
4 4.7656250000e+04 3.1250000000e+01 763 1724 1723 762 761 -1 763 -1
4 4.7718750000e+04 3.1250000000e+01 764 1725 1724 763 762 -1 764 -1
4 4.7781250000e+04 3.1250000000e+01 765 1726 1725 764 763 -1 765 -1
4 4.7843750000e+04 3.1250000000e+01 766 1727 1726 765 764 -1 766 -1
4 4.7906250000e+04 3.1250000000e+01 767 1728 1727 766 765 -1 767 -1
4 4.7968750000e+04 3.1250000000e+01 768 1729 1728 767 766 -1 768 -1
4 4.8031250000e+04 3.1250000000e+01 769 1730 1729 768 767 -1 769 -1
4 4.8093750000e+04 3.1250000000e+01 770 1731 1730 769 768 -1 770 -1
4 4.8156250000e+04 3.1250000000e+01 771 1732 1731 770 769 -1 771 -1
4 4.8218750000e+04 3.1250000000e+01 772 1733 1732 771 770 -1 772 -1
4 4.8281250000e+04 3.1250000000e+01 773 1734 1733 772 771 -1 773 -1
4 4.8343750000e+04 3.1250000000e+01 774 1735 1734 773 772 -1 774 -1
4 4.8406250000e+04 3.1250000000e+01 775 1736 1735 774 773 -1 775 -1
4 4.8468750000e+04 3.1250000000e+01 776 1737 1736 775 774 -1 776 -1
4 4.8531250000e+04 3.1250000000e+01 777 1738 1737 776 775 -1 777 -1
4 4.8593750000e+04 3.1250000000e+01 778 1739 1738 777 776 -1 778 -1
4 4.8656250000e+04 3.1250000000e+01 779 1740 1739 778 777 -1 779 -1
4 4.8718750000e+04 3.1250000000e+01 780 1741 1740 779 778 -1 780 -1
4 4.8781250000e+04 3.1250000000e+01 781 1742 1741 780 779 -1 781 -1
4 4.8843750000e+04 3.1250000000e+01 782 1743 1742 781 780 -1 782 -1
4 4.8906250000e+04 3.1250000000e+01 783 1744 1743 782 781 -1 783 -1
4 4.8968750000e+04 3.1250000000e+01 784 1745 1744 783 782 -1 784 -1
4 4.9031250000e+04 3.1250000000e+01 785 1746 1745 784 783 -1 785 -1
4 4.9093750000e+04 3.1250000000e+01 786 1747 1746 785 784 -1 786 -1
4 4.9156250000e+04 3.1250000000e+01 787 1748 1747 786 785 -1 787 -1
4 4.9218750000e+04 3.1250000000e+01 788 1749 1748 787 786 -1 788 -1
4 4.9281250000e+04 3.1250000000e+01 789 1750 1749 788 787 -1 789 -1
4 4.9343750000e+04 3.1250000000e+01 790 1751 1750 789 788 -1 790 -1
4 4.9406250000e+04 3.1250000000e+01 791 1752 1751 790 789 -1 791 -1
4 4.9468750000e+04 3.1250000000e+01 792 1753 1752 791 790 -1 792 -1
4 4.9531250000e+04 3.1250000000e+01 793 1754 1753 792 791 -1 793 -1
4 4.9593750000e+04 3.1250000000e+01 794 1755 1754 793 792 -1 794 -1
4 4.9656250000e+04 3.1250000000e+01 795 1756 1755 794 793 -1 795 -1
4 4.9718750000e+04 3.1250000000e+01 796 1757 1756 795 794 -1 796 -1
4 4.9781250000e+04 3.1250000000e+01 797 1758 1757 796 795 -1 797 -1
4 4.9843750000e+04 3.1250000000e+01 798 1759 1758 797 796 -1 798 -1
4 4.9906250000e+04 3.1250000000e+01 799 1760 1759 798 797 -1 799 -1
4 4.9968750000e+04 3.1250000000e+01 800 1761 1760 799 798 -1 800 -1
4 5.0031250000e+04 3.1250000000e+01 801 1762 1761 800 799 -1 801 -1
4 5.0093750000e+04 3.1250000000e+01 802 1763 1762 801 800 -1 802 -1
4 5.0156250000e+04 3.1250000000e+01 803 1764 1763 802 801 -1 803 -1
4 5.0218750000e+04 3.1250000000e+01 804 1765 1764 803 802 -1 804 -1
4 5.0281250000e+04 3.1250000000e+01 805 1766 1765 804 803 -1 805 -1
4 5.0343750000e+04 3.1250000000e+01 806 1767 1766 805 804 -1 806 -1
4 5.0406250000e+04 3.1250000000e+01 807 1768 1767 806 805 -1 807 -1
4 5.0468750000e+04 3.1250000000e+01 808 1769 1768 807 806 -1 808 -1
4 5.0531250000e+04 3.1250000000e+01 809 1770 1769 808 807 -1 809 -1
4 5.0593750000e+04 3.1250000000e+01 810 1771 1770 809 808 -1 810 -1
4 5.0656250000e+04 3.1250000000e+01 811 1772 1771 810 809 -1 811 -1
4 5.0718750000e+04 3.1250000000e+01 812 1773 1772 811 810 -1 812 -1
4 5.0781250000e+04 3.1250000000e+01 813 1774 1773 812 811 -1 813 -1
4 5.0843750000e+04 3.1250000000e+01 814 1775 1774 813 812 -1 814 -1
4 5.0906250000e+04 3.1250000000e+01 815 1776 1775 814 813 -1 815 -1
4 5.0968750000e+04 3.1250000000e+01 816 1777 1776 815 814 -1 816 -1
4 5.1031250000e+04 3.1250000000e+01 817 1778 1777 816 815 -1 817 -1
4 5.1093750000e+04 3.1250000000e+01 818 1779 1778 817 816 -1 818 -1
4 5.1156250000e+04 3.1250000000e+01 819 1780 1779 818 817 -1 819 -1
4 5.1218750000e+04 3.1250000000e+01 820 1781 1780 819 818 -1 820 -1
4 5.1281250000e+04 3.1250000000e+01 821 1782 1781 820 819 -1 821 -1
4 5.1343750000e+04 3.1250000000e+01 822 1783 1782 821 820 -1 822 -1
4 5.1406250000e+04 3.1250000000e+01 823 1784 1783 822 821 -1 823 -1
4 5.1468750000e+04 3.1250000000e+01 824 1785 1784 823 822 -1 824 -1
4 5.1531250000e+04 3.1250000000e+01 825 1786 1785 824 823 -1 825 -1
4 5.1593750000e+04 3.1250000000e+01 826 1787 1786 825 824 -1 826 -1
4 5.1656250000e+04 3.1250000000e+01 827 1788 1787 826 825 -1 827 -1
4 5.1718750000e+04 3.1250000000e+01 828 1789 1788 827 826 -1 828 -1
4 5.1781250000e+04 3.1250000000e+01 829 1790 1789 828 827 -1 829 -1
4 5.1843750000e+04 3.1250000000e+01 830 1791 1790 829 828 -1 830 -1
4 5.1906250000e+04 3.1250000000e+01 831 1792 1791 830 829 -1 831 -1
4 5.1968750000e+04 3.1250000000e+01 832 1793 1792 831 830 -1 832 -1
4 5.2031250000e+04 3.1250000000e+01 833 1794 1793 832 831 -1 833 -1
4 5.2093750000e+04 3.1250000000e+01 834 1795 1794 833 832 -1 834 -1
4 5.2156250000e+04 3.1250000000e+01 835 1796 1795 834 833 -1 835 -1
4 5.2218750000e+04 3.1250000000e+01 836 1797 1796 835 834 -1 836 -1
4 5.2281250000e+04 3.1250000000e+01 837 1798 1797 836 835 -1 837 -1
4 5.2343750000e+04 3.1250000000e+01 838 1799 1798 837 836 -1 838 -1
4 5.2406250000e+04 3.1250000000e+01 839 1800 1799 838 837 -1 839 -1
4 5.2468750000e+04 3.1250000000e+01 840 1801 1800 839 838 -1 840 -1
4 5.2531250000e+04 3.1250000000e+01 841 1802 1801 840 839 -1 841 -1
4 5.2593750000e+04 3.1250000000e+01 842 1803 1802 841 840 -1 842 -1
4 5.2656250000e+04 3.1250000000e+01 843 1804 1803 842 841 -1 843 -1
4 5.2718750000e+04 3.1250000000e+01 844 1805 1804 843 842 -1 844 -1
4 5.2781250000e+04 3.1250000000e+01 845 1806 1805 844 843 -1 845 -1
4 5.2843750000e+04 3.1250000000e+01 846 1807 1806 845 844 -1 846 -1
4 5.2906250000e+04 3.1250000000e+01 847 1808 1807 846 845 -1 847 -1
4 5.2968750000e+04 3.1250000000e+01 848 1809 1808 847 846 -1 848 -1
4 5.3031250000e+04 3.1250000000e+01 849 1810 1809 848 847 -1 849 -1
4 5.3093750000e+04 3.1250000000e+01 850 1811 1810 849 848 -1 850 -1
4 5.3156250000e+04 3.1250000000e+01 851 1812 1811 850 849 -1 851 -1
4 5.3218750000e+04 3.1250000000e+01 852 1813 1812 851 850 -1 852 -1
4 5.3281250000e+04 3.1250000000e+01 853 1814 1813 852 851 -1 853 -1
4 5.3343750000e+04 3.1250000000e+01 854 1815 1814 853 852 -1 854 -1
4 5.3406250000e+04 3.1250000000e+01 855 1816 1815 854 853 -1 855 -1
4 5.3468750000e+04 3.1250000000e+01 856 1817 1816 855 854 -1 856 -1
4 5.3531250000e+04 3.1250000000e+01 857 1818 1817 856 855 -1 857 -1
4 5.3593750000e+04 3.1250000000e+01 858 1819 1818 857 856 -1 858 -1
4 5.3656250000e+04 3.1250000000e+01 859 1820 1819 858 857 -1 859 -1
4 5.3718750000e+04 3.1250000000e+01 860 1821 1820 859 858 -1 860 -1
4 5.3781250000e+04 3.1250000000e+01 861 1822 1821 860 859 -1 861 -1
4 5.3843750000e+04 3.1250000000e+01 862 1823 1822 861 860 -1 862 -1
4 5.3906250000e+04 3.1250000000e+01 863 1824 1823 862 861 -1 863 -1
4 5.3968750000e+04 3.1250000000e+01 864 1825 1824 863 862 -1 864 -1
4 5.4031250000e+04 3.1250000000e+01 865 1826 1825 864 863 -1 865 -1
4 5.4093750000e+04 3.1250000000e+01 866 1827 1826 865 864 -1 866 -1
4 5.4156250000e+04 3.1250000000e+01 867 1828 1827 866 865 -1 867 -1
4 5.4218750000e+04 3.1250000000e+01 868 1829 1828 867 866 -1 868 -1
4 5.4281250000e+04 3.1250000000e+01 869 1830 1829 868 867 -1 869 -1
4 5.4343750000e+04 3.1250000000e+01 870 1831 1830 869 868 -1 870 -1
4 5.4406250000e+04 3.1250000000e+01 871 1832 1831 870 869 -1 871 -1
4 5.4468750000e+04 3.1250000000e+01 872 1833 1832 871 870 -1 872 -1
4 5.4531250000e+04 3.1250000000e+01 873 1834 1833 872 871 -1 873 -1
4 5.4593750000e+04 3.1250000000e+01 874 1835 1834 873 872 -1 874 -1
4 5.4656250000e+04 3.1250000000e+01 875 1836 1835 874 873 -1 875 -1
4 5.4718750000e+04 3.1250000000e+01 876 1837 1836 875 874 -1 876 -1
4 5.4781250000e+04 3.1250000000e+01 877 1838 1837 876 875 -1 877 -1
4 5.4843750000e+04 3.1250000000e+01 878 1839 1838 877 876 -1 878 -1
4 5.4906250000e+04 3.1250000000e+01 879 1840 1839 878 877 -1 879 -1
4 5.4968750000e+04 3.1250000000e+01 880 1841 1840 879 878 -1 880 -1
4 5.5031250000e+04 3.1250000000e+01 881 1842 1841 880 879 -1 881 -1
4 5.5093750000e+04 3.1250000000e+01 882 1843 1842 881 880 -1 882 -1
4 5.5156250000e+04 3.1250000000e+01 883 1844 1843 882 881 -1 883 -1
4 5.5218750000e+04 3.1250000000e+01 884 1845 1844 883 882 -1 884 -1
4 5.5281250000e+04 3.1250000000e+01 885 1846 1845 884 883 -1 885 -1
4 5.5343750000e+04 3.1250000000e+01 886 1847 1846 885 884 -1 886 -1
4 5.5406250000e+04 3.1250000000e+01 887 1848 1847 886 885 -1 887 -1
4 5.5468750000e+04 3.1250000000e+01 888 1849 1848 887 886 -1 888 -1
4 5.5531250000e+04 3.1250000000e+01 889 1850 1849 888 887 -1 889 -1
4 5.5593750000e+04 3.1250000000e+01 890 1851 1850 889 888 -1 890 -1
4 5.5656250000e+04 3.1250000000e+01 891 1852 1851 890 889 -1 891 -1
4 5.5718750000e+04 3.1250000000e+01 892 1853 1852 891 890 -1 892 -1
4 5.5781250000e+04 3.1250000000e+01 893 1854 1853 892 891 -1 893 -1
4 5.5843750000e+04 3.1250000000e+01 894 1855 1854 893 892 -1 894 -1
4 5.5906250000e+04 3.1250000000e+01 895 1856 1855 894 893 -1 895 -1
4 5.5968750000e+04 3.1250000000e+01 896 1857 1856 895 894 -1 896 -1
4 5.6031250000e+04 3.1250000000e+01 897 1858 1857 896 895 -1 897 -1
4 5.6093750000e+04 3.1250000000e+01 898 1859 1858 897 896 -1 898 -1
4 5.6156250000e+04 3.1250000000e+01 899 1860 1859 898 897 -1 899 -1
4 5.6218750000e+04 3.1250000000e+01 900 1861 1860 899 898 -1 900 -1
4 5.6281250000e+04 3.1250000000e+01 901 1862 1861 900 899 -1 901 -1
4 5.6343750000e+04 3.1250000000e+01 902 1863 1862 901 900 -1 902 -1
4 5.6406250000e+04 3.1250000000e+01 903 1864 1863 902 901 -1 903 -1
4 5.6468750000e+04 3.1250000000e+01 904 1865 1864 903 902 -1 904 -1
4 5.6531250000e+04 3.1250000000e+01 905 1866 1865 904 903 -1 905 -1
4 5.6593750000e+04 3.1250000000e+01 906 1867 1866 905 904 -1 906 -1
4 5.6656250000e+04 3.1250000000e+01 907 1868 1867 906 905 -1 907 -1
4 5.6718750000e+04 3.1250000000e+01 908 1869 1868 907 906 -1 908 -1
4 5.6781250000e+04 3.1250000000e+01 909 1870 1869 908 907 -1 909 -1
4 5.6843750000e+04 3.1250000000e+01 910 1871 1870 909 908 -1 910 -1
4 5.6906250000e+04 3.1250000000e+01 911 1872 1871 910 909 -1 911 -1
4 5.6968750000e+04 3.1250000000e+01 912 1873 1872 911 910 -1 912 -1
4 5.7031250000e+04 3.1250000000e+01 913 1874 1873 912 911 -1 913 -1
4 5.7093750000e+04 3.1250000000e+01 914 1875 1874 913 912 -1 914 -1
4 5.7156250000e+04 3.1250000000e+01 915 1876 1875 914 913 -1 915 -1
4 5.7218750000e+04 3.1250000000e+01 916 1877 1876 915 914 -1 916 -1
4 5.7281250000e+04 3.1250000000e+01 917 1878 1877 916 915 -1 917 -1
4 5.7343750000e+04 3.1250000000e+01 918 1879 1878 917 916 -1 918 -1
4 5.7406250000e+04 3.1250000000e+01 919 1880 1879 918 917 -1 919 -1
4 5.7468750000e+04 3.1250000000e+01 920 1881 1880 919 918 -1 920 -1
4 5.7531250000e+04 3.1250000000e+01 921 1882 1881 920 919 -1 921 -1
4 5.7593750000e+04 3.1250000000e+01 922 1883 1882 921 920 -1 922 -1
4 5.7656250000e+04 3.1250000000e+01 923 1884 1883 922 921 -1 923 -1
4 5.7718750000e+04 3.1250000000e+01 924 1885 1884 923 922 -1 924 -1
4 5.7781250000e+04 3.1250000000e+01 925 1886 1885 924 923 -1 925 -1
4 5.7843750000e+04 3.1250000000e+01 926 1887 1886 925 924 -1 926 -1
4 5.7906250000e+04 3.1250000000e+01 927 1888 1887 926 925 -1 927 -1
4 5.7968750000e+04 3.1250000000e+01 928 1889 1888 927 926 -1 928 -1
4 5.8031250000e+04 3.1250000000e+01 929 1890 1889 928 927 -1 929 -1
4 5.8093750000e+04 3.1250000000e+01 930 1891 1890 929 928 -1 930 -1
4 5.8156250000e+04 3.1250000000e+01 931 1892 1891 930 929 -1 931 -1
4 5.8218750000e+04 3.1250000000e+01 932 1893 1892 931 930 -1 932 -1
4 5.8281250000e+04 3.1250000000e+01 933 1894 1893 932 931 -1 933 -1
4 5.8343750000e+04 3.1250000000e+01 934 1895 1894 933 932 -1 934 -1
4 5.8406250000e+04 3.1250000000e+01 935 1896 1895 934 933 -1 935 -1
4 5.8468750000e+04 3.1250000000e+01 936 1897 1896 935 934 -1 936 -1
4 5.8531250000e+04 3.1250000000e+01 937 1898 1897 936 935 -1 937 -1
4 5.8593750000e+04 3.1250000000e+01 938 1899 1898 937 936 -1 938 -1
4 5.8656250000e+04 3.1250000000e+01 939 1900 1899 938 937 -1 939 -1
4 5.8718750000e+04 3.1250000000e+01 940 1901 1900 939 938 -1 940 -1
4 5.8781250000e+04 3.1250000000e+01 941 1902 1901 940 939 -1 941 -1
4 5.8843750000e+04 3.1250000000e+01 942 1903 1902 941 940 -1 942 -1
4 5.8906250000e+04 3.1250000000e+01 943 1904 1903 942 941 -1 943 -1
4 5.8968750000e+04 3.1250000000e+01 944 1905 1904 943 942 -1 944 -1
4 5.9031250000e+04 3.1250000000e+01 945 1906 1905 944 943 -1 945 -1
4 5.9093750000e+04 3.1250000000e+01 946 1907 1906 945 944 -1 946 -1
4 5.9156250000e+04 3.1250000000e+01 947 1908 1907 946 945 -1 947 -1
4 5.9218750000e+04 3.1250000000e+01 948 1909 1908 947 946 -1 948 -1
4 5.9281250000e+04 3.1250000000e+01 949 1910 1909 948 947 -1 949 -1
4 5.9343750000e+04 3.1250000000e+01 950 1911 1910 949 948 -1 950 -1
4 5.9406250000e+04 3.1250000000e+01 951 1912 1911 950 949 -1 951 -1
4 5.9468750000e+04 3.1250000000e+01 952 1913 1912 951 950 -1 952 -1
4 5.9531250000e+04 3.1250000000e+01 953 1914 1913 952 951 -1 953 -1
4 5.9593750000e+04 3.1250000000e+01 954 1915 1914 953 952 -1 954 -1
4 5.9656250000e+04 3.1250000000e+01 955 1916 1915 954 953 -1 955 -1
4 5.9718750000e+04 3.1250000000e+01 956 1917 1916 955 954 -1 956 -1
4 5.9781250000e+04 3.1250000000e+01 957 1918 1917 956 955 -1 957 -1
4 5.9843750000e+04 3.1250000000e+01 958 1919 1918 957 956 -1 958 -1
4 5.9906250000e+04 3.1250000000e+01 959 1920 1919 958 957 -1 959 -1
4 5.9968750000e+04 3.1250000000e+01 960 1921 1920 959 958 -1 -1 -1
