0 961 1 -1 0
1 962 0 0 1
2 963 0 1 2
3 964 0 2 3
4 965 0 3 4
5 966 0 4 5
6 967 0 5 6
7 968 0 6 7
8 969 0 7 8
9 970 0 8 9
10 971 0 9 10
11 972 0 10 11
12 973 0 11 12
13 974 0 12 13
14 975 0 13 14
15 976 0 14 15
16 977 0 15 16
17 978 0 16 17
18 979 0 17 18
19 980 0 18 19
20 981 0 19 20
21 982 0 20 21
22 983 0 21 22
23 984 0 22 23
24 985 0 23 24
25 986 0 24 25
26 987 0 25 26
27 988 0 26 27
28 989 0 27 28
29 990 0 28 29
30 991 0 29 30
31 992 0 30 31
32 993 0 31 32
33 994 0 32 33
34 995 0 33 34
35 996 0 34 35
36 997 0 35 36
37 998 0 36 37
38 999 0 37 38
39 1000 0 38 39
40 1001 0 39 40
41 1002 0 40 41
42 1003 0 41 42
43 1004 0 42 43
44 1005 0 43 44
45 1006 0 44 45
46 1007 0 45 46
47 1008 0 46 47
48 1009 0 47 48
49 1010 0 48 49
50 1011 0 49 50
51 1012 0 50 51
52 1013 0 51 52
53 1014 0 52 53
54 1015 0 53 54
55 1016 0 54 55
56 1017 0 55 56
57 1018 0 56 57
58 1019 0 57 58
59 1020 0 58 59
60 1021 0 59 60
61 1022 0 60 61
62 1023 0 61 62
63 1024 0 62 63
64 1025 0 63 64
65 1026 0 64 65
66 1027 0 65 66
67 1028 0 66 67
68 1029 0 67 68
69 1030 0 68 69
70 1031 0 69 70
71 1032 0 70 71
72 1033 0 71 72
73 1034 0 72 73
74 1035 0 73 74
75 1036 0 74 75
76 1037 0 75 76
77 1038 0 76 77
78 1039 0 77 78
79 1040 0 78 79
80 1041 0 79 80
81 1042 0 80 81
82 1043 0 81 82
83 1044 0 82 83
84 1045 0 83 84
85 1046 0 84 85
86 1047 0 85 86
87 1048 0 86 87
88 1049 0 87 88
89 1050 0 88 89
90 1051 0 89 90
91 1052 0 90 91
92 1053 0 91 92
93 1054 0 92 93
94 1055 0 93 94
95 1056 0 94 95
96 1057 0 95 96
97 1058 0 96 97
98 1059 0 97 98
99 1060 0 98 99
100 1061 0 99 100
101 1062 0 100 101
102 1063 0 101 102
103 1064 0 102 103
104 1065 0 103 104
105 1066 0 104 105
106 1067 0 105 106
107 1068 0 106 107
108 1069 0 107 108
109 1070 0 108 109
110 1071 0 109 110
111 1072 0 110 111
112 1073 0 111 112
113 1074 0 112 113
114 1075 0 113 114
115 1076 0 114 115
116 1077 0 115 116
117 1078 0 116 117
118 1079 0 117 118
119 1080 0 118 119
120 1081 0 119 120
121 1082 0 120 121
122 1083 0 121 122
123 1084 0 122 123
124 1085 0 123 124
125 1086 0 124 125
126 1087 0 125 126
127 1088 0 126 127
128 1089 0 127 128
129 1090 0 128 129
130 1091 0 129 130
131 1092 0 130 131
132 1093 0 131 132
133 1094 0 132 133
134 1095 0 133 134
135 1096 0 134 135
136 1097 0 135 136
137 1098 0 136 137
138 1099 0 137 138
139 1100 0 138 139
140 1101 0 139 140
141 1102 0 140 141
142 1103 0 141 142
143 1104 0 142 143
144 1105 0 143 144
145 1106 0 144 145
146 1107 0 145 146
147 1108 0 146 147
148 1109 0 147 148
149 1110 0 148 149
150 1111 0 149 150
151 1112 0 150 151
152 1113 0 151 152
153 1114 0 152 153
154 1115 0 153 154
155 1116 0 154 155
156 1117 0 155 156
157 1118 0 156 157
158 1119 0 157 158
159 1120 0 158 159
160 1121 0 159 160
161 1122 0 160 161
162 1123 0 161 162
163 1124 0 162 163
164 1125 0 163 164
165 1126 0 164 165
166 1127 0 165 166
167 1128 0 166 167
168 1129 0 167 168
169 1130 0 168 169
170 1131 0 169 170
171 1132 0 170 171
172 1133 0 171 172
173 1134 0 172 173
174 1135 0 173 174
175 1136 0 174 175
176 1137 0 175 176
177 1138 0 176 177
178 1139 0 177 178
179 1140 0 178 179
180 1141 0 179 180
181 1142 0 180 181
182 1143 0 181 182
183 1144 0 182 183
184 1145 0 183 184
185 1146 0 184 185
186 1147 0 185 186
187 1148 0 186 187
188 1149 0 187 188
189 1150 0 188 189
190 1151 0 189 190
191 1152 0 190 191
192 1153 0 191 192
193 1154 0 192 193
194 1155 0 193 194
195 1156 0 194 195
196 1157 0 195 196
197 1158 0 196 197
198 1159 0 197 198
199 1160 0 198 199
200 1161 0 199 200
201 1162 0 200 201
202 1163 0 201 202
203 1164 0 202 203
204 1165 0 203 204
205 1166 0 204 205
206 1167 0 205 206
207 1168 0 206 207
208 1169 0 207 208
209 1170 0 208 209
210 1171 0 209 210
211 1172 0 210 211
212 1173 0 211 212
213 1174 0 212 213
214 1175 0 213 214
215 1176 0 214 215
216 1177 0 215 216
217 1178 0 216 217
218 1179 0 217 218
219 1180 0 218 219
220 1181 0 219 220
221 1182 0 220 221
222 1183 0 221 222
223 1184 0 222 223
224 1185 0 223 224
225 1186 0 224 225
226 1187 0 225 226
227 1188 0 226 227
228 1189 0 227 228
229 1190 0 228 229
230 1191 0 229 230
231 1192 0 230 231
232 1193 0 231 232
233 1194 0 232 233
234 1195 0 233 234
235 1196 0 234 235
236 1197 0 235 236
237 1198 0 236 237
238 1199 0 237 238
239 1200 0 238 239
240 1201 0 239 240
241 1202 0 240 241
242 1203 0 241 242
243 1204 0 242 243
244 1205 0 243 244
245 1206 0 244 245
246 1207 0 245 246
247 1208 0 246 247
248 1209 0 247 248
249 1210 0 248 249
250 1211 0 249 250
251 1212 0 250 251
252 1213 0 251 252
253 1214 0 252 253
254 1215 0 253 254
255 1216 0 254 255
256 1217 0 255 256
257 1218 0 256 257
258 1219 0 257 258
259 1220 0 258 259
260 1221 0 259 260
261 1222 0 260 261
262 1223 0 261 262
263 1224 0 262 263
264 1225 0 263 264
265 1226 0 264 265
266 1227 0 265 266
267 1228 0 266 267
268 1229 0 267 268
269 1230 0 268 269
270 1231 0 269 270
271 1232 0 270 271
272 1233 0 271 272
273 1234 0 272 273
274 1235 0 273 274
275 1236 0 274 275
276 1237 0 275 276
277 1238 0 276 277
278 1239 0 277 278
279 1240 0 278 279
280 1241 0 279 280
281 1242 0 280 281
282 1243 0 281 282
283 1244 0 282 283
284 1245 0 283 284
285 1246 0 284 285
286 1247 0 285 286
287 1248 0 286 287
288 1249 0 287 288
289 1250 0 288 289
290 1251 0 289 290
291 1252 0 290 291
292 1253 0 291 292
293 1254 0 292 293
294 1255 0 293 294
295 1256 0 294 295
296 1257 0 295 296
297 1258 0 296 297
298 1259 0 297 298
299 1260 0 298 299
300 1261 0 299 300
301 1262 0 300 301
302 1263 0 301 302
303 1264 0 302 303
304 1265 0 303 304
305 1266 0 304 305
306 1267 0 305 306
307 1268 0 306 307
308 1269 0 307 308
309 1270 0 308 309
310 1271 0 309 310
311 1272 0 310 311
312 1273 0 311 312
313 1274 0 312 313
314 1275 0 313 314
315 1276 0 314 315
316 1277 0 315 316
317 1278 0 316 317
318 1279 0 317 318
319 1280 0 318 319
320 1281 0 319 320
321 1282 0 320 321
322 1283 0 321 322
323 1284 0 322 323
324 1285 0 323 324
325 1286 0 324 325
326 1287 0 325 326
327 1288 0 326 327
328 1289 0 327 328
329 1290 0 328 329
330 1291 0 329 330
331 1292 0 330 331
332 1293 0 331 332
333 1294 0 332 333
334 1295 0 333 334
335 1296 0 334 335
336 1297 0 335 336
337 1298 0 336 337
338 1299 0 337 338
339 1300 0 338 339
340 1301 0 339 340
341 1302 0 340 341
342 1303 0 341 342
343 1304 0 342 343
344 1305 0 343 344
345 1306 0 344 345
346 1307 0 345 346
347 1308 0 346 347
348 1309 0 347 348
349 1310 0 348 349
350 1311 0 349 350
351 1312 0 350 351
352 1313 0 351 352
353 1314 0 352 353
354 1315 0 353 354
355 1316 0 354 355
356 1317 0 355 356
357 1318 0 356 357
358 1319 0 357 358
359 1320 0 358 359
360 1321 0 359 360
361 1322 0 360 361
362 1323 0 361 362
363 1324 0 362 363
364 1325 0 363 364
365 1326 0 364 365
366 1327 0 365 366
367 1328 0 366 367
368 1329 0 367 368
369 1330 0 368 369
370 1331 0 369 370
371 1332 0 370 371
372 1333 0 371 372
373 1334 0 372 373
374 1335 0 373 374
375 1336 0 374 375
376 1337 0 375 376
377 1338 0 376 377
378 1339 0 377 378
379 1340 0 378 379
380 1341 0 379 380
381 1342 0 380 381
382 1343 0 381 382
383 1344 0 382 383
384 1345 0 383 384
385 1346 0 384 385
386 1347 0 385 386
387 1348 0 386 387
388 1349 0 387 388
389 1350 0 388 389
390 1351 0 389 390
391 1352 0 390 391
392 1353 0 391 392
393 1354 0 392 393
394 1355 0 393 394
395 1356 0 394 395
396 1357 0 395 396
397 1358 0 396 397
398 1359 0 397 398
399 1360 0 398 399
400 1361 0 399 400
401 1362 0 400 401
402 1363 0 401 402
403 1364 0 402 403
404 1365 0 403 404
405 1366 0 404 405
406 1367 0 405 406
407 1368 0 406 407
408 1369 0 407 408
409 1370 0 408 409
410 1371 0 409 410
411 1372 0 410 411
412 1373 0 411 412
413 1374 0 412 413
414 1375 0 413 414
415 1376 0 414 415
416 1377 0 415 416
417 1378 0 416 417
418 1379 0 417 418
419 1380 0 418 419
420 1381 0 419 420
421 1382 0 420 421
422 1383 0 421 422
423 1384 0 422 423
424 1385 0 423 424
425 1386 0 424 425
426 1387 0 425 426
427 1388 0 426 427
428 1389 0 427 428
429 1390 0 428 429
430 1391 0 429 430
431 1392 0 430 431
432 1393 0 431 432
433 1394 0 432 433
434 1395 0 433 434
435 1396 0 434 435
436 1397 0 435 436
437 1398 0 436 437
438 1399 0 437 438
439 1400 0 438 439
440 1401 0 439 440
441 1402 0 440 441
442 1403 0 441 442
443 1404 0 442 443
444 1405 0 443 444
445 1406 0 444 445
446 1407 0 445 446
447 1408 0 446 447
448 1409 0 447 448
449 1410 0 448 449
450 1411 0 449 450
451 1412 0 450 451
452 1413 0 451 452
453 1414 0 452 453
454 1415 0 453 454
455 1416 0 454 455
456 1417 0 455 456
457 1418 0 456 457
458 1419 0 457 458
459 1420 0 458 459
460 1421 0 459 460
461 1422 0 460 461
462 1423 0 461 462
463 1424 0 462 463
464 1425 0 463 464
465 1426 0 464 465
466 1427 0 465 466
467 1428 0 466 467
468 1429 0 467 468
469 1430 0 468 469
470 1431 0 469 470
471 1432 0 470 471
472 1433 0 471 472
473 1434 0 472 473
474 1435 0 473 474
475 1436 0 474 475
476 1437 0 475 476
477 1438 0 476 477
478 1439 0 477 478
479 1440 0 478 479
480 1441 0 479 480
481 1442 0 480 481
482 1443 0 481 482
483 1444 0 482 483
484 1445 0 483 484
485 1446 0 484 485
486 1447 0 485 486
487 1448 0 486 487
488 1449 0 487 488
489 1450 0 488 489
490 1451 0 489 490
491 1452 0 490 491
492 1453 0 491 492
493 1454 0 492 493
494 1455 0 493 494
495 1456 0 494 495
496 1457 0 495 496
497 1458 0 496 497
498 1459 0 497 498
499 1460 0 498 499
500 1461 0 499 500
501 1462 0 500 501
502 1463 0 501 502
503 1464 0 502 503
504 1465 0 503 504
505 1466 0 504 505
506 1467 0 505 506
507 1468 0 506 507
508 1469 0 507 508
509 1470 0 508 509
510 1471 0 509 510
511 1472 0 510 511
512 1473 0 511 512
513 1474 0 512 513
514 1475 0 513 514
515 1476 0 514 515
516 1477 0 515 516
517 1478 0 516 517
518 1479 0 517 518
519 1480 0 518 519
520 1481 0 519 520
521 1482 0 520 521
522 1483 0 521 522
523 1484 0 522 523
524 1485 0 523 524
525 1486 0 524 525
526 1487 0 525 526
527 1488 0 526 527
528 1489 0 527 528
529 1490 0 528 529
530 1491 0 529 530
531 1492 0 530 531
532 1493 0 531 532
533 1494 0 532 533
534 1495 0 533 534
535 1496 0 534 535
536 1497 0 535 536
537 1498 0 536 537
538 1499 0 537 538
539 1500 0 538 539
540 1501 0 539 540
541 1502 0 540 541
542 1503 0 541 542
543 1504 0 542 543
544 1505 0 543 544
545 1506 0 544 545
546 1507 0 545 546
547 1508 0 546 547
548 1509 0 547 548
549 1510 0 548 549
550 1511 0 549 550
551 1512 0 550 551
552 1513 0 551 552
553 1514 0 552 553
554 1515 0 553 554
555 1516 0 554 555
556 1517 0 555 556
557 1518 0 556 557
558 1519 0 557 558
559 1520 0 558 559
560 1521 0 559 560
561 1522 0 560 561
562 1523 0 561 562
563 1524 0 562 563
564 1525 0 563 564
565 1526 0 564 565
566 1527 0 565 566
567 1528 0 566 567
568 1529 0 567 568
569 1530 0 568 569
570 1531 0 569 570
571 1532 0 570 571
572 1533 0 571 572
573 1534 0 572 573
574 1535 0 573 574
575 1536 0 574 575
576 1537 0 575 576
577 1538 0 576 577
578 1539 0 577 578
579 1540 0 578 579
580 1541 0 579 580
581 1542 0 580 581
582 1543 0 581 582
583 1544 0 582 583
584 1545 0 583 584
585 1546 0 584 585
586 1547 0 585 586
587 1548 0 586 587
588 1549 0 587 588
589 1550 0 588 589
590 1551 0 589 590
591 1552 0 590 591
592 1553 0 591 592
593 1554 0 592 593
594 1555 0 593 594
595 1556 0 594 595
596 1557 0 595 596
597 1558 0 596 597
598 1559 0 597 598
599 1560 0 598 599
600 1561 0 599 600
601 1562 0 600 601
602 1563 0 601 602
603 1564 0 602 603
604 1565 0 603 604
605 1566 0 604 605
606 1567 0 605 606
607 1568 0 606 607
608 1569 0 607 608
609 1570 0 608 609
610 1571 0 609 610
611 1572 0 610 611
612 1573 0 611 612
613 1574 0 612 613
614 1575 0 613 614
615 1576 0 614 615
616 1577 0 615 616
617 1578 0 616 617
618 1579 0 617 618
619 1580 0 618 619
620 1581 0 619 620
621 1582 0 620 621
622 1583 0 621 622
623 1584 0 622 623
624 1585 0 623 624
625 1586 0 624 625
626 1587 0 625 626
627 1588 0 626 627
628 1589 0 627 628
629 1590 0 628 629
630 1591 0 629 630
631 1592 0 630 631
632 1593 0 631 632
633 1594 0 632 633
634 1595 0 633 634
635 1596 0 634 635
636 1597 0 635 636
637 1598 0 636 637
638 1599 0 637 638
639 1600 0 638 639
640 1601 0 639 640
641 1602 0 640 641
642 1603 0 641 642
643 1604 0 642 643
644 1605 0 643 644
645 1606 0 644 645
646 1607 0 645 646
647 1608 0 646 647
648 1609 0 647 648
649 1610 0 648 649
650 1611 0 649 650
651 1612 0 650 651
652 1613 0 651 652
653 1614 0 652 653
654 1615 0 653 654
655 1616 0 654 655
656 1617 0 655 656
657 1618 0 656 657
658 1619 0 657 658
659 1620 0 658 659
660 1621 0 659 660
661 1622 0 660 661
662 1623 0 661 662
663 1624 0 662 663
664 1625 0 663 664
665 1626 0 664 665
666 1627 0 665 666
667 1628 0 666 667
668 1629 0 667 668
669 1630 0 668 669
670 1631 0 669 670
671 1632 0 670 671
672 1633 0 671 672
673 1634 0 672 673
674 1635 0 673 674
675 1636 0 674 675
676 1637 0 675 676
677 1638 0 676 677
678 1639 0 677 678
679 1640 0 678 679
680 1641 0 679 680
681 1642 0 680 681
682 1643 0 681 682
683 1644 0 682 683
684 1645 0 683 684
685 1646 0 684 685
686 1647 0 685 686
687 1648 0 686 687
688 1649 0 687 688
689 1650 0 688 689
690 1651 0 689 690
691 1652 0 690 691
692 1653 0 691 692
693 1654 0 692 693
694 1655 0 693 694
695 1656 0 694 695
696 1657 0 695 696
697 1658 0 696 697
698 1659 0 697 698
699 1660 0 698 699
700 1661 0 699 700
701 1662 0 700 701
702 1663 0 701 702
703 1664 0 702 703
704 1665 0 703 704
705 1666 0 704 705
706 1667 0 705 706
707 1668 0 706 707
708 1669 0 707 708
709 1670 0 708 709
710 1671 0 709 710
711 1672 0 710 711
712 1673 0 711 712
713 1674 0 712 713
714 1675 0 713 714
715 1676 0 714 715
716 1677 0 715 716
717 1678 0 716 717
718 1679 0 717 718
719 1680 0 718 719
720 1681 0 719 720
721 1682 0 720 721
722 1683 0 721 722
723 1684 0 722 723
724 1685 0 723 724
725 1686 0 724 725
726 1687 0 725 726
727 1688 0 726 727
728 1689 0 727 728
729 1690 0 728 729
730 1691 0 729 730
731 1692 0 730 731
732 1693 0 731 732
733 1694 0 732 733
734 1695 0 733 734
735 1696 0 734 735
736 1697 0 735 736
737 1698 0 736 737
738 1699 0 737 738
739 1700 0 738 739
740 1701 0 739 740
741 1702 0 740 741
742 1703 0 741 742
743 1704 0 742 743
744 1705 0 743 744
745 1706 0 744 745
746 1707 0 745 746
747 1708 0 746 747
748 1709 0 747 748
749 1710 0 748 749
750 1711 0 749 750
751 1712 0 750 751
752 1713 0 751 752
753 1714 0 752 753
754 1715 0 753 754
755 1716 0 754 755
756 1717 0 755 756
757 1718 0 756 757
758 1719 0 757 758
759 1720 0 758 759
760 1721 0 759 760
761 1722 0 760 761
762 1723 0 761 762
763 1724 0 762 763
764 1725 0 763 764
765 1726 0 764 765
766 1727 0 765 766
767 1728 0 766 767
768 1729 0 767 768
769 1730 0 768 769
770 1731 0 769 770
771 1732 0 770 771
772 1733 0 771 772
773 1734 0 772 773
774 1735 0 773 774
775 1736 0 774 775
776 1737 0 775 776
777 1738 0 776 777
778 1739 0 777 778
779 1740 0 778 779
780 1741 0 779 780
781 1742 0 780 781
782 1743 0 781 782
783 1744 0 782 783
784 1745 0 783 784
785 1746 0 784 785
786 1747 0 785 786
787 1748 0 786 787
788 1749 0 787 788
789 1750 0 788 789
790 1751 0 789 790
791 1752 0 790 791
792 1753 0 791 792
793 1754 0 792 793
794 1755 0 793 794
795 1756 0 794 795
796 1757 0 795 796
797 1758 0 796 797
798 1759 0 797 798
799 1760 0 798 799
800 1761 0 799 800
801 1762 0 800 801
802 1763 0 801 802
803 1764 0 802 803
804 1765 0 803 804
805 1766 0 804 805
806 1767 0 805 806
807 1768 0 806 807
808 1769 0 807 808
809 1770 0 808 809
810 1771 0 809 810
811 1772 0 810 811
812 1773 0 811 812
813 1774 0 812 813
814 1775 0 813 814
815 1776 0 814 815
816 1777 0 815 816
817 1778 0 816 817
818 1779 0 817 818
819 1780 0 818 819
820 1781 0 819 820
821 1782 0 820 821
822 1783 0 821 822
823 1784 0 822 823
824 1785 0 823 824
825 1786 0 824 825
826 1787 0 825 826
827 1788 0 826 827
828 1789 0 827 828
829 1790 0 828 829
830 1791 0 829 830
831 1792 0 830 831
832 1793 0 831 832
833 1794 0 832 833
834 1795 0 833 834
835 1796 0 834 835
836 1797 0 835 836
837 1798 0 836 837
838 1799 0 837 838
839 1800 0 838 839
840 1801 0 839 840
841 1802 0 840 841
842 1803 0 841 842
843 1804 0 842 843
844 1805 0 843 844
845 1806 0 844 845
846 1807 0 845 846
847 1808 0 846 847
848 1809 0 847 848
849 1810 0 848 849
850 1811 0 849 850
851 1812 0 850 851
852 1813 0 851 852
853 1814 0 852 853
854 1815 0 853 854
855 1816 0 854 855
856 1817 0 855 856
857 1818 0 856 857
858 1819 0 857 858
859 1820 0 858 859
860 1821 0 859 860
861 1822 0 860 861
862 1823 0 861 862
863 1824 0 862 863
864 1825 0 863 864
865 1826 0 864 865
866 1827 0 865 866
867 1828 0 866 867
868 1829 0 867 868
869 1830 0 868 869
870 1831 0 869 870
871 1832 0 870 871
872 1833 0 871 872
873 1834 0 872 873
874 1835 0 873 874
875 1836 0 874 875
876 1837 0 875 876
877 1838 0 876 877
878 1839 0 877 878
879 1840 0 878 879
880 1841 0 879 880
881 1842 0 880 881
882 1843 0 881 882
883 1844 0 882 883
884 1845 0 883 884
885 1846 0 884 885
886 1847 0 885 886
887 1848 0 886 887
888 1849 0 887 888
889 1850 0 888 889
890 1851 0 889 890
891 1852 0 890 891
892 1853 0 891 892
893 1854 0 892 893
894 1855 0 893 894
895 1856 0 894 895
896 1857 0 895 896
897 1858 0 896 897
898 1859 0 897 898
899 1860 0 898 899
900 1861 0 899 900
901 1862 0 900 901
902 1863 0 901 902
903 1864 0 902 903
904 1865 0 903 904
905 1866 0 904 905
906 1867 0 905 906
907 1868 0 906 907
908 1869 0 907 908
909 1870 0 908 909
910 1871 0 909 910
911 1872 0 910 911
912 1873 0 911 912
913 1874 0 912 913
914 1875 0 913 914
915 1876 0 914 915
916 1877 0 915 916
917 1878 0 916 917
918 1879 0 917 918
919 1880 0 918 919
920 1881 0 919 920
921 1882 0 920 921
922 1883 0 921 922
923 1884 0 922 923
924 1885 0 923 924
925 1886 0 924 925
926 1887 0 925 926
927 1888 0 926 927
928 1889 0 927 928
929 1890 0 928 929
930 1891 0 929 930
931 1892 0 930 931
932 1893 0 931 932
933 1894 0 932 933
934 1895 0 933 934
935 1896 0 934 935
936 1897 0 935 936
937 1898 0 936 937
938 1899 0 937 938
939 1900 0 938 939
940 1901 0 939 940
941 1902 0 940 941
942 1903 0 941 942
943 1904 0 942 943
944 1905 0 943 944
945 1906 0 944 945
946 1907 0 945 946
947 1908 0 946 947
948 1909 0 947 948
949 1910 0 948 949
950 1911 0 949 950
951 1912 0 950 951
952 1913 0 951 952
953 1914 0 952 953
954 1915 0 953 954
955 1916 0 954 955
956 1917 0 955 956
957 1918 0 956 957
958 1919 0 957 958
959 1920 0 958 959
960 1921 1 959 -1
0 1 1 0 -1
1 2 1 1 -1
2 3 1 2 -1
3 4 1 3 -1
4 5 1 4 -1
5 6 1 5 -1
6 7 1 6 -1
7 8 1 7 -1
8 9 1 8 -1
9 10 1 9 -1
10 11 1 10 -1
11 12 1 11 -1
12 13 1 12 -1
13 14 1 13 -1
14 15 1 14 -1
15 16 1 15 -1
16 17 1 16 -1
17 18 1 17 -1
18 19 1 18 -1
19 20 1 19 -1
20 21 1 20 -1
21 22 1 21 -1
22 23 1 22 -1
23 24 1 23 -1
24 25 1 24 -1
25 26 1 25 -1
26 27 1 26 -1
27 28 1 27 -1
28 29 1 28 -1
29 30 1 29 -1
30 31 1 30 -1
31 32 1 31 -1
32 33 1 32 -1
33 34 1 33 -1
34 35 1 34 -1
35 36 1 35 -1
36 37 1 36 -1
37 38 1 37 -1
38 39 1 38 -1
39 40 1 39 -1
40 41 1 40 -1
41 42 1 41 -1
42 43 1 42 -1
43 44 1 43 -1
44 45 1 44 -1
45 46 1 45 -1
46 47 1 46 -1
47 48 1 47 -1
48 49 1 48 -1
49 50 1 49 -1
50 51 1 50 -1
51 52 1 51 -1
52 53 1 52 -1
53 54 1 53 -1
54 55 1 54 -1
55 56 1 55 -1
56 57 1 56 -1
57 58 1 57 -1
58 59 1 58 -1
59 60 1 59 -1
60 61 1 60 -1
61 62 1 61 -1
62 63 1 62 -1
63 64 1 63 -1
64 65 1 64 -1
65 66 1 65 -1
66 67 1 66 -1
67 68 1 67 -1
68 69 1 68 -1
69 70 1 69 -1
70 71 1 70 -1
71 72 1 71 -1
72 73 1 72 -1
73 74 1 73 -1
74 75 1 74 -1
75 76 1 75 -1
76 77 1 76 -1
77 78 1 77 -1
78 79 1 78 -1
79 80 1 79 -1
80 81 1 80 -1
81 82 1 81 -1
82 83 1 82 -1
83 84 1 83 -1
84 85 1 84 -1
85 86 1 85 -1
86 87 1 86 -1
87 88 1 87 -1
88 89 1 88 -1
89 90 1 89 -1
90 91 1 90 -1
91 92 1 91 -1
92 93 1 92 -1
93 94 1 93 -1
94 95 1 94 -1
95 96 1 95 -1
96 97 1 96 -1
97 98 1 97 -1
98 99 1 98 -1
99 100 1 99 -1
100 101 1 100 -1
101 102 1 101 -1
102 103 1 102 -1
103 104 1 103 -1
104 105 1 104 -1
105 106 1 105 -1
106 107 1 106 -1
107 108 1 107 -1
108 109 1 108 -1
109 110 1 109 -1
110 111 1 110 -1
111 112 1 111 -1
112 113 1 112 -1
113 114 1 113 -1
114 115 1 114 -1
115 116 1 115 -1
116 117 1 116 -1
117 118 1 117 -1
118 119 1 118 -1
119 120 1 119 -1
120 121 1 120 -1
121 122 1 121 -1
122 123 1 122 -1
123 124 1 123 -1
124 125 1 124 -1
125 126 1 125 -1
126 127 1 126 -1
127 128 1 127 -1
128 129 1 128 -1
129 130 1 129 -1
130 131 1 130 -1
131 132 1 131 -1
132 133 1 132 -1
133 134 1 133 -1
134 135 1 134 -1
135 136 1 135 -1
136 137 1 136 -1
137 138 1 137 -1
138 139 1 138 -1
139 140 1 139 -1
140 141 1 140 -1
141 142 1 141 -1
142 143 1 142 -1
143 144 1 143 -1
144 145 1 144 -1
145 146 1 145 -1
146 147 1 146 -1
147 148 1 147 -1
148 149 1 148 -1
149 150 1 149 -1
150 151 1 150 -1
151 152 1 151 -1
152 153 1 152 -1
153 154 1 153 -1
154 155 1 154 -1
155 156 1 155 -1
156 157 1 156 -1
157 158 1 157 -1
158 159 1 158 -1
159 160 1 159 -1
160 161 1 160 -1
161 162 1 161 -1
162 163 1 162 -1
163 164 1 163 -1
164 165 1 164 -1
165 166 1 165 -1
166 167 1 166 -1
167 168 1 167 -1
168 169 1 168 -1
169 170 1 169 -1
170 171 1 170 -1
171 172 1 171 -1
172 173 1 172 -1
173 174 1 173 -1
174 175 1 174 -1
175 176 1 175 -1
176 177 1 176 -1
177 178 1 177 -1
178 179 1 178 -1
179 180 1 179 -1
180 181 1 180 -1
181 182 1 181 -1
182 183 1 182 -1
183 184 1 183 -1
184 185 1 184 -1
185 186 1 185 -1
186 187 1 186 -1
187 188 1 187 -1
188 189 1 188 -1
189 190 1 189 -1
190 191 1 190 -1
191 192 1 191 -1
192 193 1 192 -1
193 194 1 193 -1
194 195 1 194 -1
195 196 1 195 -1
196 197 1 196 -1
197 198 1 197 -1
198 199 1 198 -1
199 200 1 199 -1
200 201 1 200 -1
201 202 1 201 -1
202 203 1 202 -1
203 204 1 203 -1
204 205 1 204 -1
205 206 1 205 -1
206 207 1 206 -1
207 208 1 207 -1
208 209 1 208 -1
209 210 1 209 -1
210 211 1 210 -1
211 212 1 211 -1
212 213 1 212 -1
213 214 1 213 -1
214 215 1 214 -1
215 216 1 215 -1
216 217 1 216 -1
217 218 1 217 -1
218 219 1 218 -1
219 220 1 219 -1
220 221 1 220 -1
221 222 1 221 -1
222 223 1 222 -1
223 224 1 223 -1
224 225 1 224 -1
225 226 1 225 -1
226 227 1 226 -1
227 228 1 227 -1
228 229 1 228 -1
229 230 1 229 -1
230 231 1 230 -1
231 232 1 231 -1
232 233 1 232 -1
233 234 1 233 -1
234 235 1 234 -1
235 236 1 235 -1
236 237 1 236 -1
237 238 1 237 -1
238 239 1 238 -1
239 240 1 239 -1
240 241 1 240 -1
241 242 1 241 -1
242 243 1 242 -1
243 244 1 243 -1
244 245 1 244 -1
245 246 1 245 -1
246 247 1 246 -1
247 248 1 247 -1
248 249 1 248 -1
249 250 1 249 -1
250 251 1 250 -1
251 252 1 251 -1
252 253 1 252 -1
253 254 1 253 -1
254 255 1 254 -1
255 256 1 255 -1
256 257 1 256 -1
257 258 1 257 -1
258 259 1 258 -1
259 260 1 259 -1
260 261 1 260 -1
261 262 1 261 -1
262 263 1 262 -1
263 264 1 263 -1
264 265 1 264 -1
265 266 1 265 -1
266 267 1 266 -1
267 268 1 267 -1
268 269 1 268 -1
269 270 1 269 -1
270 271 1 270 -1
271 272 1 271 -1
272 273 1 272 -1
273 274 1 273 -1
274 275 1 274 -1
275 276 1 275 -1
276 277 1 276 -1
277 278 1 277 -1
278 279 1 278 -1
279 280 1 279 -1
280 281 1 280 -1
281 282 1 281 -1
282 283 1 282 -1
283 284 1 283 -1
284 285 1 284 -1
285 286 1 285 -1
286 287 1 286 -1
287 288 1 287 -1
288 289 1 288 -1
289 290 1 289 -1
290 291 1 290 -1
291 292 1 291 -1
292 293 1 292 -1
293 294 1 293 -1
294 295 1 294 -1
295 296 1 295 -1
296 297 1 296 -1
297 298 1 297 -1
298 299 1 298 -1
299 300 1 299 -1
300 301 1 300 -1
301 302 1 301 -1
302 303 1 302 -1
303 304 1 303 -1
304 305 1 304 -1
305 306 1 305 -1
306 307 1 306 -1
307 308 1 307 -1
308 309 1 308 -1
309 310 1 309 -1
310 311 1 310 -1
311 312 1 311 -1
312 313 1 312 -1
313 314 1 313 -1
314 315 1 314 -1
315 316 1 315 -1
316 317 1 316 -1
317 318 1 317 -1
318 319 1 318 -1
319 320 1 319 -1
320 321 1 320 -1
321 322 1 321 -1
322 323 1 322 -1
323 324 1 323 -1
324 325 1 324 -1
325 326 1 325 -1
326 327 1 326 -1
327 328 1 327 -1
328 329 1 328 -1
329 330 1 329 -1
330 331 1 330 -1
331 332 1 331 -1
332 333 1 332 -1
333 334 1 333 -1
334 335 1 334 -1
335 336 1 335 -1
336 337 1 336 -1
337 338 1 337 -1
338 339 1 338 -1
339 340 1 339 -1
340 341 1 340 -1
341 342 1 341 -1
342 343 1 342 -1
343 344 1 343 -1
344 345 1 344 -1
345 346 1 345 -1
346 347 1 346 -1
347 348 1 347 -1
348 349 1 348 -1
349 350 1 349 -1
350 351 1 350 -1
351 352 1 351 -1
352 353 1 352 -1
353 354 1 353 -1
354 355 1 354 -1
355 356 1 355 -1
356 357 1 356 -1
357 358 1 357 -1
358 359 1 358 -1
359 360 1 359 -1
360 361 1 360 -1
361 362 1 361 -1
362 363 1 362 -1
363 364 1 363 -1
364 365 1 364 -1
365 366 1 365 -1
366 367 1 366 -1
367 368 1 367 -1
368 369 1 368 -1
369 370 1 369 -1
370 371 1 370 -1
371 372 1 371 -1
372 373 1 372 -1
373 374 1 373 -1
374 375 1 374 -1
375 376 1 375 -1
376 377 1 376 -1
377 378 1 377 -1
378 379 1 378 -1
379 380 1 379 -1
380 381 1 380 -1
381 382 1 381 -1
382 383 1 382 -1
383 384 1 383 -1
384 385 1 384 -1
385 386 1 385 -1
386 387 1 386 -1
387 388 1 387 -1
388 389 1 388 -1
389 390 1 389 -1
390 391 1 390 -1
391 392 1 391 -1
392 393 1 392 -1
393 394 1 393 -1
394 395 1 394 -1
395 396 1 395 -1
396 397 1 396 -1
397 398 1 397 -1
398 399 1 398 -1
399 400 1 399 -1
400 401 1 400 -1
401 402 1 401 -1
402 403 1 402 -1
403 404 1 403 -1
404 405 1 404 -1
405 406 1 405 -1
406 407 1 406 -1
407 408 1 407 -1
408 409 1 408 -1
409 410 1 409 -1
410 411 1 410 -1
411 412 1 411 -1
412 413 1 412 -1
413 414 1 413 -1
414 415 1 414 -1
415 416 1 415 -1
416 417 1 416 -1
417 418 1 417 -1
418 419 1 418 -1
419 420 1 419 -1
420 421 1 420 -1
421 422 1 421 -1
422 423 1 422 -1
423 424 1 423 -1
424 425 1 424 -1
425 426 1 425 -1
426 427 1 426 -1
427 428 1 427 -1
428 429 1 428 -1
429 430 1 429 -1
430 431 1 430 -1
431 432 1 431 -1
432 433 1 432 -1
433 434 1 433 -1
434 435 1 434 -1
435 436 1 435 -1
436 437 1 436 -1
437 438 1 437 -1
438 439 1 438 -1
439 440 1 439 -1
440 441 1 440 -1
441 442 1 441 -1
442 443 1 442 -1
443 444 1 443 -1
444 445 1 444 -1
445 446 1 445 -1
446 447 1 446 -1
447 448 1 447 -1
448 449 1 448 -1
449 450 1 449 -1
450 451 1 450 -1
451 452 1 451 -1
452 453 1 452 -1
453 454 1 453 -1
454 455 1 454 -1
455 456 1 455 -1
456 457 1 456 -1
457 458 1 457 -1
458 459 1 458 -1
459 460 1 459 -1
460 461 1 460 -1
461 462 1 461 -1
462 463 1 462 -1
463 464 1 463 -1
464 465 1 464 -1
465 466 1 465 -1
466 467 1 466 -1
467 468 1 467 -1
468 469 1 468 -1
469 470 1 469 -1
470 471 1 470 -1
471 472 1 471 -1
472 473 1 472 -1
473 474 1 473 -1
474 475 1 474 -1
475 476 1 475 -1
476 477 1 476 -1
477 478 1 477 -1
478 479 1 478 -1
479 480 1 479 -1
480 481 1 480 -1
481 482 1 481 -1
482 483 1 482 -1
483 484 1 483 -1
484 485 1 484 -1
485 486 1 485 -1
486 487 1 486 -1
487 488 1 487 -1
488 489 1 488 -1
489 490 1 489 -1
490 491 1 490 -1
491 492 1 491 -1
492 493 1 492 -1
493 494 1 493 -1
494 495 1 494 -1
495 496 1 495 -1
496 497 1 496 -1
497 498 1 497 -1
498 499 1 498 -1
499 500 1 499 -1
500 501 1 500 -1
501 502 1 501 -1
502 503 1 502 -1
503 504 1 503 -1
504 505 1 504 -1
505 506 1 505 -1
506 507 1 506 -1
507 508 1 507 -1
508 509 1 508 -1
509 510 1 509 -1
510 511 1 510 -1
511 512 1 511 -1
512 513 1 512 -1
513 514 1 513 -1
514 515 1 514 -1
515 516 1 515 -1
516 517 1 516 -1
517 518 1 517 -1
518 519 1 518 -1
519 520 1 519 -1
520 521 1 520 -1
521 522 1 521 -1
522 523 1 522 -1
523 524 1 523 -1
524 525 1 524 -1
525 526 1 525 -1
526 527 1 526 -1
527 528 1 527 -1
528 529 1 528 -1
529 530 1 529 -1
530 531 1 530 -1
531 532 1 531 -1
532 533 1 532 -1
533 534 1 533 -1
534 535 1 534 -1
535 536 1 535 -1
536 537 1 536 -1
537 538 1 537 -1
538 539 1 538 -1
539 540 1 539 -1
540 541 1 540 -1
541 542 1 541 -1
542 543 1 542 -1
543 544 1 543 -1
544 545 1 544 -1
545 546 1 545 -1
546 547 1 546 -1
547 548 1 547 -1
548 549 1 548 -1
549 550 1 549 -1
550 551 1 550 -1
551 552 1 551 -1
552 553 1 552 -1
553 554 1 553 -1
554 555 1 554 -1
555 556 1 555 -1
556 557 1 556 -1
557 558 1 557 -1
558 559 1 558 -1
559 560 1 559 -1
560 561 1 560 -1
561 562 1 561 -1
562 563 1 562 -1
563 564 1 563 -1
564 565 1 564 -1
565 566 1 565 -1
566 567 1 566 -1
567 568 1 567 -1
568 569 1 568 -1
569 570 1 569 -1
570 571 1 570 -1
571 572 1 571 -1
572 573 1 572 -1
573 574 1 573 -1
574 575 1 574 -1
575 576 1 575 -1
576 577 1 576 -1
577 578 1 577 -1
578 579 1 578 -1
579 580 1 579 -1
580 581 1 580 -1
581 582 1 581 -1
582 583 1 582 -1
583 584 1 583 -1
584 585 1 584 -1
585 586 1 585 -1
586 587 1 586 -1
587 588 1 587 -1
588 589 1 588 -1
589 590 1 589 -1
590 591 1 590 -1
591 592 1 591 -1
592 593 1 592 -1
593 594 1 593 -1
594 595 1 594 -1
595 596 1 595 -1
596 597 1 596 -1
597 598 1 597 -1
598 599 1 598 -1
599 600 1 599 -1
600 601 1 600 -1
601 602 1 601 -1
602 603 1 602 -1
603 604 1 603 -1
604 605 1 604 -1
605 606 1 605 -1
606 607 1 606 -1
607 608 1 607 -1
608 609 1 608 -1
609 610 1 609 -1
610 611 1 610 -1
611 612 1 611 -1
612 613 1 612 -1
613 614 1 613 -1
614 615 1 614 -1
615 616 1 615 -1
616 617 1 616 -1
617 618 1 617 -1
618 619 1 618 -1
619 620 1 619 -1
620 621 1 620 -1
621 622 1 621 -1
622 623 1 622 -1
623 624 1 623 -1
624 625 1 624 -1
625 626 1 625 -1
626 627 1 626 -1
627 628 1 627 -1
628 629 1 628 -1
629 630 1 629 -1
630 631 1 630 -1
631 632 1 631 -1
632 633 1 632 -1
633 634 1 633 -1
634 635 1 634 -1
635 636 1 635 -1
636 637 1 636 -1
637 638 1 637 -1
638 639 1 638 -1
639 640 1 639 -1
640 641 1 640 -1
641 642 1 641 -1
642 643 1 642 -1
643 644 1 643 -1
644 645 1 644 -1
645 646 1 645 -1
646 647 1 646 -1
647 648 1 647 -1
648 649 1 648 -1
649 650 1 649 -1
650 651 1 650 -1
651 652 1 651 -1
652 653 1 652 -1
653 654 1 653 -1
654 655 1 654 -1
655 656 1 655 -1
656 657 1 656 -1
657 658 1 657 -1
658 659 1 658 -1
659 660 1 659 -1
660 661 1 660 -1
661 662 1 661 -1
662 663 1 662 -1
663 664 1 663 -1
664 665 1 664 -1
665 666 1 665 -1
666 667 1 666 -1
667 668 1 667 -1
668 669 1 668 -1
669 670 1 669 -1
670 671 1 670 -1
671 672 1 671 -1
672 673 1 672 -1
673 674 1 673 -1
674 675 1 674 -1
675 676 1 675 -1
676 677 1 676 -1
677 678 1 677 -1
678 679 1 678 -1
679 680 1 679 -1
680 681 1 680 -1
681 682 1 681 -1
682 683 1 682 -1
683 684 1 683 -1
684 685 1 684 -1
685 686 1 685 -1
686 687 1 686 -1
687 688 1 687 -1
688 689 1 688 -1
689 690 1 689 -1
690 691 1 690 -1
691 692 1 691 -1
692 693 1 692 -1
693 694 1 693 -1
694 695 1 694 -1
695 696 1 695 -1
696 697 1 696 -1
697 698 1 697 -1
698 699 1 698 -1
699 700 1 699 -1
700 701 1 700 -1
701 702 1 701 -1
702 703 1 702 -1
703 704 1 703 -1
704 705 1 704 -1
705 706 1 705 -1
706 707 1 706 -1
707 708 1 707 -1
708 709 1 708 -1
709 710 1 709 -1
710 711 1 710 -1
711 712 1 711 -1
712 713 1 712 -1
713 714 1 713 -1
714 715 1 714 -1
715 716 1 715 -1
716 717 1 716 -1
717 718 1 717 -1
718 719 1 718 -1
719 720 1 719 -1
720 721 1 720 -1
721 722 1 721 -1
722 723 1 722 -1
723 724 1 723 -1
724 725 1 724 -1
725 726 1 725 -1
726 727 1 726 -1
727 728 1 727 -1
728 729 1 728 -1
729 730 1 729 -1
730 731 1 730 -1
731 732 1 731 -1
732 733 1 732 -1
733 734 1 733 -1
734 735 1 734 -1
735 736 1 735 -1
736 737 1 736 -1
737 738 1 737 -1
738 739 1 738 -1
739 740 1 739 -1
740 741 1 740 -1
741 742 1 741 -1
742 743 1 742 -1
743 744 1 743 -1
744 745 1 744 -1
745 746 1 745 -1
746 747 1 746 -1
747 748 1 747 -1
748 749 1 748 -1
749 750 1 749 -1
750 751 1 750 -1
751 752 1 751 -1
752 753 1 752 -1
753 754 1 753 -1
754 755 1 754 -1
755 756 1 755 -1
756 757 1 756 -1
757 758 1 757 -1
758 759 1 758 -1
759 760 1 759 -1
760 761 1 760 -1
761 762 1 761 -1
762 763 1 762 -1
763 764 1 763 -1
764 765 1 764 -1
765 766 1 765 -1
766 767 1 766 -1
767 768 1 767 -1
768 769 1 768 -1
769 770 1 769 -1
770 771 1 770 -1
771 772 1 771 -1
772 773 1 772 -1
773 774 1 773 -1
774 775 1 774 -1
775 776 1 775 -1
776 777 1 776 -1
777 778 1 777 -1
778 779 1 778 -1
779 780 1 779 -1
780 781 1 780 -1
781 782 1 781 -1
782 783 1 782 -1
783 784 1 783 -1
784 785 1 784 -1
785 786 1 785 -1
786 787 1 786 -1
787 788 1 787 -1
788 789 1 788 -1
789 790 1 789 -1
790 791 1 790 -1
791 792 1 791 -1
792 793 1 792 -1
793 794 1 793 -1
794 795 1 794 -1
795 796 1 795 -1
796 797 1 796 -1
797 798 1 797 -1
798 799 1 798 -1
799 800 1 799 -1
800 801 1 800 -1
801 802 1 801 -1
802 803 1 802 -1
803 804 1 803 -1
804 805 1 804 -1
805 806 1 805 -1
806 807 1 806 -1
807 808 1 807 -1
808 809 1 808 -1
809 810 1 809 -1
810 811 1 810 -1
811 812 1 811 -1
812 813 1 812 -1
813 814 1 813 -1
814 815 1 814 -1
815 816 1 815 -1
816 817 1 816 -1
817 818 1 817 -1
818 819 1 818 -1
819 820 1 819 -1
820 821 1 820 -1
821 822 1 821 -1
822 823 1 822 -1
823 824 1 823 -1
824 825 1 824 -1
825 826 1 825 -1
826 827 1 826 -1
827 828 1 827 -1
828 829 1 828 -1
829 830 1 829 -1
830 831 1 830 -1
831 832 1 831 -1
832 833 1 832 -1
833 834 1 833 -1
834 835 1 834 -1
835 836 1 835 -1
836 837 1 836 -1
837 838 1 837 -1
838 839 1 838 -1
839 840 1 839 -1
840 841 1 840 -1
841 842 1 841 -1
842 843 1 842 -1
843 844 1 843 -1
844 845 1 844 -1
845 846 1 845 -1
846 847 1 846 -1
847 848 1 847 -1
848 849 1 848 -1
849 850 1 849 -1
850 851 1 850 -1
851 852 1 851 -1
852 853 1 852 -1
853 854 1 853 -1
854 855 1 854 -1
855 856 1 855 -1
856 857 1 856 -1
857 858 1 857 -1
858 859 1 858 -1
859 860 1 859 -1
860 861 1 860 -1
861 862 1 861 -1
862 863 1 862 -1
863 864 1 863 -1
864 865 1 864 -1
865 866 1 865 -1
866 867 1 866 -1
867 868 1 867 -1
868 869 1 868 -1
869 870 1 869 -1
870 871 1 870 -1
871 872 1 871 -1
872 873 1 872 -1
873 874 1 873 -1
874 875 1 874 -1
875 876 1 875 -1
876 877 1 876 -1
877 878 1 877 -1
878 879 1 878 -1
879 880 1 879 -1
880 881 1 880 -1
881 882 1 881 -1
882 883 1 882 -1
883 884 1 883 -1
884 885 1 884 -1
885 886 1 885 -1
886 887 1 886 -1
887 888 1 887 -1
888 889 1 888 -1
889 890 1 889 -1
890 891 1 890 -1
891 892 1 891 -1
892 893 1 892 -1
893 894 1 893 -1
894 895 1 894 -1
895 896 1 895 -1
896 897 1 896 -1
897 898 1 897 -1
898 899 1 898 -1
899 900 1 899 -1
900 901 1 900 -1
901 902 1 901 -1
902 903 1 902 -1
903 904 1 903 -1
904 905 1 904 -1
905 906 1 905 -1
906 907 1 906 -1
907 908 1 907 -1
908 909 1 908 -1
909 910 1 909 -1
910 911 1 910 -1
911 912 1 911 -1
912 913 1 912 -1
913 914 1 913 -1
914 915 1 914 -1
915 916 1 915 -1
916 917 1 916 -1
917 918 1 917 -1
918 919 1 918 -1
919 920 1 919 -1
920 921 1 920 -1
921 922 1 921 -1
922 923 1 922 -1
923 924 1 923 -1
924 925 1 924 -1
925 926 1 925 -1
926 927 1 926 -1
927 928 1 927 -1
928 929 1 928 -1
929 930 1 929 -1
930 931 1 930 -1
931 932 1 931 -1
932 933 1 932 -1
933 934 1 933 -1
934 935 1 934 -1
935 936 1 935 -1
936 937 1 936 -1
937 938 1 937 -1
938 939 1 938 -1
939 940 1 939 -1
940 941 1 940 -1
941 942 1 941 -1
942 943 1 942 -1
943 944 1 943 -1
944 945 1 944 -1
945 946 1 945 -1
946 947 1 946 -1
947 948 1 947 -1
948 949 1 948 -1
949 950 1 949 -1
950 951 1 950 -1
951 952 1 951 -1
952 953 1 952 -1
953 954 1 953 -1
954 955 1 954 -1
955 956 1 955 -1
956 957 1 956 -1
957 958 1 957 -1
958 959 1 958 -1
959 960 1 959 -1
961 962 1 -1 0
962 963 1 -1 1
963 964 1 -1 2
964 965 1 -1 3
965 966 1 -1 4
966 967 1 -1 5
967 968 1 -1 6
968 969 1 -1 7
969 970 1 -1 8
970 971 1 -1 9
971 972 1 -1 10
972 973 1 -1 11
973 974 1 -1 12
974 975 1 -1 13
975 976 1 -1 14
976 977 1 -1 15
977 978 1 -1 16
978 979 1 -1 17
979 980 1 -1 18
980 981 1 -1 19
981 982 1 -1 20
982 983 1 -1 21
983 984 1 -1 22
984 985 1 -1 23
985 986 1 -1 24
986 987 1 -1 25
987 988 1 -1 26
988 989 1 -1 27
989 990 1 -1 28
990 991 1 -1 29
991 992 1 -1 30
992 993 1 -1 31
993 994 1 -1 32
994 995 1 -1 33
995 996 1 -1 34
996 997 1 -1 35
997 998 1 -1 36
998 999 1 -1 37
999 1000 1 -1 38
1000 1001 1 -1 39
1001 1002 1 -1 40
1002 1003 1 -1 41
1003 1004 1 -1 42
1004 1005 1 -1 43
1005 1006 1 -1 44
1006 1007 1 -1 45
1007 1008 1 -1 46
1008 1009 1 -1 47
1009 1010 1 -1 48
1010 1011 1 -1 49
1011 1012 1 -1 50
1012 1013 1 -1 51
1013 1014 1 -1 52
1014 1015 1 -1 53
1015 1016 1 -1 54
1016 1017 1 -1 55
1017 1018 1 -1 56
1018 1019 1 -1 57
1019 1020 1 -1 58
1020 1021 1 -1 59
1021 1022 1 -1 60
1022 1023 1 -1 61
1023 1024 1 -1 62
1024 1025 1 -1 63
1025 1026 1 -1 64
1026 1027 1 -1 65
1027 1028 1 -1 66
1028 1029 1 -1 67
1029 1030 1 -1 68
1030 1031 1 -1 69
1031 1032 1 -1 70
1032 1033 1 -1 71
1033 1034 1 -1 72
1034 1035 1 -1 73
1035 1036 1 -1 74
1036 1037 1 -1 75
1037 1038 1 -1 76
1038 1039 1 -1 77
1039 1040 1 -1 78
1040 1041 1 -1 79
1041 1042 1 -1 80
1042 1043 1 -1 81
1043 1044 1 -1 82
1044 1045 1 -1 83
1045 1046 1 -1 84
1046 1047 1 -1 85
1047 1048 1 -1 86
1048 1049 1 -1 87
1049 1050 1 -1 88
1050 1051 1 -1 89
1051 1052 1 -1 90
1052 1053 1 -1 91
1053 1054 1 -1 92
1054 1055 1 -1 93
1055 1056 1 -1 94
1056 1057 1 -1 95
1057 1058 1 -1 96
1058 1059 1 -1 97
1059 1060 1 -1 98
1060 1061 1 -1 99
1061 1062 1 -1 100
1062 1063 1 -1 101
1063 1064 1 -1 102
1064 1065 1 -1 103
1065 1066 1 -1 104
1066 1067 1 -1 105
1067 1068 1 -1 106
1068 1069 1 -1 107
1069 1070 1 -1 108
1070 1071 1 -1 109
1071 1072 1 -1 110
1072 1073 1 -1 111
1073 1074 1 -1 112
1074 1075 1 -1 113
1075 1076 1 -1 114
1076 1077 1 -1 115
1077 1078 1 -1 116
1078 1079 1 -1 117
1079 1080 1 -1 118
1080 1081 1 -1 119
1081 1082 1 -1 120
1082 1083 1 -1 121
1083 1084 1 -1 122
1084 1085 1 -1 123
1085 1086 1 -1 124
1086 1087 1 -1 125
1087 1088 1 -1 126
1088 1089 1 -1 127
1089 1090 1 -1 128
1090 1091 1 -1 129
1091 1092 1 -1 130
1092 1093 1 -1 131
1093 1094 1 -1 132
1094 1095 1 -1 133
1095 1096 1 -1 134
1096 1097 1 -1 135
1097 1098 1 -1 136
1098 1099 1 -1 137
1099 1100 1 -1 138
1100 1101 1 -1 139
1101 1102 1 -1 140
1102 1103 1 -1 141
1103 1104 1 -1 142
1104 1105 1 -1 143
1105 1106 1 -1 144
1106 1107 1 -1 145
1107 1108 1 -1 146
1108 1109 1 -1 147
1109 1110 1 -1 148
1110 1111 1 -1 149
1111 1112 1 -1 150
1112 1113 1 -1 151
1113 1114 1 -1 152
1114 1115 1 -1 153
1115 1116 1 -1 154
1116 1117 1 -1 155
1117 1118 1 -1 156
1118 1119 1 -1 157
1119 1120 1 -1 158
1120 1121 1 -1 159
1121 1122 1 -1 160
1122 1123 1 -1 161
1123 1124 1 -1 162
1124 1125 1 -1 163
1125 1126 1 -1 164
1126 1127 1 -1 165
1127 1128 1 -1 166
1128 1129 1 -1 167
1129 1130 1 -1 168
1130 1131 1 -1 169
1131 1132 1 -1 170
1132 1133 1 -1 171
1133 1134 1 -1 172
1134 1135 1 -1 173
1135 1136 1 -1 174
1136 1137 1 -1 175
1137 1138 1 -1 176
1138 1139 1 -1 177
1139 1140 1 -1 178
1140 1141 1 -1 179
1141 1142 1 -1 180
1142 1143 1 -1 181
1143 1144 1 -1 182
1144 1145 1 -1 183
1145 1146 1 -1 184
1146 1147 1 -1 185
1147 1148 1 -1 186
1148 1149 1 -1 187
1149 1150 1 -1 188
1150 1151 1 -1 189
1151 1152 1 -1 190
1152 1153 1 -1 191
1153 1154 1 -1 192
1154 1155 1 -1 193
1155 1156 1 -1 194
1156 1157 1 -1 195
1157 1158 1 -1 196
1158 1159 1 -1 197
1159 1160 1 -1 198
1160 1161 1 -1 199
1161 1162 1 -1 200
1162 1163 1 -1 201
1163 1164 1 -1 202
1164 1165 1 -1 203
1165 1166 1 -1 204
1166 1167 1 -1 205
1167 1168 1 -1 206
1168 1169 1 -1 207
1169 1170 1 -1 208
1170 1171 1 -1 209
1171 1172 1 -1 210
1172 1173 1 -1 211
1173 1174 1 -1 212
1174 1175 1 -1 213
1175 1176 1 -1 214
1176 1177 1 -1 215
1177 1178 1 -1 216
1178 1179 1 -1 217
1179 1180 1 -1 218
1180 1181 1 -1 219
1181 1182 1 -1 220
1182 1183 1 -1 221
1183 1184 1 -1 222
1184 1185 1 -1 223
1185 1186 1 -1 224
1186 1187 1 -1 225
1187 1188 1 -1 226
1188 1189 1 -1 227
1189 1190 1 -1 228
1190 1191 1 -1 229
1191 1192 1 -1 230
1192 1193 1 -1 231
1193 1194 1 -1 232
1194 1195 1 -1 233
1195 1196 1 -1 234
1196 1197 1 -1 235
1197 1198 1 -1 236
1198 1199 1 -1 237
1199 1200 1 -1 238
1200 1201 1 -1 239
1201 1202 1 -1 240
1202 1203 1 -1 241
1203 1204 1 -1 242
1204 1205 1 -1 243
1205 1206 1 -1 244
1206 1207 1 -1 245
1207 1208 1 -1 246
1208 1209 1 -1 247
1209 1210 1 -1 248
1210 1211 1 -1 249
1211 1212 1 -1 250
1212 1213 1 -1 251
1213 1214 1 -1 252
1214 1215 1 -1 253
1215 1216 1 -1 254
1216 1217 1 -1 255
1217 1218 1 -1 256
1218 1219 1 -1 257
1219 1220 1 -1 258
1220 1221 1 -1 259
1221 1222 1 -1 260
1222 1223 1 -1 261
1223 1224 1 -1 262
1224 1225 1 -1 263
1225 1226 1 -1 264
1226 1227 1 -1 265
1227 1228 1 -1 266
1228 1229 1 -1 267
1229 1230 1 -1 268
1230 1231 1 -1 269
1231 1232 1 -1 270
1232 1233 1 -1 271
1233 1234 1 -1 272
1234 1235 1 -1 273
1235 1236 1 -1 274
1236 1237 1 -1 275
1237 1238 1 -1 276
1238 1239 1 -1 277
1239 1240 1 -1 278
1240 1241 1 -1 279
1241 1242 1 -1 280
1242 1243 1 -1 281
1243 1244 1 -1 282
1244 1245 1 -1 283
1245 1246 1 -1 284
1246 1247 1 -1 285
1247 1248 1 -1 286
1248 1249 1 -1 287
1249 1250 1 -1 288
1250 1251 1 -1 289
1251 1252 1 -1 290
1252 1253 1 -1 291
1253 1254 1 -1 292
1254 1255 1 -1 293
1255 1256 1 -1 294
1256 1257 1 -1 295
1257 1258 1 -1 296
1258 1259 1 -1 297
1259 1260 1 -1 298
1260 1261 1 -1 299
1261 1262 1 -1 300
1262 1263 1 -1 301
1263 1264 1 -1 302
1264 1265 1 -1 303
1265 1266 1 -1 304
1266 1267 1 -1 305
1267 1268 1 -1 306
1268 1269 1 -1 307
1269 1270 1 -1 308
1270 1271 1 -1 309
1271 1272 1 -1 310
1272 1273 1 -1 311
1273 1274 1 -1 312
1274 1275 1 -1 313
1275 1276 1 -1 314
1276 1277 1 -1 315
1277 1278 1 -1 316
1278 1279 1 -1 317
1279 1280 1 -1 318
1280 1281 1 -1 319
1281 1282 1 -1 320
1282 1283 1 -1 321
1283 1284 1 -1 322
1284 1285 1 -1 323
1285 1286 1 -1 324
1286 1287 1 -1 325
1287 1288 1 -1 326
1288 1289 1 -1 327
1289 1290 1 -1 328
1290 1291 1 -1 329
1291 1292 1 -1 330
1292 1293 1 -1 331
1293 1294 1 -1 332
1294 1295 1 -1 333
1295 1296 1 -1 334
1296 1297 1 -1 335
1297 1298 1 -1 336
1298 1299 1 -1 337
1299 1300 1 -1 338
1300 1301 1 -1 339
1301 1302 1 -1 340
1302 1303 1 -1 341
1303 1304 1 -1 342
1304 1305 1 -1 343
1305 1306 1 -1 344
1306 1307 1 -1 345
1307 1308 1 -1 346
1308 1309 1 -1 347
1309 1310 1 -1 348
1310 1311 1 -1 349
1311 1312 1 -1 350
1312 1313 1 -1 351
1313 1314 1 -1 352
1314 1315 1 -1 353
1315 1316 1 -1 354
1316 1317 1 -1 355
1317 1318 1 -1 356
1318 1319 1 -1 357
1319 1320 1 -1 358
1320 1321 1 -1 359
1321 1322 1 -1 360
1322 1323 1 -1 361
1323 1324 1 -1 362
1324 1325 1 -1 363
1325 1326 1 -1 364
1326 1327 1 -1 365
1327 1328 1 -1 366
1328 1329 1 -1 367
1329 1330 1 -1 368
1330 1331 1 -1 369
1331 1332 1 -1 370
1332 1333 1 -1 371
1333 1334 1 -1 372
1334 1335 1 -1 373
1335 1336 1 -1 374
1336 1337 1 -1 375
1337 1338 1 -1 376
1338 1339 1 -1 377
1339 1340 1 -1 378
1340 1341 1 -1 379
1341 1342 1 -1 380
1342 1343 1 -1 381
1343 1344 1 -1 382
1344 1345 1 -1 383
1345 1346 1 -1 384
1346 1347 1 -1 385
1347 1348 1 -1 386
1348 1349 1 -1 387
1349 1350 1 -1 388
1350 1351 1 -1 389
1351 1352 1 -1 390
1352 1353 1 -1 391
1353 1354 1 -1 392
1354 1355 1 -1 393
1355 1356 1 -1 394
1356 1357 1 -1 395
1357 1358 1 -1 396
1358 1359 1 -1 397
1359 1360 1 -1 398
1360 1361 1 -1 399
1361 1362 1 -1 400
1362 1363 1 -1 401
1363 1364 1 -1 402
1364 1365 1 -1 403
1365 1366 1 -1 404
1366 1367 1 -1 405
1367 1368 1 -1 406
1368 1369 1 -1 407
1369 1370 1 -1 408
1370 1371 1 -1 409
1371 1372 1 -1 410
1372 1373 1 -1 411
1373 1374 1 -1 412
1374 1375 1 -1 413
1375 1376 1 -1 414
1376 1377 1 -1 415
1377 1378 1 -1 416
1378 1379 1 -1 417
1379 1380 1 -1 418
1380 1381 1 -1 419
1381 1382 1 -1 420
1382 1383 1 -1 421
1383 1384 1 -1 422
1384 1385 1 -1 423
1385 1386 1 -1 424
1386 1387 1 -1 425
1387 1388 1 -1 426
1388 1389 1 -1 427
1389 1390 1 -1 428
1390 1391 1 -1 429
1391 1392 1 -1 430
1392 1393 1 -1 431
1393 1394 1 -1 432
1394 1395 1 -1 433
1395 1396 1 -1 434
1396 1397 1 -1 435
1397 1398 1 -1 436
1398 1399 1 -1 437
1399 1400 1 -1 438
1400 1401 1 -1 439
1401 1402 1 -1 440
1402 1403 1 -1 441
1403 1404 1 -1 442
1404 1405 1 -1 443
1405 1406 1 -1 444
1406 1407 1 -1 445
1407 1408 1 -1 446
1408 1409 1 -1 447
1409 1410 1 -1 448
1410 1411 1 -1 449
1411 1412 1 -1 450
1412 1413 1 -1 451
1413 1414 1 -1 452
1414 1415 1 -1 453
1415 1416 1 -1 454
1416 1417 1 -1 455
1417 1418 1 -1 456
1418 1419 1 -1 457
1419 1420 1 -1 458
1420 1421 1 -1 459
1421 1422 1 -1 460
1422 1423 1 -1 461
1423 1424 1 -1 462
1424 1425 1 -1 463
1425 1426 1 -1 464
1426 1427 1 -1 465
1427 1428 1 -1 466
1428 1429 1 -1 467
1429 1430 1 -1 468
1430 1431 1 -1 469
1431 1432 1 -1 470
1432 1433 1 -1 471
1433 1434 1 -1 472
1434 1435 1 -1 473
1435 1436 1 -1 474
1436 1437 1 -1 475
1437 1438 1 -1 476
1438 1439 1 -1 477
1439 1440 1 -1 478
1440 1441 1 -1 479
1441 1442 1 -1 480
1442 1443 1 -1 481
1443 1444 1 -1 482
1444 1445 1 -1 483
1445 1446 1 -1 484
1446 1447 1 -1 485
1447 1448 1 -1 486
1448 1449 1 -1 487
1449 1450 1 -1 488
1450 1451 1 -1 489
1451 1452 1 -1 490
1452 1453 1 -1 491
1453 1454 1 -1 492
1454 1455 1 -1 493
1455 1456 1 -1 494
1456 1457 1 -1 495
1457 1458 1 -1 496
1458 1459 1 -1 497
1459 1460 1 -1 498
1460 1461 1 -1 499
1461 1462 1 -1 500
1462 1463 1 -1 501
1463 1464 1 -1 502
1464 1465 1 -1 503
1465 1466 1 -1 504
1466 1467 1 -1 505
1467 1468 1 -1 506
1468 1469 1 -1 507
1469 1470 1 -1 508
1470 1471 1 -1 509
1471 1472 1 -1 510
1472 1473 1 -1 511
1473 1474 1 -1 512
1474 1475 1 -1 513
1475 1476 1 -1 514
1476 1477 1 -1 515
1477 1478 1 -1 516
1478 1479 1 -1 517
1479 1480 1 -1 518
1480 1481 1 -1 519
1481 1482 1 -1 520
1482 1483 1 -1 521
1483 1484 1 -1 522
1484 1485 1 -1 523
1485 1486 1 -1 524
1486 1487 1 -1 525
1487 1488 1 -1 526
1488 1489 1 -1 527
1489 1490 1 -1 528
1490 1491 1 -1 529
1491 1492 1 -1 530
1492 1493 1 -1 531
1493 1494 1 -1 532
1494 1495 1 -1 533
1495 1496 1 -1 534
1496 1497 1 -1 535
1497 1498 1 -1 536
1498 1499 1 -1 537
1499 1500 1 -1 538
1500 1501 1 -1 539
1501 1502 1 -1 540
1502 1503 1 -1 541
1503 1504 1 -1 542
1504 1505 1 -1 543
1505 1506 1 -1 544
1506 1507 1 -1 545
1507 1508 1 -1 546
1508 1509 1 -1 547
1509 1510 1 -1 548
1510 1511 1 -1 549
1511 1512 1 -1 550
1512 1513 1 -1 551
1513 1514 1 -1 552
1514 1515 1 -1 553
1515 1516 1 -1 554
1516 1517 1 -1 555
1517 1518 1 -1 556
1518 1519 1 -1 557
1519 1520 1 -1 558
1520 1521 1 -1 559
1521 1522 1 -1 560
1522 1523 1 -1 561
1523 1524 1 -1 562
1524 1525 1 -1 563
1525 1526 1 -1 564
1526 1527 1 -1 565
1527 1528 1 -1 566
1528 1529 1 -1 567
1529 1530 1 -1 568
1530 1531 1 -1 569
1531 1532 1 -1 570
1532 1533 1 -1 571
1533 1534 1 -1 572
1534 1535 1 -1 573
1535 1536 1 -1 574
1536 1537 1 -1 575
1537 1538 1 -1 576
1538 1539 1 -1 577
1539 1540 1 -1 578
1540 1541 1 -1 579
1541 1542 1 -1 580
1542 1543 1 -1 581
1543 1544 1 -1 582
1544 1545 1 -1 583
1545 1546 1 -1 584
1546 1547 1 -1 585
1547 1548 1 -1 586
1548 1549 1 -1 587
1549 1550 1 -1 588
1550 1551 1 -1 589
1551 1552 1 -1 590
1552 1553 1 -1 591
1553 1554 1 -1 592
1554 1555 1 -1 593
1555 1556 1 -1 594
1556 1557 1 -1 595
1557 1558 1 -1 596
1558 1559 1 -1 597
1559 1560 1 -1 598
1560 1561 1 -1 599
1561 1562 1 -1 600
1562 1563 1 -1 601
1563 1564 1 -1 602
1564 1565 1 -1 603
1565 1566 1 -1 604
1566 1567 1 -1 605
1567 1568 1 -1 606
1568 1569 1 -1 607
1569 1570 1 -1 608
1570 1571 1 -1 609
1571 1572 1 -1 610
1572 1573 1 -1 611
1573 1574 1 -1 612
1574 1575 1 -1 613
1575 1576 1 -1 614
1576 1577 1 -1 615
1577 1578 1 -1 616
1578 1579 1 -1 617
1579 1580 1 -1 618
1580 1581 1 -1 619
1581 1582 1 -1 620
1582 1583 1 -1 621
1583 1584 1 -1 622
1584 1585 1 -1 623
1585 1586 1 -1 624
1586 1587 1 -1 625
1587 1588 1 -1 626
1588 1589 1 -1 627
1589 1590 1 -1 628
1590 1591 1 -1 629
1591 1592 1 -1 630
1592 1593 1 -1 631
1593 1594 1 -1 632
1594 1595 1 -1 633
1595 1596 1 -1 634
1596 1597 1 -1 635
1597 1598 1 -1 636
1598 1599 1 -1 637
1599 1600 1 -1 638
1600 1601 1 -1 639
1601 1602 1 -1 640
1602 1603 1 -1 641
1603 1604 1 -1 642
1604 1605 1 -1 643
1605 1606 1 -1 644
1606 1607 1 -1 645
1607 1608 1 -1 646
1608 1609 1 -1 647
1609 1610 1 -1 648
1610 1611 1 -1 649
1611 1612 1 -1 650
1612 1613 1 -1 651
1613 1614 1 -1 652
1614 1615 1 -1 653
1615 1616 1 -1 654
1616 1617 1 -1 655
1617 1618 1 -1 656
1618 1619 1 -1 657
1619 1620 1 -1 658
1620 1621 1 -1 659
1621 1622 1 -1 660
1622 1623 1 -1 661
1623 1624 1 -1 662
1624 1625 1 -1 663
1625 1626 1 -1 664
1626 1627 1 -1 665
1627 1628 1 -1 666
1628 1629 1 -1 667
1629 1630 1 -1 668
1630 1631 1 -1 669
1631 1632 1 -1 670
1632 1633 1 -1 671
1633 1634 1 -1 672
1634 1635 1 -1 673
1635 1636 1 -1 674
1636 1637 1 -1 675
1637 1638 1 -1 676
1638 1639 1 -1 677
1639 1640 1 -1 678
1640 1641 1 -1 679
1641 1642 1 -1 680
1642 1643 1 -1 681
1643 1644 1 -1 682
1644 1645 1 -1 683
1645 1646 1 -1 684
1646 1647 1 -1 685
1647 1648 1 -1 686
1648 1649 1 -1 687
1649 1650 1 -1 688
1650 1651 1 -1 689
1651 1652 1 -1 690
1652 1653 1 -1 691
1653 1654 1 -1 692
1654 1655 1 -1 693
1655 1656 1 -1 694
1656 1657 1 -1 695
1657 1658 1 -1 696
1658 1659 1 -1 697
1659 1660 1 -1 698
1660 1661 1 -1 699
1661 1662 1 -1 700
1662 1663 1 -1 701
1663 1664 1 -1 702
1664 1665 1 -1 703
1665 1666 1 -1 704
1666 1667 1 -1 705
1667 1668 1 -1 706
1668 1669 1 -1 707
1669 1670 1 -1 708
1670 1671 1 -1 709
1671 1672 1 -1 710
1672 1673 1 -1 711
1673 1674 1 -1 712
1674 1675 1 -1 713
1675 1676 1 -1 714
1676 1677 1 -1 715
1677 1678 1 -1 716
1678 1679 1 -1 717
1679 1680 1 -1 718
1680 1681 1 -1 719
1681 1682 1 -1 720
1682 1683 1 -1 721
1683 1684 1 -1 722
1684 1685 1 -1 723
1685 1686 1 -1 724
1686 1687 1 -1 725
1687 1688 1 -1 726
1688 1689 1 -1 727
1689 1690 1 -1 728
1690 1691 1 -1 729
1691 1692 1 -1 730
1692 1693 1 -1 731
1693 1694 1 -1 732
1694 1695 1 -1 733
1695 1696 1 -1 734
1696 1697 1 -1 735
1697 1698 1 -1 736
1698 1699 1 -1 737
1699 1700 1 -1 738
1700 1701 1 -1 739
1701 1702 1 -1 740
1702 1703 1 -1 741
1703 1704 1 -1 742
1704 1705 1 -1 743
1705 1706 1 -1 744
1706 1707 1 -1 745
1707 1708 1 -1 746
1708 1709 1 -1 747
1709 1710 1 -1 748
1710 1711 1 -1 749
1711 1712 1 -1 750
1712 1713 1 -1 751
1713 1714 1 -1 752
1714 1715 1 -1 753
1715 1716 1 -1 754
1716 1717 1 -1 755
1717 1718 1 -1 756
1718 1719 1 -1 757
1719 1720 1 -1 758
1720 1721 1 -1 759
1721 1722 1 -1 760
1722 1723 1 -1 761
1723 1724 1 -1 762
1724 1725 1 -1 763
1725 1726 1 -1 764
1726 1727 1 -1 765
1727 1728 1 -1 766
1728 1729 1 -1 767
1729 1730 1 -1 768
1730 1731 1 -1 769
1731 1732 1 -1 770
1732 1733 1 -1 771
1733 1734 1 -1 772
1734 1735 1 -1 773
1735 1736 1 -1 774
1736 1737 1 -1 775
1737 1738 1 -1 776
1738 1739 1 -1 777
1739 1740 1 -1 778
1740 1741 1 -1 779
1741 1742 1 -1 780
1742 1743 1 -1 781
1743 1744 1 -1 782
1744 1745 1 -1 783
1745 1746 1 -1 784
1746 1747 1 -1 785
1747 1748 1 -1 786
1748 1749 1 -1 787
1749 1750 1 -1 788
1750 1751 1 -1 789
1751 1752 1 -1 790
1752 1753 1 -1 791
1753 1754 1 -1 792
1754 1755 1 -1 793
1755 1756 1 -1 794
1756 1757 1 -1 795
1757 1758 1 -1 796
1758 1759 1 -1 797
1759 1760 1 -1 798
1760 1761 1 -1 799
1761 1762 1 -1 800
1762 1763 1 -1 801
1763 1764 1 -1 802
1764 1765 1 -1 803
1765 1766 1 -1 804
1766 1767 1 -1 805
1767 1768 1 -1 806
1768 1769 1 -1 807
1769 1770 1 -1 808
1770 1771 1 -1 809
1771 1772 1 -1 810
1772 1773 1 -1 811
1773 1774 1 -1 812
1774 1775 1 -1 813
1775 1776 1 -1 814
1776 1777 1 -1 815
1777 1778 1 -1 816
1778 1779 1 -1 817
1779 1780 1 -1 818
1780 1781 1 -1 819
1781 1782 1 -1 820
1782 1783 1 -1 821
1783 1784 1 -1 822
1784 1785 1 -1 823
1785 1786 1 -1 824
1786 1787 1 -1 825
1787 1788 1 -1 826
1788 1789 1 -1 827
1789 1790 1 -1 828
1790 1791 1 -1 829
1791 1792 1 -1 830
1792 1793 1 -1 831
1793 1794 1 -1 832
1794 1795 1 -1 833
1795 1796 1 -1 834
1796 1797 1 -1 835
1797 1798 1 -1 836
1798 1799 1 -1 837
1799 1800 1 -1 838
1800 1801 1 -1 839
1801 1802 1 -1 840
1802 1803 1 -1 841
1803 1804 1 -1 842
1804 1805 1 -1 843
1805 1806 1 -1 844
1806 1807 1 -1 845
1807 1808 1 -1 846
1808 1809 1 -1 847
1809 1810 1 -1 848
1810 1811 1 -1 849
1811 1812 1 -1 850
1812 1813 1 -1 851
1813 1814 1 -1 852
1814 1815 1 -1 853
1815 1816 1 -1 854
1816 1817 1 -1 855
1817 1818 1 -1 856
1818 1819 1 -1 857
1819 1820 1 -1 858
1820 1821 1 -1 859
1821 1822 1 -1 860
1822 1823 1 -1 861
1823 1824 1 -1 862
1824 1825 1 -1 863
1825 1826 1 -1 864
1826 1827 1 -1 865
1827 1828 1 -1 866
1828 1829 1 -1 867
1829 1830 1 -1 868
1830 1831 1 -1 869
1831 1832 1 -1 870
1832 1833 1 -1 871
1833 1834 1 -1 872
1834 1835 1 -1 873
1835 1836 1 -1 874
1836 1837 1 -1 875
1837 1838 1 -1 876
1838 1839 1 -1 877
1839 1840 1 -1 878
1840 1841 1 -1 879
1841 1842 1 -1 880
1842 1843 1 -1 881
1843 1844 1 -1 882
1844 1845 1 -1 883
1845 1846 1 -1 884
1846 1847 1 -1 885
1847 1848 1 -1 886
1848 1849 1 -1 887
1849 1850 1 -1 888
1850 1851 1 -1 889
1851 1852 1 -1 890
1852 1853 1 -1 891
1853 1854 1 -1 892
1854 1855 1 -1 893
1855 1856 1 -1 894
1856 1857 1 -1 895
1857 1858 1 -1 896
1858 1859 1 -1 897
1859 1860 1 -1 898
1860 1861 1 -1 899
1861 1862 1 -1 900
1862 1863 1 -1 901
1863 1864 1 -1 902
1864 1865 1 -1 903
1865 1866 1 -1 904
1866 1867 1 -1 905
1867 1868 1 -1 906
1868 1869 1 -1 907
1869 1870 1 -1 908
1870 1871 1 -1 909
1871 1872 1 -1 910
1872 1873 1 -1 911
1873 1874 1 -1 912
1874 1875 1 -1 913
1875 1876 1 -1 914
1876 1877 1 -1 915
1877 1878 1 -1 916
1878 1879 1 -1 917
1879 1880 1 -1 918
1880 1881 1 -1 919
1881 1882 1 -1 920
1882 1883 1 -1 921
1883 1884 1 -1 922
1884 1885 1 -1 923
1885 1886 1 -1 924
1886 1887 1 -1 925
1887 1888 1 -1 926
1888 1889 1 -1 927
1889 1890 1 -1 928
1890 1891 1 -1 929
1891 1892 1 -1 930
1892 1893 1 -1 931
1893 1894 1 -1 932
1894 1895 1 -1 933
1895 1896 1 -1 934
1896 1897 1 -1 935
1897 1898 1 -1 936
1898 1899 1 -1 937
1899 1900 1 -1 938
1900 1901 1 -1 939
1901 1902 1 -1 940
1902 1903 1 -1 941
1903 1904 1 -1 942
1904 1905 1 -1 943
1905 1906 1 -1 944
1906 1907 1 -1 945
1907 1908 1 -1 946
1908 1909 1 -1 947
1909 1910 1 -1 948
1910 1911 1 -1 949
1911 1912 1 -1 950
1912 1913 1 -1 951
1913 1914 1 -1 952
1914 1915 1 -1 953
1915 1916 1 -1 954
1916 1917 1 -1 955
1917 1918 1 -1 956
1918 1919 1 -1 957
1919 1920 1 -1 958
1920 1921 1 -1 959
