4 7.812500e-02 5.000000e+00 1.562500e+00 1.600000e+01 40 0 1 2 3 -1 -1 1 -1 1 -1 -1 1 7.812500e-02 5.000000e+00 7.812500e-02 5.000000e+00 65 0 1 66 0 
4 2.343750e-01 5.000000e+00 1.562500e+00 1.600000e+01 40 2 4 5 6 0 -1 2 -1 1 -1 -1 1 7.812500e-02 5.000000e+00 7.812500e-02 5.000000e+00 66 1 2 67 1 
4 3.906250e-01 5.000000e+00 1.562500e+00 1.600000e+01 40 5 7 8 9 1 -1 3 -1 1 -1 -1 1 7.812500e-02 5.000000e+00 7.812500e-02 5.000000e+00 67 2 3 68 2 
4 5.468750e-01 5.000000e+00 1.562500e+00 1.600000e+01 40 8 10 11 12 2 -1 4 -1 1 -1 -1 1 7.812500e-02 5.000000e+00 7.812500e-02 5.000000e+00 68 3 4 69 3 
4 7.031250e-01 5.000000e+00 1.562500e+00 1.600000e+01 40 11 13 14 15 3 -1 5 -1 1 -1 -1 1 7.812500e-02 5.000000e+00 7.812500e-02 5.000000e+00 69 4 5 70 4 
4 8.593750e-01 5.000000e+00 1.562500e+00 1.600000e+01 40 14 16 17 18 4 -1 6 -1 1 -1 -1 1 7.812500e-02 5.000000e+00 7.812500e-02 5.000000e+00 70 5 6 71 5 
4 1.015625e+00 5.000000e+00 1.562500e+00 1.600000e+01 40 17 19 20 21 5 -1 7 -1 1 -1 -1 1 7.812500e-02 5.000000e+00 7.812500e-02 5.000000e+00 71 6 7 72 6 
4 1.171875e+00 5.000000e+00 1.562500e+00 1.600000e+01 40 20 22 23 24 6 -1 8 -1 1 -1 -1 1 7.812500e-02 5.000000e+00 7.812500e-02 5.000000e+00 72 7 8 73 7 
4 1.328125e+00 5.000000e+00 1.562500e+00 1.600000e+01 40 23 25 26 27 7 -1 9 -1 1 -1 -1 1 7.812500e-02 5.000000e+00 7.812500e-02 5.000000e+00 73 8 9 74 8 
4 1.484375e+00 5.000000e+00 1.562500e+00 1.600000e+01 40 26 28 29 30 8 -1 10 -1 1 -1 -1 1 7.812500e-02 5.000000e+00 7.812500e-02 5.000000e+00 74 9 10 75 9 
4 1.640625e+00 5.000000e+00 1.562500e+00 1.600000e+01 40 29 31 32 33 9 -1 11 -1 1 -1 -1 1 7.812500e-02 5.000000e+00 7.812500e-02 5.000000e+00 75 10 11 76 10 
4 1.796875e+00 5.000000e+00 1.562500e+00 1.600000e+01 40 32 34 35 36 10 -1 12 -1 1 -1 -1 1 7.812500e-02 5.000000e+00 7.812500e-02 5.000000e+00 76 11 12 77 11 
4 1.953125e+00 5.000000e+00 1.562500e+00 1.600000e+01 40 35 37 38 39 11 -1 13 -1 1 -1 -1 1 7.812500e-02 5.000000e+00 7.812500e-02 5.000000e+00 77 12 13 78 12 
4 2.109375e+00 5.000000e+00 1.562500e+00 1.600000e+01 40 38 40 41 42 12 -1 14 -1 1 -1 -1 1 7.812500e-02 5.000000e+00 7.812500e-02 5.000000e+00 78 13 14 79 13 
4 2.265625e+00 5.000000e+00 1.562500e+00 1.600000e+01 40 41 43 44 45 13 -1 15 -1 1 -1 -1 1 7.812500e-02 5.000000e+00 7.812500e-02 5.000000e+00 79 14 15 80 14 
4 2.421875e+00 5.000000e+00 1.562500e+00 1.600000e+01 40 44 46 47 48 14 -1 16 -1 1 -1 -1 1 7.812500e-02 5.000000e+00 7.812500e-02 5.000000e+00 80 15 16 81 15 
4 2.578125e+00 5.000000e+00 1.562500e+00 1.600000e+01 40 47 49 50 51 15 -1 17 -1 1 -1 -1 1 7.812500e-02 5.000000e+00 7.812500e-02 5.000000e+00 81 16 17 82 16 
4 2.734375e+00 5.000000e+00 1.562500e+00 1.600000e+01 40 50 52 53 54 16 -1 18 -1 1 -1 -1 1 7.812500e-02 5.000000e+00 7.812500e-02 5.000000e+00 82 17 18 83 17 
4 2.890625e+00 5.000000e+00 1.562500e+00 1.600000e+01 40 53 55 56 57 17 -1 19 -1 1 -1 -1 1 7.812500e-02 5.000000e+00 7.812500e-02 5.000000e+00 83 18 19 84 18 
4 3.046875e+00 5.000000e+00 1.562500e+00 1.600000e+01 40 56 58 59 60 18 -1 20 -1 1 -1 -1 1 7.812500e-02 5.000000e+00 7.812500e-02 5.000000e+00 84 19 20 85 19 
4 3.203125e+00 5.000000e+00 1.562500e+00 1.600000e+01 40 59 61 62 63 19 -1 21 -1 1 -1 -1 1 7.812500e-02 5.000000e+00 7.812500e-02 5.000000e+00 85 20 21 86 20 
4 3.359375e+00 5.000000e+00 1.562500e+00 1.600000e+01 40 62 64 65 66 20 -1 22 -1 1 -1 -1 1 7.812500e-02 5.000000e+00 7.812500e-02 5.000000e+00 86 21 22 87 21 
4 3.515625e+00 5.000000e+00 1.562500e+00 1.600000e+01 40 65 67 68 69 21 -1 23 -1 1 -1 -1 1 7.812500e-02 5.000000e+00 7.812500e-02 5.000000e+00 87 22 23 88 22 
4 3.671875e+00 5.000000e+00 1.562500e+00 1.600000e+01 40 68 70 71 72 22 -1 24 -1 1 -1 -1 1 7.812500e-02 5.000000e+00 7.812500e-02 5.000000e+00 88 23 24 89 23 
4 3.828125e+00 5.000000e+00 1.562500e+00 1.600000e+01 40 71 73 74 75 23 -1 25 -1 1 -1 -1 1 7.812500e-02 5.000000e+00 7.812500e-02 5.000000e+00 89 24 25 90 24 
4 3.984375e+00 5.000000e+00 1.562500e+00 1.600000e+01 40 74 76 77 78 24 -1 26 -1 1 -1 -1 1 7.812500e-02 5.000000e+00 7.812500e-02 5.000000e+00 90 25 26 91 25 
4 4.140625e+00 5.000000e+00 1.562500e+00 1.600000e+01 40 77 79 80 81 25 -1 27 -1 1 -1 -1 1 7.812500e-02 5.000000e+00 7.812500e-02 5.000000e+00 91 26 27 92 26 
4 4.296875e+00 5.000000e+00 1.562500e+00 1.600000e+01 40 80 82 83 84 26 -1 28 -1 1 -1 -1 1 7.812500e-02 5.000000e+00 7.812500e-02 5.000000e+00 92 27 28 93 27 
4 4.453125e+00 5.000000e+00 1.562500e+00 1.600000e+01 40 83 85 86 87 27 -1 29 -1 1 -1 -1 1 7.812500e-02 5.000000e+00 7.812500e-02 5.000000e+00 93 28 29 94 28 
4 4.609375e+00 5.000000e+00 1.562500e+00 1.600000e+01 40 86 88 89 90 28 -1 30 -1 1 -1 -1 1 7.812500e-02 5.000000e+00 7.812500e-02 5.000000e+00 94 29 30 95 29 
4 4.765625e+00 5.000000e+00 1.562500e+00 1.600000e+01 40 89 91 92 93 29 -1 31 -1 1 -1 -1 1 7.812500e-02 5.000000e+00 7.812500e-02 5.000000e+00 95 30 31 96 30 
4 4.921875e+00 5.000000e+00 1.562500e+00 1.600000e+01 40 92 94 95 96 30 -1 32 -1 1 -1 -1 1 7.812500e-02 5.000000e+00 7.812500e-02 5.000000e+00 96 31 32 97 31 
4 5.078125e+00 5.000000e+00 1.562500e+00 1.600000e+01 40 95 97 98 99 31 -1 33 -1 1 -1 -1 1 7.812500e-02 5.000000e+00 7.812500e-02 5.000000e+00 97 32 33 98 32 
4 5.234375e+00 5.000000e+00 1.562500e+00 1.600000e+01 40 98 100 101 102 32 -1 34 -1 1 -1 -1 1 7.812500e-02 5.000000e+00 7.812500e-02 5.000000e+00 98 33 34 99 33 
4 5.390625e+00 5.000000e+00 1.562500e+00 1.600000e+01 40 101 103 104 105 33 -1 35 -1 1 -1 -1 1 7.812500e-02 5.000000e+00 7.812500e-02 5.000000e+00 99 34 35 100 34 
4 5.546875e+00 5.000000e+00 1.562500e+00 1.600000e+01 40 104 106 107 108 34 -1 36 -1 1 -1 -1 1 7.812500e-02 5.000000e+00 7.812500e-02 5.000000e+00 100 35 36 101 35 
4 5.703125e+00 5.000000e+00 1.562500e+00 1.600000e+01 40 107 109 110 111 35 -1 37 -1 1 -1 -1 1 7.812500e-02 5.000000e+00 7.812500e-02 5.000000e+00 101 36 37 102 36 
4 5.859375e+00 5.000000e+00 1.562500e+00 1.600000e+01 40 110 112 113 114 36 -1 38 -1 1 -1 -1 1 7.812500e-02 5.000000e+00 7.812500e-02 5.000000e+00 102 37 38 103 37 
4 6.015625e+00 5.000000e+00 1.562500e+00 1.600000e+01 40 113 115 116 117 37 -1 39 -1 1 -1 -1 1 7.812500e-02 5.000000e+00 7.812500e-02 5.000000e+00 103 38 39 104 38 
4 6.171875e+00 5.000000e+00 1.562500e+00 1.600000e+01 40 116 118 119 120 38 -1 40 -1 1 -1 -1 1 7.812500e-02 5.000000e+00 7.812500e-02 5.000000e+00 104 39 40 105 39 
4 6.328125e+00 5.000000e+00 1.562500e+00 1.600000e+01 40 119 121 122 123 39 -1 41 -1 1 -1 -1 1 7.812500e-02 5.000000e+00 7.812500e-02 5.000000e+00 105 40 41 106 40 
4 6.484375e+00 5.000000e+00 1.562500e+00 1.600000e+01 40 122 124 125 126 40 -1 42 -1 1 -1 -1 1 7.812500e-02 5.000000e+00 7.812500e-02 5.000000e+00 106 41 42 107 41 
4 6.640625e+00 5.000000e+00 1.562500e+00 1.600000e+01 40 125 127 128 129 41 -1 43 -1 1 -1 -1 1 7.812500e-02 5.000000e+00 7.812500e-02 5.000000e+00 107 42 43 108 42 
4 6.796875e+00 5.000000e+00 1.562500e+00 1.600000e+01 40 128 130 131 132 42 -1 44 -1 1 -1 -1 1 7.812500e-02 5.000000e+00 7.812500e-02 5.000000e+00 108 43 44 109 43 
4 6.953125e+00 5.000000e+00 1.562500e+00 1.600000e+01 40 131 133 134 135 43 -1 45 -1 1 -1 -1 1 7.812500e-02 5.000000e+00 7.812500e-02 5.000000e+00 109 44 45 110 44 
4 7.109375e+00 5.000000e+00 1.562500e+00 1.600000e+01 40 134 136 137 138 44 -1 46 -1 1 -1 -1 1 7.812500e-02 5.000000e+00 7.812500e-02 5.000000e+00 110 45 46 111 45 
4 7.265625e+00 5.000000e+00 1.562500e+00 1.600000e+01 40 137 139 140 141 45 -1 47 -1 1 -1 -1 1 7.812500e-02 5.000000e+00 7.812500e-02 5.000000e+00 111 46 47 112 46 
4 7.421875e+00 5.000000e+00 1.562500e+00 1.600000e+01 40 140 142 143 144 46 -1 48 -1 1 -1 -1 1 7.812500e-02 5.000000e+00 7.812500e-02 5.000000e+00 112 47 48 113 47 
4 7.578125e+00 5.000000e+00 1.562500e+00 1.600000e+01 40 143 145 146 147 47 -1 49 -1 1 -1 -1 1 7.812500e-02 5.000000e+00 7.812500e-02 5.000000e+00 113 48 49 114 48 
4 7.734375e+00 5.000000e+00 1.562500e+00 1.600000e+01 40 146 148 149 150 48 -1 50 -1 1 -1 -1 1 7.812500e-02 5.000000e+00 7.812500e-02 5.000000e+00 114 49 50 115 49 
4 7.890625e+00 5.000000e+00 1.562500e+00 1.600000e+01 40 149 151 152 153 49 -1 51 -1 1 -1 -1 1 7.812500e-02 5.000000e+00 7.812500e-02 5.000000e+00 115 50 51 116 50 
4 8.046875e+00 5.000000e+00 1.562500e+00 1.600000e+01 40 152 154 155 156 50 -1 52 -1 1 -1 -1 1 7.812500e-02 5.000000e+00 7.812500e-02 5.000000e+00 116 51 52 117 51 
4 8.203125e+00 5.000000e+00 1.562500e+00 1.600000e+01 40 155 157 158 159 51 -1 53 -1 1 -1 -1 1 7.812500e-02 5.000000e+00 7.812500e-02 5.000000e+00 117 52 53 118 52 
4 8.359375e+00 5.000000e+00 1.562500e+00 1.600000e+01 40 158 160 161 162 52 -1 54 -1 1 -1 -1 1 7.812500e-02 5.000000e+00 7.812500e-02 5.000000e+00 118 53 54 119 53 
4 8.515625e+00 5.000000e+00 1.562500e+00 1.600000e+01 40 161 163 164 165 53 -1 55 -1 1 -1 -1 1 7.812500e-02 5.000000e+00 7.812500e-02 5.000000e+00 119 54 55 120 54 
4 8.671875e+00 5.000000e+00 1.562500e+00 1.600000e+01 40 164 166 167 168 54 -1 56 -1 1 -1 -1 1 7.812500e-02 5.000000e+00 7.812500e-02 5.000000e+00 120 55 56 121 55 
4 8.828125e+00 5.000000e+00 1.562500e+00 1.600000e+01 40 167 169 170 171 55 -1 57 -1 1 -1 -1 1 7.812500e-02 5.000000e+00 7.812500e-02 5.000000e+00 121 56 57 122 56 
4 8.984375e+00 5.000000e+00 1.562500e+00 1.600000e+01 40 170 172 173 174 56 -1 58 -1 1 -1 -1 1 7.812500e-02 5.000000e+00 7.812500e-02 5.000000e+00 122 57 58 123 57 
4 9.140625e+00 5.000000e+00 1.562500e+00 1.600000e+01 40 173 175 176 177 57 -1 59 -1 1 -1 -1 1 7.812500e-02 5.000000e+00 7.812500e-02 5.000000e+00 123 58 59 124 58 
4 9.296875e+00 5.000000e+00 1.562500e+00 1.600000e+01 40 176 178 179 180 58 -1 60 -1 1 -1 -1 1 7.812500e-02 5.000000e+00 7.812500e-02 5.000000e+00 124 59 60 125 59 
4 9.453125e+00 5.000000e+00 1.562500e+00 1.600000e+01 40 179 181 182 183 59 -1 61 -1 1 -1 -1 1 7.812500e-02 5.000000e+00 7.812500e-02 5.000000e+00 125 60 61 126 60 
4 9.609375e+00 5.000000e+00 1.562500e+00 1.600000e+01 40 182 184 185 186 60 -1 62 -1 1 -1 -1 1 7.812500e-02 5.000000e+00 7.812500e-02 5.000000e+00 126 61 62 127 61 
4 9.765625e+00 5.000000e+00 1.562500e+00 1.600000e+01 40 185 187 188 189 61 -1 63 -1 1 -1 -1 1 7.812500e-02 5.000000e+00 7.812500e-02 5.000000e+00 127 62 63 128 62 
4 9.921875e+00 5.000000e+00 1.562500e+00 1.600000e+01 40 188 190 191 192 62 -1 -1 -1 1 -1 -1 1 7.812500e-02 5.000000e+00 7.812500e-02 5.000000e+00 128 63 64 129 63 
