0 0.000000e+00 0.000000e+00 2 65 1 2 0 1 1 0 40 1.562500e+00 1.562500e+00 1.562500e+00 1.562500e+00 1.562500e+00 1.562500e+00 1.562500e+00 1.562500e+00 1.562500e+00 1.562500e+00 1.562500e+00 1.562500e+00 1.562500e+00 1.562500e+00 1.562500e+00 1.562500e+00 1.562500e+00 1.562500e+00 1.562500e+00 1.562500e+00 1.562500e+00 1.562500e+00 1.562500e+00 1.562500e+00 1.562500e+00 1.562500e+00 1.562500e+00 1.562500e+00 1.562500e+00 1.562500e+00 1.562500e+00 1.562500e+00 1.562500e+00 1.562500e+00 1.562500e+00 1.562500e+00 1.562500e+00 1.562500e+00 1.562500e+00 1.562500e+00 
1 1.562500e-01 0.000000e+00 3 0 66 2 4 1 2 2 4 2 0 1 40 3.125000e+00 3.125000e+00 3.125000e+00 3.125000e+00 3.125000e+00 3.125000e+00 3.125000e+00 3.125000e+00 3.125000e+00 3.125000e+00 3.125000e+00 3.125000e+00 3.125000e+00 3.125000e+00 3.125000e+00 3.125000e+00 3.125000e+00 3.125000e+00 3.125000e+00 3.125000e+00 3.125000e+00 3.125000e+00 3.125000e+00 3.125000e+00 3.125000e+00 3.125000e+00 3.125000e+00 3.125000e+00 3.125000e+00 3.125000e+00 3.125000e+00 3.125000e+00 3.125000e+00 3.125000e+00 3.125000e+00 3.125000e+00 3.125000e+00 3.125000e+00 3.125000e+00 3.125000e+00 
2 3.125000e-01 0.000000e+00 3 1 67 3 4 4 5 5 7 2 1 2 40 3.125000e+00 3.125000e+00 3.125000e+00 3.125000e+00 3.125000e+00 3.125000e+00 3.125000e+00 3.125000e+00 3.125000e+00 3.125000e+00 3.125000e+00 3.125000e+00 3.125000e+00 3.125000e+00 3.125000e+00 3.125000e+00 3.125000e+00 3.125000e+00 3.125000e+00 3.125000e+00 3.125000e+00 3.125000e+00 3.125000e+00 3.125000e+00 3.125000e+00 3.125000e+00 3.125000e+00 3.125000e+00 3.125000e+00 3.125000e+00 3.125000e+00 3.125000e+00 3.125000e+00 3.125000e+00 3.125000e+00 3.125000e+00 3.125000e+00 3.125000e+00 3.125000e+00 3.125000e+00 
3 4.687500e-01 0.000000e+00 3 2 68 4 4 7 8 8 10 2 2 3 40 3.125000e+00 3.125000e+00 3.125000e+00 3.125000e+00 3.125000e+00 3.125000e+00 3.125000e+00 3.125000e+00 3.125000e+00 3.125000e+00 3.125000e+00 3.125000e+00 3.125000e+00 3.125000e+00 3.125000e+00 3.125000e+00 3.125000e+00 3.125000e+00 3.125000e+00 3.125000e+00 3.125000e+00 3.125000e+00 3.125000e+00 3.125000e+00 3.125000e+00 3.125000e+00 3.125000e+00 3.125000e+00 3.125000e+00 3.125000e+00 3.125000e+00 3.125000e+00 3.125000e+00 3.125000e+00 3.125000e+00 3.125000e+00 3.125000e+00 3.125000e+00 3.125000e+00 3.125000e+00 
4 6.250000e-01 0.000000e+00 3 3 69 5 4 10 11 11 13 2 3 4 40 3.125000e+00 3.125000e+00 3.125000e+00 3.125000e+00 3.125000e+00 3.125000e+00 3.125000e+00 3.125000e+00 3.125000e+00 3.125000e+00 3.125000e+00 3.125000e+00 3.125000e+00 3.125000e+00 3.125000e+00 3.125000e+00 3.125000e+00 3.125000e+00 3.125000e+00 3.125000e+00 3.125000e+00 3.125000e+00 3.125000e+00 3.125000e+00 3.125000e+00 3.125000e+00 3.125000e+00 3.125000e+00 3.125000e+00 3.125000e+00 3.125000e+00 3.125000e+00 3.125000e+00 3.125000e+00 3.125000e+00 3.125000e+00 3.125000e+00 3.125000e+00 3.125000e+00 3.125000e+00 
5 7.812500e-01 0.000000e+00 3 4 70 6 4 13 14 14 16 2 4 5 40 3.125000e+00 3.125000e+00 3.125000e+00 3.125000e+00 3.125000e+00 3.125000e+00 3.125000e+00 3.125000e+00 3.125000e+00 3.125000e+00 3.125000e+00 3.125000e+00 3.125000e+00 3.125000e+00 3.125000e+00 3.125000e+00 3.125000e+00 3.125000e+00 3.125000e+00 3.125000e+00 3.125000e+00 3.125000e+00 3.125000e+00 3.125000e+00 3.125000e+00 3.125000e+00 3.125000e+00 3.125000e+00 3.125000e+00 3.125000e+00 3.125000e+00 3.125000e+00 3.125000e+00 3.125000e+00 3.125000e+00 3.125000e+00 3.125000e+00 3.125000e+00 3.125000e+00 3.125000e+00 
6 9.375000e-01 0.000000e+00 3 5 71 7 4 16 17 17 19 2 5 6 40 3.125000e+00 3.125000e+00 3.125000e+00 3.125000e+00 3.125000e+00 3.125000e+00 3.125000e+00 3.125000e+00 3.125000e+00 3.125000e+00 3.125000e+00 3.125000e+00 3.125000e+00 3.125000e+00 3.125000e+00 3.125000e+00 3.125000e+00 3.125000e+00 3.125000e+00 3.125000e+00 3.125000e+00 3.125000e+00 3.125000e+00 3.125000e+00 3.125000e+00 3.125000e+00 3.125000e+00 3.125000e+00 3.125000e+00 3.125000e+00 3.125000e+00 3.125000e+00 3.125000e+00 3.125000e+00 3.125000e+00 3.125000e+00 3.125000e+00 3.125000e+00 3.125000e+00 3.125000e+00 
7 1.093750e+00 0.000000e+00 3 6 72 8 4 19 20 20 22 2 6 7 40 3.125000e+00 3.125000e+00 3.125000e+00 3.125000e+00 3.125000e+00 3.125000e+00 3.125000e+00 3.125000e+00 3.125000e+00 3.125000e+00 3.125000e+00 3.125000e+00 3.125000e+00 3.125000e+00 3.125000e+00 3.125000e+00 3.125000e+00 3.125000e+00 3.125000e+00 3.125000e+00 3.125000e+00 3.125000e+00 3.125000e+00 3.125000e+00 3.125000e+00 3.125000e+00 3.125000e+00 3.125000e+00 3.125000e+00 3.125000e+00 3.125000e+00 3.125000e+00 3.125000e+00 3.125000e+00 3.125000e+00 3.125000e+00 3.125000e+00 3.125000e+00 3.125000e+00 3.125000e+00 
8 1.250000e+00 0.000000e+00 3 7 73 9 4 22 23 23 25 2 7 8 40 3.125000e+00 3.125000e+00 3.125000e+00 3.125000e+00 3.125000e+00 3.125000e+00 3.125000e+00 3.125000e+00 3.125000e+00 3.125000e+00 3.125000e+00 3.125000e+00 3.125000e+00 3.125000e+00 3.125000e+00 3.125000e+00 3.125000e+00 3.125000e+00 3.125000e+00 3.125000e+00 3.125000e+00 3.125000e+00 3.125000e+00 3.125000e+00 3.125000e+00 3.125000e+00 3.125000e+00 3.125000e+00 3.125000e+00 3.125000e+00 3.125000e+00 3.125000e+00 3.125000e+00 3.125000e+00 3.125000e+00 3.125000e+00 3.125000e+00 3.125000e+00 3.125000e+00 3.125000e+00 
9 1.406250e+00 0.000000e+00 3 8 74 10 4 25 26 26 28 2 8 9 40 3.125000e+00 3.125000e+00 3.125000e+00 3.125000e+00 3.125000e+00 3.125000e+00 3.125000e+00 3.125000e+00 3.125000e+00 3.125000e+00 3.125000e+00 3.125000e+00 3.125000e+00 3.125000e+00 3.125000e+00 3.125000e+00 3.125000e+00 3.125000e+00 3.125000e+00 3.125000e+00 3.125000e+00 3.125000e+00 3.125000e+00 3.125000e+00 3.125000e+00 3.125000e+00 3.125000e+00 3.125000e+00 3.125000e+00 3.125000e+00 3.125000e+00 3.125000e+00 3.125000e+00 3.125000e+00 3.125000e+00 3.125000e+00 3.125000e+00 3.125000e+00 3.125000e+00 3.125000e+00 
10 1.562500e+00 0.000000e+00 3 9 75 11 4 28 29 29 31 2 9 10 40 3.125000e+00 3.125000e+00 3.125000e+00 3.125000e+00 3.125000e+00 3.125000e+00 3.125000e+00 3.125000e+00 3.125000e+00 3.125000e+00 3.125000e+00 3.125000e+00 3.125000e+00 3.125000e+00 3.125000e+00 3.125000e+00 3.125000e+00 3.125000e+00 3.125000e+00 3.125000e+00 3.125000e+00 3.125000e+00 3.125000e+00 3.125000e+00 3.125000e+00 3.125000e+00 3.125000e+00 3.125000e+00 3.125000e+00 3.125000e+00 3.125000e+00 3.125000e+00 3.125000e+00 3.125000e+00 3.125000e+00 3.125000e+00 3.125000e+00 3.125000e+00 3.125000e+00 3.125000e+00 
11 1.718750e+00 0.000000e+00 3 10 76 12 4 31 32 32 34 2 10 11 40 3.125000e+00 3.125000e+00 3.125000e+00 3.125000e+00 3.125000e+00 3.125000e+00 3.125000e+00 3.125000e+00 3.125000e+00 3.125000e+00 3.125000e+00 3.125000e+00 3.125000e+00 3.125000e+00 3.125000e+00 3.125000e+00 3.125000e+00 3.125000e+00 3.125000e+00 3.125000e+00 3.125000e+00 3.125000e+00 3.125000e+00 3.125000e+00 3.125000e+00 3.125000e+00 3.125000e+00 3.125000e+00 3.125000e+00 3.125000e+00 3.125000e+00 3.125000e+00 3.125000e+00 3.125000e+00 3.125000e+00 3.125000e+00 3.125000e+00 3.125000e+00 3.125000e+00 3.125000e+00 
12 1.875000e+00 0.000000e+00 3 11 77 13 4 34 35 35 37 2 11 12 40 3.125000e+00 3.125000e+00 3.125000e+00 3.125000e+00 3.125000e+00 3.125000e+00 3.125000e+00 3.125000e+00 3.125000e+00 3.125000e+00 3.125000e+00 3.125000e+00 3.125000e+00 3.125000e+00 3.125000e+00 3.125000e+00 3.125000e+00 3.125000e+00 3.125000e+00 3.125000e+00 3.125000e+00 3.125000e+00 3.125000e+00 3.125000e+00 3.125000e+00 3.125000e+00 3.125000e+00 3.125000e+00 3.125000e+00 3.125000e+00 3.125000e+00 3.125000e+00 3.125000e+00 3.125000e+00 3.125000e+00 3.125000e+00 3.125000e+00 3.125000e+00 3.125000e+00 3.125000e+00 
13 2.031250e+00 0.000000e+00 3 12 78 14 4 37 38 38 40 2 12 13 40 3.125000e+00 3.125000e+00 3.125000e+00 3.125000e+00 3.125000e+00 3.125000e+00 3.125000e+00 3.125000e+00 3.125000e+00 3.125000e+00 3.125000e+00 3.125000e+00 3.125000e+00 3.125000e+00 3.125000e+00 3.125000e+00 3.125000e+00 3.125000e+00 3.125000e+00 3.125000e+00 3.125000e+00 3.125000e+00 3.125000e+00 3.125000e+00 3.125000e+00 3.125000e+00 3.125000e+00 3.125000e+00 3.125000e+00 3.125000e+00 3.125000e+00 3.125000e+00 3.125000e+00 3.125000e+00 3.125000e+00 3.125000e+00 3.125000e+00 3.125000e+00 3.125000e+00 3.125000e+00 
14 2.187500e+00 0.000000e+00 3 13 79 15 4 40 41 41 43 2 13 14 40 3.125000e+00 3.125000e+00 3.125000e+00 3.125000e+00 3.125000e+00 3.125000e+00 3.125000e+00 3.125000e+00 3.125000e+00 3.125000e+00 3.125000e+00 3.125000e+00 3.125000e+00 3.125000e+00 3.125000e+00 3.125000e+00 3.125000e+00 3.125000e+00 3.125000e+00 3.125000e+00 3.125000e+00 3.125000e+00 3.125000e+00 3.125000e+00 3.125000e+00 3.125000e+00 3.125000e+00 3.125000e+00 3.125000e+00 3.125000e+00 3.125000e+00 3.125000e+00 3.125000e+00 3.125000e+00 3.125000e+00 3.125000e+00 3.125000e+00 3.125000e+00 3.125000e+00 3.125000e+00 
15 2.343750e+00 0.000000e+00 3 14 80 16 4 43 44 44 46 2 14 15 40 3.125000e+00 3.125000e+00 3.125000e+00 3.125000e+00 3.125000e+00 3.125000e+00 3.125000e+00 3.125000e+00 3.125000e+00 3.125000e+00 3.125000e+00 3.125000e+00 3.125000e+00 3.125000e+00 3.125000e+00 3.125000e+00 3.125000e+00 3.125000e+00 3.125000e+00 3.125000e+00 3.125000e+00 3.125000e+00 3.125000e+00 3.125000e+00 3.125000e+00 3.125000e+00 3.125000e+00 3.125000e+00 3.125000e+00 3.125000e+00 3.125000e+00 3.125000e+00 3.125000e+00 3.125000e+00 3.125000e+00 3.125000e+00 3.125000e+00 3.125000e+00 3.125000e+00 3.125000e+00 
16 2.500000e+00 0.000000e+00 3 15 81 17 4 46 47 47 49 2 15 16 40 3.125000e+00 3.125000e+00 3.125000e+00 3.125000e+00 3.125000e+00 3.125000e+00 3.125000e+00 3.125000e+00 3.125000e+00 3.125000e+00 3.125000e+00 3.125000e+00 3.125000e+00 3.125000e+00 3.125000e+00 3.125000e+00 3.125000e+00 3.125000e+00 3.125000e+00 3.125000e+00 3.125000e+00 3.125000e+00 3.125000e+00 3.125000e+00 3.125000e+00 3.125000e+00 3.125000e+00 3.125000e+00 3.125000e+00 3.125000e+00 3.125000e+00 3.125000e+00 3.125000e+00 3.125000e+00 3.125000e+00 3.125000e+00 3.125000e+00 3.125000e+00 3.125000e+00 3.125000e+00 
17 2.656250e+00 0.000000e+00 3 16 82 18 4 49 50 50 52 2 16 17 40 3.125000e+00 3.125000e+00 3.125000e+00 3.125000e+00 3.125000e+00 3.125000e+00 3.125000e+00 3.125000e+00 3.125000e+00 3.125000e+00 3.125000e+00 3.125000e+00 3.125000e+00 3.125000e+00 3.125000e+00 3.125000e+00 3.125000e+00 3.125000e+00 3.125000e+00 3.125000e+00 3.125000e+00 3.125000e+00 3.125000e+00 3.125000e+00 3.125000e+00 3.125000e+00 3.125000e+00 3.125000e+00 3.125000e+00 3.125000e+00 3.125000e+00 3.125000e+00 3.125000e+00 3.125000e+00 3.125000e+00 3.125000e+00 3.125000e+00 3.125000e+00 3.125000e+00 3.125000e+00 
18 2.812500e+00 0.000000e+00 3 17 83 19 4 52 53 53 55 2 17 18 40 3.125000e+00 3.125000e+00 3.125000e+00 3.125000e+00 3.125000e+00 3.125000e+00 3.125000e+00 3.125000e+00 3.125000e+00 3.125000e+00 3.125000e+00 3.125000e+00 3.125000e+00 3.125000e+00 3.125000e+00 3.125000e+00 3.125000e+00 3.125000e+00 3.125000e+00 3.125000e+00 3.125000e+00 3.125000e+00 3.125000e+00 3.125000e+00 3.125000e+00 3.125000e+00 3.125000e+00 3.125000e+00 3.125000e+00 3.125000e+00 3.125000e+00 3.125000e+00 3.125000e+00 3.125000e+00 3.125000e+00 3.125000e+00 3.125000e+00 3.125000e+00 3.125000e+00 3.125000e+00 
19 2.968750e+00 0.000000e+00 3 18 84 20 4 55 56 56 58 2 18 19 40 3.125000e+00 3.125000e+00 3.125000e+00 3.125000e+00 3.125000e+00 3.125000e+00 3.125000e+00 3.125000e+00 3.125000e+00 3.125000e+00 3.125000e+00 3.125000e+00 3.125000e+00 3.125000e+00 3.125000e+00 3.125000e+00 3.125000e+00 3.125000e+00 3.125000e+00 3.125000e+00 3.125000e+00 3.125000e+00 3.125000e+00 3.125000e+00 3.125000e+00 3.125000e+00 3.125000e+00 3.125000e+00 3.125000e+00 3.125000e+00 3.125000e+00 3.125000e+00 3.125000e+00 3.125000e+00 3.125000e+00 3.125000e+00 3.125000e+00 3.125000e+00 3.125000e+00 3.125000e+00 
20 3.125000e+00 0.000000e+00 3 19 85 21 4 58 59 59 61 2 19 20 40 3.125000e+00 3.125000e+00 3.125000e+00 3.125000e+00 3.125000e+00 3.125000e+00 3.125000e+00 3.125000e+00 3.125000e+00 3.125000e+00 3.125000e+00 3.125000e+00 3.125000e+00 3.125000e+00 3.125000e+00 3.125000e+00 3.125000e+00 3.125000e+00 3.125000e+00 3.125000e+00 3.125000e+00 3.125000e+00 3.125000e+00 3.125000e+00 3.125000e+00 3.125000e+00 3.125000e+00 3.125000e+00 3.125000e+00 3.125000e+00 3.125000e+00 3.125000e+00 3.125000e+00 3.125000e+00 3.125000e+00 3.125000e+00 3.125000e+00 3.125000e+00 3.125000e+00 3.125000e+00 
21 3.281250e+00 0.000000e+00 3 20 86 22 4 61 62 62 64 2 20 21 40 3.125000e+00 3.125000e+00 3.125000e+00 3.125000e+00 3.125000e+00 3.125000e+00 3.125000e+00 3.125000e+00 3.125000e+00 3.125000e+00 3.125000e+00 3.125000e+00 3.125000e+00 3.125000e+00 3.125000e+00 3.125000e+00 3.125000e+00 3.125000e+00 3.125000e+00 3.125000e+00 3.125000e+00 3.125000e+00 3.125000e+00 3.125000e+00 3.125000e+00 3.125000e+00 3.125000e+00 3.125000e+00 3.125000e+00 3.125000e+00 3.125000e+00 3.125000e+00 3.125000e+00 3.125000e+00 3.125000e+00 3.125000e+00 3.125000e+00 3.125000e+00 3.125000e+00 3.125000e+00 
22 3.437500e+00 0.000000e+00 3 21 87 23 4 64 65 65 67 2 21 22 40 3.125000e+00 3.125000e+00 3.125000e+00 3.125000e+00 3.125000e+00 3.125000e+00 3.125000e+00 3.125000e+00 3.125000e+00 3.125000e+00 3.125000e+00 3.125000e+00 3.125000e+00 3.125000e+00 3.125000e+00 3.125000e+00 3.125000e+00 3.125000e+00 3.125000e+00 3.125000e+00 3.125000e+00 3.125000e+00 3.125000e+00 3.125000e+00 3.125000e+00 3.125000e+00 3.125000e+00 3.125000e+00 3.125000e+00 3.125000e+00 3.125000e+00 3.125000e+00 3.125000e+00 3.125000e+00 3.125000e+00 3.125000e+00 3.125000e+00 3.125000e+00 3.125000e+00 3.125000e+00 
23 3.593750e+00 0.000000e+00 3 22 88 24 4 67 68 68 70 2 22 23 40 3.125000e+00 3.125000e+00 3.125000e+00 3.125000e+00 3.125000e+00 3.125000e+00 3.125000e+00 3.125000e+00 3.125000e+00 3.125000e+00 3.125000e+00 3.125000e+00 3.125000e+00 3.125000e+00 3.125000e+00 3.125000e+00 3.125000e+00 3.125000e+00 3.125000e+00 3.125000e+00 3.125000e+00 3.125000e+00 3.125000e+00 3.125000e+00 3.125000e+00 3.125000e+00 3.125000e+00 3.125000e+00 3.125000e+00 3.125000e+00 3.125000e+00 3.125000e+00 3.125000e+00 3.125000e+00 3.125000e+00 3.125000e+00 3.125000e+00 3.125000e+00 3.125000e+00 3.125000e+00 
24 3.750000e+00 0.000000e+00 3 23 89 25 4 70 71 71 73 2 23 24 40 3.125000e+00 3.125000e+00 3.125000e+00 3.125000e+00 3.125000e+00 3.125000e+00 3.125000e+00 3.125000e+00 3.125000e+00 3.125000e+00 3.125000e+00 3.125000e+00 3.125000e+00 3.125000e+00 3.125000e+00 3.125000e+00 3.125000e+00 3.125000e+00 3.125000e+00 3.125000e+00 3.125000e+00 3.125000e+00 3.125000e+00 3.125000e+00 3.125000e+00 3.125000e+00 3.125000e+00 3.125000e+00 3.125000e+00 3.125000e+00 3.125000e+00 3.125000e+00 3.125000e+00 3.125000e+00 3.125000e+00 3.125000e+00 3.125000e+00 3.125000e+00 3.125000e+00 3.125000e+00 
25 3.906250e+00 0.000000e+00 3 24 90 26 4 73 74 74 76 2 24 25 40 3.125000e+00 3.125000e+00 3.125000e+00 3.125000e+00 3.125000e+00 3.125000e+00 3.125000e+00 3.125000e+00 3.125000e+00 3.125000e+00 3.125000e+00 3.125000e+00 3.125000e+00 3.125000e+00 3.125000e+00 3.125000e+00 3.125000e+00 3.125000e+00 3.125000e+00 3.125000e+00 3.125000e+00 3.125000e+00 3.125000e+00 3.125000e+00 3.125000e+00 3.125000e+00 3.125000e+00 3.125000e+00 3.125000e+00 3.125000e+00 3.125000e+00 3.125000e+00 3.125000e+00 3.125000e+00 3.125000e+00 3.125000e+00 3.125000e+00 3.125000e+00 3.125000e+00 3.125000e+00 
26 4.062500e+00 0.000000e+00 3 25 91 27 4 76 77 77 79 2 25 26 40 3.125000e+00 3.125000e+00 3.125000e+00 3.125000e+00 3.125000e+00 3.125000e+00 3.125000e+00 3.125000e+00 3.125000e+00 3.125000e+00 3.125000e+00 3.125000e+00 3.125000e+00 3.125000e+00 3.125000e+00 3.125000e+00 3.125000e+00 3.125000e+00 3.125000e+00 3.125000e+00 3.125000e+00 3.125000e+00 3.125000e+00 3.125000e+00 3.125000e+00 3.125000e+00 3.125000e+00 3.125000e+00 3.125000e+00 3.125000e+00 3.125000e+00 3.125000e+00 3.125000e+00 3.125000e+00 3.125000e+00 3.125000e+00 3.125000e+00 3.125000e+00 3.125000e+00 3.125000e+00 
27 4.218750e+00 0.000000e+00 3 26 92 28 4 79 80 80 82 2 26 27 40 3.125000e+00 3.125000e+00 3.125000e+00 3.125000e+00 3.125000e+00 3.125000e+00 3.125000e+00 3.125000e+00 3.125000e+00 3.125000e+00 3.125000e+00 3.125000e+00 3.125000e+00 3.125000e+00 3.125000e+00 3.125000e+00 3.125000e+00 3.125000e+00 3.125000e+00 3.125000e+00 3.125000e+00 3.125000e+00 3.125000e+00 3.125000e+00 3.125000e+00 3.125000e+00 3.125000e+00 3.125000e+00 3.125000e+00 3.125000e+00 3.125000e+00 3.125000e+00 3.125000e+00 3.125000e+00 3.125000e+00 3.125000e+00 3.125000e+00 3.125000e+00 3.125000e+00 3.125000e+00 
28 4.375000e+00 0.000000e+00 3 27 93 29 4 82 83 83 85 2 27 28 40 3.125000e+00 3.125000e+00 3.125000e+00 3.125000e+00 3.125000e+00 3.125000e+00 3.125000e+00 3.125000e+00 3.125000e+00 3.125000e+00 3.125000e+00 3.125000e+00 3.125000e+00 3.125000e+00 3.125000e+00 3.125000e+00 3.125000e+00 3.125000e+00 3.125000e+00 3.125000e+00 3.125000e+00 3.125000e+00 3.125000e+00 3.125000e+00 3.125000e+00 3.125000e+00 3.125000e+00 3.125000e+00 3.125000e+00 3.125000e+00 3.125000e+00 3.125000e+00 3.125000e+00 3.125000e+00 3.125000e+00 3.125000e+00 3.125000e+00 3.125000e+00 3.125000e+00 3.125000e+00 
29 4.531250e+00 0.000000e+00 3 28 94 30 4 85 86 86 88 2 28 29 40 3.125000e+00 3.125000e+00 3.125000e+00 3.125000e+00 3.125000e+00 3.125000e+00 3.125000e+00 3.125000e+00 3.125000e+00 3.125000e+00 3.125000e+00 3.125000e+00 3.125000e+00 3.125000e+00 3.125000e+00 3.125000e+00 3.125000e+00 3.125000e+00 3.125000e+00 3.125000e+00 3.125000e+00 3.125000e+00 3.125000e+00 3.125000e+00 3.125000e+00 3.125000e+00 3.125000e+00 3.125000e+00 3.125000e+00 3.125000e+00 3.125000e+00 3.125000e+00 3.125000e+00 3.125000e+00 3.125000e+00 3.125000e+00 3.125000e+00 3.125000e+00 3.125000e+00 3.125000e+00 
30 4.687500e+00 0.000000e+00 3 29 95 31 4 88 89 89 91 2 29 30 40 3.125000e+00 3.125000e+00 3.125000e+00 3.125000e+00 3.125000e+00 3.125000e+00 3.125000e+00 3.125000e+00 3.125000e+00 3.125000e+00 3.125000e+00 3.125000e+00 3.125000e+00 3.125000e+00 3.125000e+00 3.125000e+00 3.125000e+00 3.125000e+00 3.125000e+00 3.125000e+00 3.125000e+00 3.125000e+00 3.125000e+00 3.125000e+00 3.125000e+00 3.125000e+00 3.125000e+00 3.125000e+00 3.125000e+00 3.125000e+00 3.125000e+00 3.125000e+00 3.125000e+00 3.125000e+00 3.125000e+00 3.125000e+00 3.125000e+00 3.125000e+00 3.125000e+00 3.125000e+00 
31 4.843750e+00 0.000000e+00 3 30 96 32 4 91 92 92 94 2 30 31 40 3.125000e+00 3.125000e+00 3.125000e+00 3.125000e+00 3.125000e+00 3.125000e+00 3.125000e+00 3.125000e+00 3.125000e+00 3.125000e+00 3.125000e+00 3.125000e+00 3.125000e+00 3.125000e+00 3.125000e+00 3.125000e+00 3.125000e+00 3.125000e+00 3.125000e+00 3.125000e+00 3.125000e+00 3.125000e+00 3.125000e+00 3.125000e+00 3.125000e+00 3.125000e+00 3.125000e+00 3.125000e+00 3.125000e+00 3.125000e+00 3.125000e+00 3.125000e+00 3.125000e+00 3.125000e+00 3.125000e+00 3.125000e+00 3.125000e+00 3.125000e+00 3.125000e+00 3.125000e+00 
32 5.000000e+00 0.000000e+00 3 31 97 33 4 94 95 95 97 2 31 32 40 3.125000e+00 3.125000e+00 3.125000e+00 3.125000e+00 3.125000e+00 3.125000e+00 3.125000e+00 3.125000e+00 3.125000e+00 3.125000e+00 3.125000e+00 3.125000e+00 3.125000e+00 3.125000e+00 3.125000e+00 3.125000e+00 3.125000e+00 3.125000e+00 3.125000e+00 3.125000e+00 3.125000e+00 3.125000e+00 3.125000e+00 3.125000e+00 3.125000e+00 3.125000e+00 3.125000e+00 3.125000e+00 3.125000e+00 3.125000e+00 3.125000e+00 3.125000e+00 3.125000e+00 3.125000e+00 3.125000e+00 3.125000e+00 3.125000e+00 3.125000e+00 3.125000e+00 3.125000e+00 
33 5.156250e+00 0.000000e+00 3 32 98 34 4 97 98 98 100 2 32 33 40 3.125000e+00 3.125000e+00 3.125000e+00 3.125000e+00 3.125000e+00 3.125000e+00 3.125000e+00 3.125000e+00 3.125000e+00 3.125000e+00 3.125000e+00 3.125000e+00 3.125000e+00 3.125000e+00 3.125000e+00 3.125000e+00 3.125000e+00 3.125000e+00 3.125000e+00 3.125000e+00 3.125000e+00 3.125000e+00 3.125000e+00 3.125000e+00 3.125000e+00 3.125000e+00 3.125000e+00 3.125000e+00 3.125000e+00 3.125000e+00 3.125000e+00 3.125000e+00 3.125000e+00 3.125000e+00 3.125000e+00 3.125000e+00 3.125000e+00 3.125000e+00 3.125000e+00 3.125000e+00 
34 5.312500e+00 0.000000e+00 3 33 99 35 4 100 101 101 103 2 33 34 40 3.125000e+00 3.125000e+00 3.125000e+00 3.125000e+00 3.125000e+00 3.125000e+00 3.125000e+00 3.125000e+00 3.125000e+00 3.125000e+00 3.125000e+00 3.125000e+00 3.125000e+00 3.125000e+00 3.125000e+00 3.125000e+00 3.125000e+00 3.125000e+00 3.125000e+00 3.125000e+00 3.125000e+00 3.125000e+00 3.125000e+00 3.125000e+00 3.125000e+00 3.125000e+00 3.125000e+00 3.125000e+00 3.125000e+00 3.125000e+00 3.125000e+00 3.125000e+00 3.125000e+00 3.125000e+00 3.125000e+00 3.125000e+00 3.125000e+00 3.125000e+00 3.125000e+00 3.125000e+00 
35 5.468750e+00 0.000000e+00 3 34 100 36 4 103 104 104 106 2 34 35 40 3.125000e+00 3.125000e+00 3.125000e+00 3.125000e+00 3.125000e+00 3.125000e+00 3.125000e+00 3.125000e+00 3.125000e+00 3.125000e+00 3.125000e+00 3.125000e+00 3.125000e+00 3.125000e+00 3.125000e+00 3.125000e+00 3.125000e+00 3.125000e+00 3.125000e+00 3.125000e+00 3.125000e+00 3.125000e+00 3.125000e+00 3.125000e+00 3.125000e+00 3.125000e+00 3.125000e+00 3.125000e+00 3.125000e+00 3.125000e+00 3.125000e+00 3.125000e+00 3.125000e+00 3.125000e+00 3.125000e+00 3.125000e+00 3.125000e+00 3.125000e+00 3.125000e+00 3.125000e+00 
36 5.625000e+00 0.000000e+00 3 35 101 37 4 106 107 107 109 2 35 36 40 3.125000e+00 3.125000e+00 3.125000e+00 3.125000e+00 3.125000e+00 3.125000e+00 3.125000e+00 3.125000e+00 3.125000e+00 3.125000e+00 3.125000e+00 3.125000e+00 3.125000e+00 3.125000e+00 3.125000e+00 3.125000e+00 3.125000e+00 3.125000e+00 3.125000e+00 3.125000e+00 3.125000e+00 3.125000e+00 3.125000e+00 3.125000e+00 3.125000e+00 3.125000e+00 3.125000e+00 3.125000e+00 3.125000e+00 3.125000e+00 3.125000e+00 3.125000e+00 3.125000e+00 3.125000e+00 3.125000e+00 3.125000e+00 3.125000e+00 3.125000e+00 3.125000e+00 3.125000e+00 
37 5.781250e+00 0.000000e+00 3 36 102 38 4 109 110 110 112 2 36 37 40 3.125000e+00 3.125000e+00 3.125000e+00 3.125000e+00 3.125000e+00 3.125000e+00 3.125000e+00 3.125000e+00 3.125000e+00 3.125000e+00 3.125000e+00 3.125000e+00 3.125000e+00 3.125000e+00 3.125000e+00 3.125000e+00 3.125000e+00 3.125000e+00 3.125000e+00 3.125000e+00 3.125000e+00 3.125000e+00 3.125000e+00 3.125000e+00 3.125000e+00 3.125000e+00 3.125000e+00 3.125000e+00 3.125000e+00 3.125000e+00 3.125000e+00 3.125000e+00 3.125000e+00 3.125000e+00 3.125000e+00 3.125000e+00 3.125000e+00 3.125000e+00 3.125000e+00 3.125000e+00 
38 5.937500e+00 0.000000e+00 3 37 103 39 4 112 113 113 115 2 37 38 40 3.125000e+00 3.125000e+00 3.125000e+00 3.125000e+00 3.125000e+00 3.125000e+00 3.125000e+00 3.125000e+00 3.125000e+00 3.125000e+00 3.125000e+00 3.125000e+00 3.125000e+00 3.125000e+00 3.125000e+00 3.125000e+00 3.125000e+00 3.125000e+00 3.125000e+00 3.125000e+00 3.125000e+00 3.125000e+00 3.125000e+00 3.125000e+00 3.125000e+00 3.125000e+00 3.125000e+00 3.125000e+00 3.125000e+00 3.125000e+00 3.125000e+00 3.125000e+00 3.125000e+00 3.125000e+00 3.125000e+00 3.125000e+00 3.125000e+00 3.125000e+00 3.125000e+00 3.125000e+00 
39 6.093750e+00 0.000000e+00 3 38 104 40 4 115 116 116 118 2 38 39 40 3.125000e+00 3.125000e+00 3.125000e+00 3.125000e+00 3.125000e+00 3.125000e+00 3.125000e+00 3.125000e+00 3.125000e+00 3.125000e+00 3.125000e+00 3.125000e+00 3.125000e+00 3.125000e+00 3.125000e+00 3.125000e+00 3.125000e+00 3.125000e+00 3.125000e+00 3.125000e+00 3.125000e+00 3.125000e+00 3.125000e+00 3.125000e+00 3.125000e+00 3.125000e+00 3.125000e+00 3.125000e+00 3.125000e+00 3.125000e+00 3.125000e+00 3.125000e+00 3.125000e+00 3.125000e+00 3.125000e+00 3.125000e+00 3.125000e+00 3.125000e+00 3.125000e+00 3.125000e+00 
40 6.250000e+00 0.000000e+00 3 39 105 41 4 118 119 119 121 2 39 40 40 3.125000e+00 3.125000e+00 3.125000e+00 3.125000e+00 3.125000e+00 3.125000e+00 3.125000e+00 3.125000e+00 3.125000e+00 3.125000e+00 3.125000e+00 3.125000e+00 3.125000e+00 3.125000e+00 3.125000e+00 3.125000e+00 3.125000e+00 3.125000e+00 3.125000e+00 3.125000e+00 3.125000e+00 3.125000e+00 3.125000e+00 3.125000e+00 3.125000e+00 3.125000e+00 3.125000e+00 3.125000e+00 3.125000e+00 3.125000e+00 3.125000e+00 3.125000e+00 3.125000e+00 3.125000e+00 3.125000e+00 3.125000e+00 3.125000e+00 3.125000e+00 3.125000e+00 3.125000e+00 
41 6.406250e+00 0.000000e+00 3 40 106 42 4 121 122 122 124 2 40 41 40 3.125000e+00 3.125000e+00 3.125000e+00 3.125000e+00 3.125000e+00 3.125000e+00 3.125000e+00 3.125000e+00 3.125000e+00 3.125000e+00 3.125000e+00 3.125000e+00 3.125000e+00 3.125000e+00 3.125000e+00 3.125000e+00 3.125000e+00 3.125000e+00 3.125000e+00 3.125000e+00 3.125000e+00 3.125000e+00 3.125000e+00 3.125000e+00 3.125000e+00 3.125000e+00 3.125000e+00 3.125000e+00 3.125000e+00 3.125000e+00 3.125000e+00 3.125000e+00 3.125000e+00 3.125000e+00 3.125000e+00 3.125000e+00 3.125000e+00 3.125000e+00 3.125000e+00 3.125000e+00 
42 6.562500e+00 0.000000e+00 3 41 107 43 4 124 125 125 127 2 41 42 40 3.125000e+00 3.125000e+00 3.125000e+00 3.125000e+00 3.125000e+00 3.125000e+00 3.125000e+00 3.125000e+00 3.125000e+00 3.125000e+00 3.125000e+00 3.125000e+00 3.125000e+00 3.125000e+00 3.125000e+00 3.125000e+00 3.125000e+00 3.125000e+00 3.125000e+00 3.125000e+00 3.125000e+00 3.125000e+00 3.125000e+00 3.125000e+00 3.125000e+00 3.125000e+00 3.125000e+00 3.125000e+00 3.125000e+00 3.125000e+00 3.125000e+00 3.125000e+00 3.125000e+00 3.125000e+00 3.125000e+00 3.125000e+00 3.125000e+00 3.125000e+00 3.125000e+00 3.125000e+00 
43 6.718750e+00 0.000000e+00 3 42 108 44 4 127 128 128 130 2 42 43 40 3.125000e+00 3.125000e+00 3.125000e+00 3.125000e+00 3.125000e+00 3.125000e+00 3.125000e+00 3.125000e+00 3.125000e+00 3.125000e+00 3.125000e+00 3.125000e+00 3.125000e+00 3.125000e+00 3.125000e+00 3.125000e+00 3.125000e+00 3.125000e+00 3.125000e+00 3.125000e+00 3.125000e+00 3.125000e+00 3.125000e+00 3.125000e+00 3.125000e+00 3.125000e+00 3.125000e+00 3.125000e+00 3.125000e+00 3.125000e+00 3.125000e+00 3.125000e+00 3.125000e+00 3.125000e+00 3.125000e+00 3.125000e+00 3.125000e+00 3.125000e+00 3.125000e+00 3.125000e+00 
44 6.875000e+00 0.000000e+00 3 43 109 45 4 130 131 131 133 2 43 44 40 3.125000e+00 3.125000e+00 3.125000e+00 3.125000e+00 3.125000e+00 3.125000e+00 3.125000e+00 3.125000e+00 3.125000e+00 3.125000e+00 3.125000e+00 3.125000e+00 3.125000e+00 3.125000e+00 3.125000e+00 3.125000e+00 3.125000e+00 3.125000e+00 3.125000e+00 3.125000e+00 3.125000e+00 3.125000e+00 3.125000e+00 3.125000e+00 3.125000e+00 3.125000e+00 3.125000e+00 3.125000e+00 3.125000e+00 3.125000e+00 3.125000e+00 3.125000e+00 3.125000e+00 3.125000e+00 3.125000e+00 3.125000e+00 3.125000e+00 3.125000e+00 3.125000e+00 3.125000e+00 
45 7.031250e+00 0.000000e+00 3 44 110 46 4 133 134 134 136 2 44 45 40 3.125000e+00 3.125000e+00 3.125000e+00 3.125000e+00 3.125000e+00 3.125000e+00 3.125000e+00 3.125000e+00 3.125000e+00 3.125000e+00 3.125000e+00 3.125000e+00 3.125000e+00 3.125000e+00 3.125000e+00 3.125000e+00 3.125000e+00 3.125000e+00 3.125000e+00 3.125000e+00 3.125000e+00 3.125000e+00 3.125000e+00 3.125000e+00 3.125000e+00 3.125000e+00 3.125000e+00 3.125000e+00 3.125000e+00 3.125000e+00 3.125000e+00 3.125000e+00 3.125000e+00 3.125000e+00 3.125000e+00 3.125000e+00 3.125000e+00 3.125000e+00 3.125000e+00 3.125000e+00 
46 7.187500e+00 0.000000e+00 3 45 111 47 4 136 137 137 139 2 45 46 40 3.125000e+00 3.125000e+00 3.125000e+00 3.125000e+00 3.125000e+00 3.125000e+00 3.125000e+00 3.125000e+00 3.125000e+00 3.125000e+00 3.125000e+00 3.125000e+00 3.125000e+00 3.125000e+00 3.125000e+00 3.125000e+00 3.125000e+00 3.125000e+00 3.125000e+00 3.125000e+00 3.125000e+00 3.125000e+00 3.125000e+00 3.125000e+00 3.125000e+00 3.125000e+00 3.125000e+00 3.125000e+00 3.125000e+00 3.125000e+00 3.125000e+00 3.125000e+00 3.125000e+00 3.125000e+00 3.125000e+00 3.125000e+00 3.125000e+00 3.125000e+00 3.125000e+00 3.125000e+00 
47 7.343750e+00 0.000000e+00 3 46 112 48 4 139 140 140 142 2 46 47 40 3.125000e+00 3.125000e+00 3.125000e+00 3.125000e+00 3.125000e+00 3.125000e+00 3.125000e+00 3.125000e+00 3.125000e+00 3.125000e+00 3.125000e+00 3.125000e+00 3.125000e+00 3.125000e+00 3.125000e+00 3.125000e+00 3.125000e+00 3.125000e+00 3.125000e+00 3.125000e+00 3.125000e+00 3.125000e+00 3.125000e+00 3.125000e+00 3.125000e+00 3.125000e+00 3.125000e+00 3.125000e+00 3.125000e+00 3.125000e+00 3.125000e+00 3.125000e+00 3.125000e+00 3.125000e+00 3.125000e+00 3.125000e+00 3.125000e+00 3.125000e+00 3.125000e+00 3.125000e+00 
48 7.500000e+00 0.000000e+00 3 47 113 49 4 142 143 143 145 2 47 48 40 3.125000e+00 3.125000e+00 3.125000e+00 3.125000e+00 3.125000e+00 3.125000e+00 3.125000e+00 3.125000e+00 3.125000e+00 3.125000e+00 3.125000e+00 3.125000e+00 3.125000e+00 3.125000e+00 3.125000e+00 3.125000e+00 3.125000e+00 3.125000e+00 3.125000e+00 3.125000e+00 3.125000e+00 3.125000e+00 3.125000e+00 3.125000e+00 3.125000e+00 3.125000e+00 3.125000e+00 3.125000e+00 3.125000e+00 3.125000e+00 3.125000e+00 3.125000e+00 3.125000e+00 3.125000e+00 3.125000e+00 3.125000e+00 3.125000e+00 3.125000e+00 3.125000e+00 3.125000e+00 
49 7.656250e+00 0.000000e+00 3 48 114 50 4 145 146 146 148 2 48 49 40 3.125000e+00 3.125000e+00 3.125000e+00 3.125000e+00 3.125000e+00 3.125000e+00 3.125000e+00 3.125000e+00 3.125000e+00 3.125000e+00 3.125000e+00 3.125000e+00 3.125000e+00 3.125000e+00 3.125000e+00 3.125000e+00 3.125000e+00 3.125000e+00 3.125000e+00 3.125000e+00 3.125000e+00 3.125000e+00 3.125000e+00 3.125000e+00 3.125000e+00 3.125000e+00 3.125000e+00 3.125000e+00 3.125000e+00 3.125000e+00 3.125000e+00 3.125000e+00 3.125000e+00 3.125000e+00 3.125000e+00 3.125000e+00 3.125000e+00 3.125000e+00 3.125000e+00 3.125000e+00 
50 7.812500e+00 0.000000e+00 3 49 115 51 4 148 149 149 151 2 49 50 40 3.125000e+00 3.125000e+00 3.125000e+00 3.125000e+00 3.125000e+00 3.125000e+00 3.125000e+00 3.125000e+00 3.125000e+00 3.125000e+00 3.125000e+00 3.125000e+00 3.125000e+00 3.125000e+00 3.125000e+00 3.125000e+00 3.125000e+00 3.125000e+00 3.125000e+00 3.125000e+00 3.125000e+00 3.125000e+00 3.125000e+00 3.125000e+00 3.125000e+00 3.125000e+00 3.125000e+00 3.125000e+00 3.125000e+00 3.125000e+00 3.125000e+00 3.125000e+00 3.125000e+00 3.125000e+00 3.125000e+00 3.125000e+00 3.125000e+00 3.125000e+00 3.125000e+00 3.125000e+00 
51 7.968750e+00 0.000000e+00 3 50 116 52 4 151 152 152 154 2 50 51 40 3.125000e+00 3.125000e+00 3.125000e+00 3.125000e+00 3.125000e+00 3.125000e+00 3.125000e+00 3.125000e+00 3.125000e+00 3.125000e+00 3.125000e+00 3.125000e+00 3.125000e+00 3.125000e+00 3.125000e+00 3.125000e+00 3.125000e+00 3.125000e+00 3.125000e+00 3.125000e+00 3.125000e+00 3.125000e+00 3.125000e+00 3.125000e+00 3.125000e+00 3.125000e+00 3.125000e+00 3.125000e+00 3.125000e+00 3.125000e+00 3.125000e+00 3.125000e+00 3.125000e+00 3.125000e+00 3.125000e+00 3.125000e+00 3.125000e+00 3.125000e+00 3.125000e+00 3.125000e+00 
52 8.125000e+00 0.000000e+00 3 51 117 53 4 154 155 155 157 2 51 52 40 3.125000e+00 3.125000e+00 3.125000e+00 3.125000e+00 3.125000e+00 3.125000e+00 3.125000e+00 3.125000e+00 3.125000e+00 3.125000e+00 3.125000e+00 3.125000e+00 3.125000e+00 3.125000e+00 3.125000e+00 3.125000e+00 3.125000e+00 3.125000e+00 3.125000e+00 3.125000e+00 3.125000e+00 3.125000e+00 3.125000e+00 3.125000e+00 3.125000e+00 3.125000e+00 3.125000e+00 3.125000e+00 3.125000e+00 3.125000e+00 3.125000e+00 3.125000e+00 3.125000e+00 3.125000e+00 3.125000e+00 3.125000e+00 3.125000e+00 3.125000e+00 3.125000e+00 3.125000e+00 
53 8.281250e+00 0.000000e+00 3 52 118 54 4 157 158 158 160 2 52 53 40 3.125000e+00 3.125000e+00 3.125000e+00 3.125000e+00 3.125000e+00 3.125000e+00 3.125000e+00 3.125000e+00 3.125000e+00 3.125000e+00 3.125000e+00 3.125000e+00 3.125000e+00 3.125000e+00 3.125000e+00 3.125000e+00 3.125000e+00 3.125000e+00 3.125000e+00 3.125000e+00 3.125000e+00 3.125000e+00 3.125000e+00 3.125000e+00 3.125000e+00 3.125000e+00 3.125000e+00 3.125000e+00 3.125000e+00 3.125000e+00 3.125000e+00 3.125000e+00 3.125000e+00 3.125000e+00 3.125000e+00 3.125000e+00 3.125000e+00 3.125000e+00 3.125000e+00 3.125000e+00 
54 8.437500e+00 0.000000e+00 3 53 119 55 4 160 161 161 163 2 53 54 40 3.125000e+00 3.125000e+00 3.125000e+00 3.125000e+00 3.125000e+00 3.125000e+00 3.125000e+00 3.125000e+00 3.125000e+00 3.125000e+00 3.125000e+00 3.125000e+00 3.125000e+00 3.125000e+00 3.125000e+00 3.125000e+00 3.125000e+00 3.125000e+00 3.125000e+00 3.125000e+00 3.125000e+00 3.125000e+00 3.125000e+00 3.125000e+00 3.125000e+00 3.125000e+00 3.125000e+00 3.125000e+00 3.125000e+00 3.125000e+00 3.125000e+00 3.125000e+00 3.125000e+00 3.125000e+00 3.125000e+00 3.125000e+00 3.125000e+00 3.125000e+00 3.125000e+00 3.125000e+00 
55 8.593750e+00 0.000000e+00 3 54 120 56 4 163 164 164 166 2 54 55 40 3.125000e+00 3.125000e+00 3.125000e+00 3.125000e+00 3.125000e+00 3.125000e+00 3.125000e+00 3.125000e+00 3.125000e+00 3.125000e+00 3.125000e+00 3.125000e+00 3.125000e+00 3.125000e+00 3.125000e+00 3.125000e+00 3.125000e+00 3.125000e+00 3.125000e+00 3.125000e+00 3.125000e+00 3.125000e+00 3.125000e+00 3.125000e+00 3.125000e+00 3.125000e+00 3.125000e+00 3.125000e+00 3.125000e+00 3.125000e+00 3.125000e+00 3.125000e+00 3.125000e+00 3.125000e+00 3.125000e+00 3.125000e+00 3.125000e+00 3.125000e+00 3.125000e+00 3.125000e+00 
56 8.750000e+00 0.000000e+00 3 55 121 57 4 166 167 167 169 2 55 56 40 3.125000e+00 3.125000e+00 3.125000e+00 3.125000e+00 3.125000e+00 3.125000e+00 3.125000e+00 3.125000e+00 3.125000e+00 3.125000e+00 3.125000e+00 3.125000e+00 3.125000e+00 3.125000e+00 3.125000e+00 3.125000e+00 3.125000e+00 3.125000e+00 3.125000e+00 3.125000e+00 3.125000e+00 3.125000e+00 3.125000e+00 3.125000e+00 3.125000e+00 3.125000e+00 3.125000e+00 3.125000e+00 3.125000e+00 3.125000e+00 3.125000e+00 3.125000e+00 3.125000e+00 3.125000e+00 3.125000e+00 3.125000e+00 3.125000e+00 3.125000e+00 3.125000e+00 3.125000e+00 
57 8.906250e+00 0.000000e+00 3 56 122 58 4 169 170 170 172 2 56 57 40 3.125000e+00 3.125000e+00 3.125000e+00 3.125000e+00 3.125000e+00 3.125000e+00 3.125000e+00 3.125000e+00 3.125000e+00 3.125000e+00 3.125000e+00 3.125000e+00 3.125000e+00 3.125000e+00 3.125000e+00 3.125000e+00 3.125000e+00 3.125000e+00 3.125000e+00 3.125000e+00 3.125000e+00 3.125000e+00 3.125000e+00 3.125000e+00 3.125000e+00 3.125000e+00 3.125000e+00 3.125000e+00 3.125000e+00 3.125000e+00 3.125000e+00 3.125000e+00 3.125000e+00 3.125000e+00 3.125000e+00 3.125000e+00 3.125000e+00 3.125000e+00 3.125000e+00 3.125000e+00 
58 9.062500e+00 0.000000e+00 3 57 123 59 4 172 173 173 175 2 57 58 40 3.125000e+00 3.125000e+00 3.125000e+00 3.125000e+00 3.125000e+00 3.125000e+00 3.125000e+00 3.125000e+00 3.125000e+00 3.125000e+00 3.125000e+00 3.125000e+00 3.125000e+00 3.125000e+00 3.125000e+00 3.125000e+00 3.125000e+00 3.125000e+00 3.125000e+00 3.125000e+00 3.125000e+00 3.125000e+00 3.125000e+00 3.125000e+00 3.125000e+00 3.125000e+00 3.125000e+00 3.125000e+00 3.125000e+00 3.125000e+00 3.125000e+00 3.125000e+00 3.125000e+00 3.125000e+00 3.125000e+00 3.125000e+00 3.125000e+00 3.125000e+00 3.125000e+00 3.125000e+00 
59 9.218750e+00 0.000000e+00 3 58 124 60 4 175 176 176 178 2 58 59 40 3.125000e+00 3.125000e+00 3.125000e+00 3.125000e+00 3.125000e+00 3.125000e+00 3.125000e+00 3.125000e+00 3.125000e+00 3.125000e+00 3.125000e+00 3.125000e+00 3.125000e+00 3.125000e+00 3.125000e+00 3.125000e+00 3.125000e+00 3.125000e+00 3.125000e+00 3.125000e+00 3.125000e+00 3.125000e+00 3.125000e+00 3.125000e+00 3.125000e+00 3.125000e+00 3.125000e+00 3.125000e+00 3.125000e+00 3.125000e+00 3.125000e+00 3.125000e+00 3.125000e+00 3.125000e+00 3.125000e+00 3.125000e+00 3.125000e+00 3.125000e+00 3.125000e+00 3.125000e+00 
60 9.375000e+00 0.000000e+00 3 59 125 61 4 178 179 179 181 2 59 60 40 3.125000e+00 3.125000e+00 3.125000e+00 3.125000e+00 3.125000e+00 3.125000e+00 3.125000e+00 3.125000e+00 3.125000e+00 3.125000e+00 3.125000e+00 3.125000e+00 3.125000e+00 3.125000e+00 3.125000e+00 3.125000e+00 3.125000e+00 3.125000e+00 3.125000e+00 3.125000e+00 3.125000e+00 3.125000e+00 3.125000e+00 3.125000e+00 3.125000e+00 3.125000e+00 3.125000e+00 3.125000e+00 3.125000e+00 3.125000e+00 3.125000e+00 3.125000e+00 3.125000e+00 3.125000e+00 3.125000e+00 3.125000e+00 3.125000e+00 3.125000e+00 3.125000e+00 3.125000e+00 
61 9.531250e+00 0.000000e+00 3 60 126 62 4 181 182 182 184 2 60 61 40 3.125000e+00 3.125000e+00 3.125000e+00 3.125000e+00 3.125000e+00 3.125000e+00 3.125000e+00 3.125000e+00 3.125000e+00 3.125000e+00 3.125000e+00 3.125000e+00 3.125000e+00 3.125000e+00 3.125000e+00 3.125000e+00 3.125000e+00 3.125000e+00 3.125000e+00 3.125000e+00 3.125000e+00 3.125000e+00 3.125000e+00 3.125000e+00 3.125000e+00 3.125000e+00 3.125000e+00 3.125000e+00 3.125000e+00 3.125000e+00 3.125000e+00 3.125000e+00 3.125000e+00 3.125000e+00 3.125000e+00 3.125000e+00 3.125000e+00 3.125000e+00 3.125000e+00 3.125000e+00 
62 9.687500e+00 0.000000e+00 3 61 127 63 4 184 185 185 187 2 61 62 40 3.125000e+00 3.125000e+00 3.125000e+00 3.125000e+00 3.125000e+00 3.125000e+00 3.125000e+00 3.125000e+00 3.125000e+00 3.125000e+00 3.125000e+00 3.125000e+00 3.125000e+00 3.125000e+00 3.125000e+00 3.125000e+00 3.125000e+00 3.125000e+00 3.125000e+00 3.125000e+00 3.125000e+00 3.125000e+00 3.125000e+00 3.125000e+00 3.125000e+00 3.125000e+00 3.125000e+00 3.125000e+00 3.125000e+00 3.125000e+00 3.125000e+00 3.125000e+00 3.125000e+00 3.125000e+00 3.125000e+00 3.125000e+00 3.125000e+00 3.125000e+00 3.125000e+00 3.125000e+00 
63 9.843750e+00 0.000000e+00 3 62 128 64 4 187 188 188 190 2 62 63 40 3.125000e+00 3.125000e+00 3.125000e+00 3.125000e+00 3.125000e+00 3.125000e+00 3.125000e+00 3.125000e+00 3.125000e+00 3.125000e+00 3.125000e+00 3.125000e+00 3.125000e+00 3.125000e+00 3.125000e+00 3.125000e+00 3.125000e+00 3.125000e+00 3.125000e+00 3.125000e+00 3.125000e+00 3.125000e+00 3.125000e+00 3.125000e+00 3.125000e+00 3.125000e+00 3.125000e+00 3.125000e+00 3.125000e+00 3.125000e+00 3.125000e+00 3.125000e+00 3.125000e+00 3.125000e+00 3.125000e+00 3.125000e+00 3.125000e+00 3.125000e+00 3.125000e+00 3.125000e+00 
64 1.000000e+01 0.000000e+00 2 63 129 2 190 191 1 63 40 1.562500e+00 1.562500e+00 1.562500e+00 1.562500e+00 1.562500e+00 1.562500e+00 1.562500e+00 1.562500e+00 1.562500e+00 1.562500e+00 1.562500e+00 1.562500e+00 1.562500e+00 1.562500e+00 1.562500e+00 1.562500e+00 1.562500e+00 1.562500e+00 1.562500e+00 1.562500e+00 1.562500e+00 1.562500e+00 1.562500e+00 1.562500e+00 1.562500e+00 1.562500e+00 1.562500e+00 1.562500e+00 1.562500e+00 1.562500e+00 1.562500e+00 1.562500e+00 1.562500e+00 1.562500e+00 1.562500e+00 1.562500e+00 1.562500e+00 1.562500e+00 1.562500e+00 1.562500e+00 
65 0.000000e+00 1.000000e+01 2 0 66 2 0 3 1 0 40 1.562500e+00 1.562500e+00 1.562500e+00 1.562500e+00 1.562500e+00 1.562500e+00 1.562500e+00 1.562500e+00 1.562500e+00 1.562500e+00 1.562500e+00 1.562500e+00 1.562500e+00 1.562500e+00 1.562500e+00 1.562500e+00 1.562500e+00 1.562500e+00 1.562500e+00 1.562500e+00 1.562500e+00 1.562500e+00 1.562500e+00 1.562500e+00 1.562500e+00 1.562500e+00 1.562500e+00 1.562500e+00 1.562500e+00 1.562500e+00 1.562500e+00 1.562500e+00 1.562500e+00 1.562500e+00 1.562500e+00 1.562500e+00 1.562500e+00 1.562500e+00 1.562500e+00 1.562500e+00 
66 1.562500e-01 1.000000e+01 3 1 65 67 4 2 3 2 6 2 0 1 40 3.125000e+00 3.125000e+00 3.125000e+00 3.125000e+00 3.125000e+00 3.125000e+00 3.125000e+00 3.125000e+00 3.125000e+00 3.125000e+00 3.125000e+00 3.125000e+00 3.125000e+00 3.125000e+00 3.125000e+00 3.125000e+00 3.125000e+00 3.125000e+00 3.125000e+00 3.125000e+00 3.125000e+00 3.125000e+00 3.125000e+00 3.125000e+00 3.125000e+00 3.125000e+00 3.125000e+00 3.125000e+00 3.125000e+00 3.125000e+00 3.125000e+00 3.125000e+00 3.125000e+00 3.125000e+00 3.125000e+00 3.125000e+00 3.125000e+00 3.125000e+00 3.125000e+00 3.125000e+00 
67 3.125000e-01 1.000000e+01 3 2 66 68 4 5 6 5 9 2 1 2 40 3.125000e+00 3.125000e+00 3.125000e+00 3.125000e+00 3.125000e+00 3.125000e+00 3.125000e+00 3.125000e+00 3.125000e+00 3.125000e+00 3.125000e+00 3.125000e+00 3.125000e+00 3.125000e+00 3.125000e+00 3.125000e+00 3.125000e+00 3.125000e+00 3.125000e+00 3.125000e+00 3.125000e+00 3.125000e+00 3.125000e+00 3.125000e+00 3.125000e+00 3.125000e+00 3.125000e+00 3.125000e+00 3.125000e+00 3.125000e+00 3.125000e+00 3.125000e+00 3.125000e+00 3.125000e+00 3.125000e+00 3.125000e+00 3.125000e+00 3.125000e+00 3.125000e+00 3.125000e+00 
68 4.687500e-01 1.000000e+01 3 3 67 69 4 8 9 8 12 2 2 3 40 3.125000e+00 3.125000e+00 3.125000e+00 3.125000e+00 3.125000e+00 3.125000e+00 3.125000e+00 3.125000e+00 3.125000e+00 3.125000e+00 3.125000e+00 3.125000e+00 3.125000e+00 3.125000e+00 3.125000e+00 3.125000e+00 3.125000e+00 3.125000e+00 3.125000e+00 3.125000e+00 3.125000e+00 3.125000e+00 3.125000e+00 3.125000e+00 3.125000e+00 3.125000e+00 3.125000e+00 3.125000e+00 3.125000e+00 3.125000e+00 3.125000e+00 3.125000e+00 3.125000e+00 3.125000e+00 3.125000e+00 3.125000e+00 3.125000e+00 3.125000e+00 3.125000e+00 3.125000e+00 
69 6.250000e-01 1.000000e+01 3 4 68 70 4 11 12 11 15 2 3 4 40 3.125000e+00 3.125000e+00 3.125000e+00 3.125000e+00 3.125000e+00 3.125000e+00 3.125000e+00 3.125000e+00 3.125000e+00 3.125000e+00 3.125000e+00 3.125000e+00 3.125000e+00 3.125000e+00 3.125000e+00 3.125000e+00 3.125000e+00 3.125000e+00 3.125000e+00 3.125000e+00 3.125000e+00 3.125000e+00 3.125000e+00 3.125000e+00 3.125000e+00 3.125000e+00 3.125000e+00 3.125000e+00 3.125000e+00 3.125000e+00 3.125000e+00 3.125000e+00 3.125000e+00 3.125000e+00 3.125000e+00 3.125000e+00 3.125000e+00 3.125000e+00 3.125000e+00 3.125000e+00 
70 7.812500e-01 1.000000e+01 3 5 69 71 4 14 15 14 18 2 4 5 40 3.125000e+00 3.125000e+00 3.125000e+00 3.125000e+00 3.125000e+00 3.125000e+00 3.125000e+00 3.125000e+00 3.125000e+00 3.125000e+00 3.125000e+00 3.125000e+00 3.125000e+00 3.125000e+00 3.125000e+00 3.125000e+00 3.125000e+00 3.125000e+00 3.125000e+00 3.125000e+00 3.125000e+00 3.125000e+00 3.125000e+00 3.125000e+00 3.125000e+00 3.125000e+00 3.125000e+00 3.125000e+00 3.125000e+00 3.125000e+00 3.125000e+00 3.125000e+00 3.125000e+00 3.125000e+00 3.125000e+00 3.125000e+00 3.125000e+00 3.125000e+00 3.125000e+00 3.125000e+00 
71 9.375000e-01 1.000000e+01 3 6 70 72 4 17 18 17 21 2 5 6 40 3.125000e+00 3.125000e+00 3.125000e+00 3.125000e+00 3.125000e+00 3.125000e+00 3.125000e+00 3.125000e+00 3.125000e+00 3.125000e+00 3.125000e+00 3.125000e+00 3.125000e+00 3.125000e+00 3.125000e+00 3.125000e+00 3.125000e+00 3.125000e+00 3.125000e+00 3.125000e+00 3.125000e+00 3.125000e+00 3.125000e+00 3.125000e+00 3.125000e+00 3.125000e+00 3.125000e+00 3.125000e+00 3.125000e+00 3.125000e+00 3.125000e+00 3.125000e+00 3.125000e+00 3.125000e+00 3.125000e+00 3.125000e+00 3.125000e+00 3.125000e+00 3.125000e+00 3.125000e+00 
72 1.093750e+00 1.000000e+01 3 7 71 73 4 20 21 20 24 2 6 7 40 3.125000e+00 3.125000e+00 3.125000e+00 3.125000e+00 3.125000e+00 3.125000e+00 3.125000e+00 3.125000e+00 3.125000e+00 3.125000e+00 3.125000e+00 3.125000e+00 3.125000e+00 3.125000e+00 3.125000e+00 3.125000e+00 3.125000e+00 3.125000e+00 3.125000e+00 3.125000e+00 3.125000e+00 3.125000e+00 3.125000e+00 3.125000e+00 3.125000e+00 3.125000e+00 3.125000e+00 3.125000e+00 3.125000e+00 3.125000e+00 3.125000e+00 3.125000e+00 3.125000e+00 3.125000e+00 3.125000e+00 3.125000e+00 3.125000e+00 3.125000e+00 3.125000e+00 3.125000e+00 
73 1.250000e+00 1.000000e+01 3 8 72 74 4 23 24 23 27 2 7 8 40 3.125000e+00 3.125000e+00 3.125000e+00 3.125000e+00 3.125000e+00 3.125000e+00 3.125000e+00 3.125000e+00 3.125000e+00 3.125000e+00 3.125000e+00 3.125000e+00 3.125000e+00 3.125000e+00 3.125000e+00 3.125000e+00 3.125000e+00 3.125000e+00 3.125000e+00 3.125000e+00 3.125000e+00 3.125000e+00 3.125000e+00 3.125000e+00 3.125000e+00 3.125000e+00 3.125000e+00 3.125000e+00 3.125000e+00 3.125000e+00 3.125000e+00 3.125000e+00 3.125000e+00 3.125000e+00 3.125000e+00 3.125000e+00 3.125000e+00 3.125000e+00 3.125000e+00 3.125000e+00 
74 1.406250e+00 1.000000e+01 3 9 73 75 4 26 27 26 30 2 8 9 40 3.125000e+00 3.125000e+00 3.125000e+00 3.125000e+00 3.125000e+00 3.125000e+00 3.125000e+00 3.125000e+00 3.125000e+00 3.125000e+00 3.125000e+00 3.125000e+00 3.125000e+00 3.125000e+00 3.125000e+00 3.125000e+00 3.125000e+00 3.125000e+00 3.125000e+00 3.125000e+00 3.125000e+00 3.125000e+00 3.125000e+00 3.125000e+00 3.125000e+00 3.125000e+00 3.125000e+00 3.125000e+00 3.125000e+00 3.125000e+00 3.125000e+00 3.125000e+00 3.125000e+00 3.125000e+00 3.125000e+00 3.125000e+00 3.125000e+00 3.125000e+00 3.125000e+00 3.125000e+00 
75 1.562500e+00 1.000000e+01 3 10 74 76 4 29 30 29 33 2 9 10 40 3.125000e+00 3.125000e+00 3.125000e+00 3.125000e+00 3.125000e+00 3.125000e+00 3.125000e+00 3.125000e+00 3.125000e+00 3.125000e+00 3.125000e+00 3.125000e+00 3.125000e+00 3.125000e+00 3.125000e+00 3.125000e+00 3.125000e+00 3.125000e+00 3.125000e+00 3.125000e+00 3.125000e+00 3.125000e+00 3.125000e+00 3.125000e+00 3.125000e+00 3.125000e+00 3.125000e+00 3.125000e+00 3.125000e+00 3.125000e+00 3.125000e+00 3.125000e+00 3.125000e+00 3.125000e+00 3.125000e+00 3.125000e+00 3.125000e+00 3.125000e+00 3.125000e+00 3.125000e+00 
76 1.718750e+00 1.000000e+01 3 11 75 77 4 32 33 32 36 2 10 11 40 3.125000e+00 3.125000e+00 3.125000e+00 3.125000e+00 3.125000e+00 3.125000e+00 3.125000e+00 3.125000e+00 3.125000e+00 3.125000e+00 3.125000e+00 3.125000e+00 3.125000e+00 3.125000e+00 3.125000e+00 3.125000e+00 3.125000e+00 3.125000e+00 3.125000e+00 3.125000e+00 3.125000e+00 3.125000e+00 3.125000e+00 3.125000e+00 3.125000e+00 3.125000e+00 3.125000e+00 3.125000e+00 3.125000e+00 3.125000e+00 3.125000e+00 3.125000e+00 3.125000e+00 3.125000e+00 3.125000e+00 3.125000e+00 3.125000e+00 3.125000e+00 3.125000e+00 3.125000e+00 
77 1.875000e+00 1.000000e+01 3 12 76 78 4 35 36 35 39 2 11 12 40 3.125000e+00 3.125000e+00 3.125000e+00 3.125000e+00 3.125000e+00 3.125000e+00 3.125000e+00 3.125000e+00 3.125000e+00 3.125000e+00 3.125000e+00 3.125000e+00 3.125000e+00 3.125000e+00 3.125000e+00 3.125000e+00 3.125000e+00 3.125000e+00 3.125000e+00 3.125000e+00 3.125000e+00 3.125000e+00 3.125000e+00 3.125000e+00 3.125000e+00 3.125000e+00 3.125000e+00 3.125000e+00 3.125000e+00 3.125000e+00 3.125000e+00 3.125000e+00 3.125000e+00 3.125000e+00 3.125000e+00 3.125000e+00 3.125000e+00 3.125000e+00 3.125000e+00 3.125000e+00 
78 2.031250e+00 1.000000e+01 3 13 77 79 4 38 39 38 42 2 12 13 40 3.125000e+00 3.125000e+00 3.125000e+00 3.125000e+00 3.125000e+00 3.125000e+00 3.125000e+00 3.125000e+00 3.125000e+00 3.125000e+00 3.125000e+00 3.125000e+00 3.125000e+00 3.125000e+00 3.125000e+00 3.125000e+00 3.125000e+00 3.125000e+00 3.125000e+00 3.125000e+00 3.125000e+00 3.125000e+00 3.125000e+00 3.125000e+00 3.125000e+00 3.125000e+00 3.125000e+00 3.125000e+00 3.125000e+00 3.125000e+00 3.125000e+00 3.125000e+00 3.125000e+00 3.125000e+00 3.125000e+00 3.125000e+00 3.125000e+00 3.125000e+00 3.125000e+00 3.125000e+00 
79 2.187500e+00 1.000000e+01 3 14 78 80 4 41 42 41 45 2 13 14 40 3.125000e+00 3.125000e+00 3.125000e+00 3.125000e+00 3.125000e+00 3.125000e+00 3.125000e+00 3.125000e+00 3.125000e+00 3.125000e+00 3.125000e+00 3.125000e+00 3.125000e+00 3.125000e+00 3.125000e+00 3.125000e+00 3.125000e+00 3.125000e+00 3.125000e+00 3.125000e+00 3.125000e+00 3.125000e+00 3.125000e+00 3.125000e+00 3.125000e+00 3.125000e+00 3.125000e+00 3.125000e+00 3.125000e+00 3.125000e+00 3.125000e+00 3.125000e+00 3.125000e+00 3.125000e+00 3.125000e+00 3.125000e+00 3.125000e+00 3.125000e+00 3.125000e+00 3.125000e+00 
80 2.343750e+00 1.000000e+01 3 15 79 81 4 44 45 44 48 2 14 15 40 3.125000e+00 3.125000e+00 3.125000e+00 3.125000e+00 3.125000e+00 3.125000e+00 3.125000e+00 3.125000e+00 3.125000e+00 3.125000e+00 3.125000e+00 3.125000e+00 3.125000e+00 3.125000e+00 3.125000e+00 3.125000e+00 3.125000e+00 3.125000e+00 3.125000e+00 3.125000e+00 3.125000e+00 3.125000e+00 3.125000e+00 3.125000e+00 3.125000e+00 3.125000e+00 3.125000e+00 3.125000e+00 3.125000e+00 3.125000e+00 3.125000e+00 3.125000e+00 3.125000e+00 3.125000e+00 3.125000e+00 3.125000e+00 3.125000e+00 3.125000e+00 3.125000e+00 3.125000e+00 
81 2.500000e+00 1.000000e+01 3 16 80 82 4 47 48 47 51 2 15 16 40 3.125000e+00 3.125000e+00 3.125000e+00 3.125000e+00 3.125000e+00 3.125000e+00 3.125000e+00 3.125000e+00 3.125000e+00 3.125000e+00 3.125000e+00 3.125000e+00 3.125000e+00 3.125000e+00 3.125000e+00 3.125000e+00 3.125000e+00 3.125000e+00 3.125000e+00 3.125000e+00 3.125000e+00 3.125000e+00 3.125000e+00 3.125000e+00 3.125000e+00 3.125000e+00 3.125000e+00 3.125000e+00 3.125000e+00 3.125000e+00 3.125000e+00 3.125000e+00 3.125000e+00 3.125000e+00 3.125000e+00 3.125000e+00 3.125000e+00 3.125000e+00 3.125000e+00 3.125000e+00 
82 2.656250e+00 1.000000e+01 3 17 81 83 4 50 51 50 54 2 16 17 40 3.125000e+00 3.125000e+00 3.125000e+00 3.125000e+00 3.125000e+00 3.125000e+00 3.125000e+00 3.125000e+00 3.125000e+00 3.125000e+00 3.125000e+00 3.125000e+00 3.125000e+00 3.125000e+00 3.125000e+00 3.125000e+00 3.125000e+00 3.125000e+00 3.125000e+00 3.125000e+00 3.125000e+00 3.125000e+00 3.125000e+00 3.125000e+00 3.125000e+00 3.125000e+00 3.125000e+00 3.125000e+00 3.125000e+00 3.125000e+00 3.125000e+00 3.125000e+00 3.125000e+00 3.125000e+00 3.125000e+00 3.125000e+00 3.125000e+00 3.125000e+00 3.125000e+00 3.125000e+00 
83 2.812500e+00 1.000000e+01 3 18 82 84 4 53 54 53 57 2 17 18 40 3.125000e+00 3.125000e+00 3.125000e+00 3.125000e+00 3.125000e+00 3.125000e+00 3.125000e+00 3.125000e+00 3.125000e+00 3.125000e+00 3.125000e+00 3.125000e+00 3.125000e+00 3.125000e+00 3.125000e+00 3.125000e+00 3.125000e+00 3.125000e+00 3.125000e+00 3.125000e+00 3.125000e+00 3.125000e+00 3.125000e+00 3.125000e+00 3.125000e+00 3.125000e+00 3.125000e+00 3.125000e+00 3.125000e+00 3.125000e+00 3.125000e+00 3.125000e+00 3.125000e+00 3.125000e+00 3.125000e+00 3.125000e+00 3.125000e+00 3.125000e+00 3.125000e+00 3.125000e+00 
84 2.968750e+00 1.000000e+01 3 19 83 85 4 56 57 56 60 2 18 19 40 3.125000e+00 3.125000e+00 3.125000e+00 3.125000e+00 3.125000e+00 3.125000e+00 3.125000e+00 3.125000e+00 3.125000e+00 3.125000e+00 3.125000e+00 3.125000e+00 3.125000e+00 3.125000e+00 3.125000e+00 3.125000e+00 3.125000e+00 3.125000e+00 3.125000e+00 3.125000e+00 3.125000e+00 3.125000e+00 3.125000e+00 3.125000e+00 3.125000e+00 3.125000e+00 3.125000e+00 3.125000e+00 3.125000e+00 3.125000e+00 3.125000e+00 3.125000e+00 3.125000e+00 3.125000e+00 3.125000e+00 3.125000e+00 3.125000e+00 3.125000e+00 3.125000e+00 3.125000e+00 
85 3.125000e+00 1.000000e+01 3 20 84 86 4 59 60 59 63 2 19 20 40 3.125000e+00 3.125000e+00 3.125000e+00 3.125000e+00 3.125000e+00 3.125000e+00 3.125000e+00 3.125000e+00 3.125000e+00 3.125000e+00 3.125000e+00 3.125000e+00 3.125000e+00 3.125000e+00 3.125000e+00 3.125000e+00 3.125000e+00 3.125000e+00 3.125000e+00 3.125000e+00 3.125000e+00 3.125000e+00 3.125000e+00 3.125000e+00 3.125000e+00 3.125000e+00 3.125000e+00 3.125000e+00 3.125000e+00 3.125000e+00 3.125000e+00 3.125000e+00 3.125000e+00 3.125000e+00 3.125000e+00 3.125000e+00 3.125000e+00 3.125000e+00 3.125000e+00 3.125000e+00 
86 3.281250e+00 1.000000e+01 3 21 85 87 4 62 63 62 66 2 20 21 40 3.125000e+00 3.125000e+00 3.125000e+00 3.125000e+00 3.125000e+00 3.125000e+00 3.125000e+00 3.125000e+00 3.125000e+00 3.125000e+00 3.125000e+00 3.125000e+00 3.125000e+00 3.125000e+00 3.125000e+00 3.125000e+00 3.125000e+00 3.125000e+00 3.125000e+00 3.125000e+00 3.125000e+00 3.125000e+00 3.125000e+00 3.125000e+00 3.125000e+00 3.125000e+00 3.125000e+00 3.125000e+00 3.125000e+00 3.125000e+00 3.125000e+00 3.125000e+00 3.125000e+00 3.125000e+00 3.125000e+00 3.125000e+00 3.125000e+00 3.125000e+00 3.125000e+00 3.125000e+00 
87 3.437500e+00 1.000000e+01 3 22 86 88 4 65 66 65 69 2 21 22 40 3.125000e+00 3.125000e+00 3.125000e+00 3.125000e+00 3.125000e+00 3.125000e+00 3.125000e+00 3.125000e+00 3.125000e+00 3.125000e+00 3.125000e+00 3.125000e+00 3.125000e+00 3.125000e+00 3.125000e+00 3.125000e+00 3.125000e+00 3.125000e+00 3.125000e+00 3.125000e+00 3.125000e+00 3.125000e+00 3.125000e+00 3.125000e+00 3.125000e+00 3.125000e+00 3.125000e+00 3.125000e+00 3.125000e+00 3.125000e+00 3.125000e+00 3.125000e+00 3.125000e+00 3.125000e+00 3.125000e+00 3.125000e+00 3.125000e+00 3.125000e+00 3.125000e+00 3.125000e+00 
88 3.593750e+00 1.000000e+01 3 23 87 89 4 68 69 68 72 2 22 23 40 3.125000e+00 3.125000e+00 3.125000e+00 3.125000e+00 3.125000e+00 3.125000e+00 3.125000e+00 3.125000e+00 3.125000e+00 3.125000e+00 3.125000e+00 3.125000e+00 3.125000e+00 3.125000e+00 3.125000e+00 3.125000e+00 3.125000e+00 3.125000e+00 3.125000e+00 3.125000e+00 3.125000e+00 3.125000e+00 3.125000e+00 3.125000e+00 3.125000e+00 3.125000e+00 3.125000e+00 3.125000e+00 3.125000e+00 3.125000e+00 3.125000e+00 3.125000e+00 3.125000e+00 3.125000e+00 3.125000e+00 3.125000e+00 3.125000e+00 3.125000e+00 3.125000e+00 3.125000e+00 
89 3.750000e+00 1.000000e+01 3 24 88 90 4 71 72 71 75 2 23 24 40 3.125000e+00 3.125000e+00 3.125000e+00 3.125000e+00 3.125000e+00 3.125000e+00 3.125000e+00 3.125000e+00 3.125000e+00 3.125000e+00 3.125000e+00 3.125000e+00 3.125000e+00 3.125000e+00 3.125000e+00 3.125000e+00 3.125000e+00 3.125000e+00 3.125000e+00 3.125000e+00 3.125000e+00 3.125000e+00 3.125000e+00 3.125000e+00 3.125000e+00 3.125000e+00 3.125000e+00 3.125000e+00 3.125000e+00 3.125000e+00 3.125000e+00 3.125000e+00 3.125000e+00 3.125000e+00 3.125000e+00 3.125000e+00 3.125000e+00 3.125000e+00 3.125000e+00 3.125000e+00 
90 3.906250e+00 1.000000e+01 3 25 89 91 4 74 75 74 78 2 24 25 40 3.125000e+00 3.125000e+00 3.125000e+00 3.125000e+00 3.125000e+00 3.125000e+00 3.125000e+00 3.125000e+00 3.125000e+00 3.125000e+00 3.125000e+00 3.125000e+00 3.125000e+00 3.125000e+00 3.125000e+00 3.125000e+00 3.125000e+00 3.125000e+00 3.125000e+00 3.125000e+00 3.125000e+00 3.125000e+00 3.125000e+00 3.125000e+00 3.125000e+00 3.125000e+00 3.125000e+00 3.125000e+00 3.125000e+00 3.125000e+00 3.125000e+00 3.125000e+00 3.125000e+00 3.125000e+00 3.125000e+00 3.125000e+00 3.125000e+00 3.125000e+00 3.125000e+00 3.125000e+00 
91 4.062500e+00 1.000000e+01 3 26 90 92 4 77 78 77 81 2 25 26 40 3.125000e+00 3.125000e+00 3.125000e+00 3.125000e+00 3.125000e+00 3.125000e+00 3.125000e+00 3.125000e+00 3.125000e+00 3.125000e+00 3.125000e+00 3.125000e+00 3.125000e+00 3.125000e+00 3.125000e+00 3.125000e+00 3.125000e+00 3.125000e+00 3.125000e+00 3.125000e+00 3.125000e+00 3.125000e+00 3.125000e+00 3.125000e+00 3.125000e+00 3.125000e+00 3.125000e+00 3.125000e+00 3.125000e+00 3.125000e+00 3.125000e+00 3.125000e+00 3.125000e+00 3.125000e+00 3.125000e+00 3.125000e+00 3.125000e+00 3.125000e+00 3.125000e+00 3.125000e+00 
92 4.218750e+00 1.000000e+01 3 27 91 93 4 80 81 80 84 2 26 27 40 3.125000e+00 3.125000e+00 3.125000e+00 3.125000e+00 3.125000e+00 3.125000e+00 3.125000e+00 3.125000e+00 3.125000e+00 3.125000e+00 3.125000e+00 3.125000e+00 3.125000e+00 3.125000e+00 3.125000e+00 3.125000e+00 3.125000e+00 3.125000e+00 3.125000e+00 3.125000e+00 3.125000e+00 3.125000e+00 3.125000e+00 3.125000e+00 3.125000e+00 3.125000e+00 3.125000e+00 3.125000e+00 3.125000e+00 3.125000e+00 3.125000e+00 3.125000e+00 3.125000e+00 3.125000e+00 3.125000e+00 3.125000e+00 3.125000e+00 3.125000e+00 3.125000e+00 3.125000e+00 
93 4.375000e+00 1.000000e+01 3 28 92 94 4 83 84 83 87 2 27 28 40 3.125000e+00 3.125000e+00 3.125000e+00 3.125000e+00 3.125000e+00 3.125000e+00 3.125000e+00 3.125000e+00 3.125000e+00 3.125000e+00 3.125000e+00 3.125000e+00 3.125000e+00 3.125000e+00 3.125000e+00 3.125000e+00 3.125000e+00 3.125000e+00 3.125000e+00 3.125000e+00 3.125000e+00 3.125000e+00 3.125000e+00 3.125000e+00 3.125000e+00 3.125000e+00 3.125000e+00 3.125000e+00 3.125000e+00 3.125000e+00 3.125000e+00 3.125000e+00 3.125000e+00 3.125000e+00 3.125000e+00 3.125000e+00 3.125000e+00 3.125000e+00 3.125000e+00 3.125000e+00 
94 4.531250e+00 1.000000e+01 3 29 93 95 4 86 87 86 90 2 28 29 40 3.125000e+00 3.125000e+00 3.125000e+00 3.125000e+00 3.125000e+00 3.125000e+00 3.125000e+00 3.125000e+00 3.125000e+00 3.125000e+00 3.125000e+00 3.125000e+00 3.125000e+00 3.125000e+00 3.125000e+00 3.125000e+00 3.125000e+00 3.125000e+00 3.125000e+00 3.125000e+00 3.125000e+00 3.125000e+00 3.125000e+00 3.125000e+00 3.125000e+00 3.125000e+00 3.125000e+00 3.125000e+00 3.125000e+00 3.125000e+00 3.125000e+00 3.125000e+00 3.125000e+00 3.125000e+00 3.125000e+00 3.125000e+00 3.125000e+00 3.125000e+00 3.125000e+00 3.125000e+00 
95 4.687500e+00 1.000000e+01 3 30 94 96 4 89 90 89 93 2 29 30 40 3.125000e+00 3.125000e+00 3.125000e+00 3.125000e+00 3.125000e+00 3.125000e+00 3.125000e+00 3.125000e+00 3.125000e+00 3.125000e+00 3.125000e+00 3.125000e+00 3.125000e+00 3.125000e+00 3.125000e+00 3.125000e+00 3.125000e+00 3.125000e+00 3.125000e+00 3.125000e+00 3.125000e+00 3.125000e+00 3.125000e+00 3.125000e+00 3.125000e+00 3.125000e+00 3.125000e+00 3.125000e+00 3.125000e+00 3.125000e+00 3.125000e+00 3.125000e+00 3.125000e+00 3.125000e+00 3.125000e+00 3.125000e+00 3.125000e+00 3.125000e+00 3.125000e+00 3.125000e+00 
96 4.843750e+00 1.000000e+01 3 31 95 97 4 92 93 92 96 2 30 31 40 3.125000e+00 3.125000e+00 3.125000e+00 3.125000e+00 3.125000e+00 3.125000e+00 3.125000e+00 3.125000e+00 3.125000e+00 3.125000e+00 3.125000e+00 3.125000e+00 3.125000e+00 3.125000e+00 3.125000e+00 3.125000e+00 3.125000e+00 3.125000e+00 3.125000e+00 3.125000e+00 3.125000e+00 3.125000e+00 3.125000e+00 3.125000e+00 3.125000e+00 3.125000e+00 3.125000e+00 3.125000e+00 3.125000e+00 3.125000e+00 3.125000e+00 3.125000e+00 3.125000e+00 3.125000e+00 3.125000e+00 3.125000e+00 3.125000e+00 3.125000e+00 3.125000e+00 3.125000e+00 
97 5.000000e+00 1.000000e+01 3 32 96 98 4 95 96 95 99 2 31 32 40 3.125000e+00 3.125000e+00 3.125000e+00 3.125000e+00 3.125000e+00 3.125000e+00 3.125000e+00 3.125000e+00 3.125000e+00 3.125000e+00 3.125000e+00 3.125000e+00 3.125000e+00 3.125000e+00 3.125000e+00 3.125000e+00 3.125000e+00 3.125000e+00 3.125000e+00 3.125000e+00 3.125000e+00 3.125000e+00 3.125000e+00 3.125000e+00 3.125000e+00 3.125000e+00 3.125000e+00 3.125000e+00 3.125000e+00 3.125000e+00 3.125000e+00 3.125000e+00 3.125000e+00 3.125000e+00 3.125000e+00 3.125000e+00 3.125000e+00 3.125000e+00 3.125000e+00 3.125000e+00 
98 5.156250e+00 1.000000e+01 3 33 97 99 4 98 99 98 102 2 32 33 40 3.125000e+00 3.125000e+00 3.125000e+00 3.125000e+00 3.125000e+00 3.125000e+00 3.125000e+00 3.125000e+00 3.125000e+00 3.125000e+00 3.125000e+00 3.125000e+00 3.125000e+00 3.125000e+00 3.125000e+00 3.125000e+00 3.125000e+00 3.125000e+00 3.125000e+00 3.125000e+00 3.125000e+00 3.125000e+00 3.125000e+00 3.125000e+00 3.125000e+00 3.125000e+00 3.125000e+00 3.125000e+00 3.125000e+00 3.125000e+00 3.125000e+00 3.125000e+00 3.125000e+00 3.125000e+00 3.125000e+00 3.125000e+00 3.125000e+00 3.125000e+00 3.125000e+00 3.125000e+00 
99 5.312500e+00 1.000000e+01 3 34 98 100 4 101 102 101 105 2 33 34 40 3.125000e+00 3.125000e+00 3.125000e+00 3.125000e+00 3.125000e+00 3.125000e+00 3.125000e+00 3.125000e+00 3.125000e+00 3.125000e+00 3.125000e+00 3.125000e+00 3.125000e+00 3.125000e+00 3.125000e+00 3.125000e+00 3.125000e+00 3.125000e+00 3.125000e+00 3.125000e+00 3.125000e+00 3.125000e+00 3.125000e+00 3.125000e+00 3.125000e+00 3.125000e+00 3.125000e+00 3.125000e+00 3.125000e+00 3.125000e+00 3.125000e+00 3.125000e+00 3.125000e+00 3.125000e+00 3.125000e+00 3.125000e+00 3.125000e+00 3.125000e+00 3.125000e+00 3.125000e+00 
100 5.468750e+00 1.000000e+01 3 35 99 101 4 104 105 104 108 2 34 35 40 3.125000e+00 3.125000e+00 3.125000e+00 3.125000e+00 3.125000e+00 3.125000e+00 3.125000e+00 3.125000e+00 3.125000e+00 3.125000e+00 3.125000e+00 3.125000e+00 3.125000e+00 3.125000e+00 3.125000e+00 3.125000e+00 3.125000e+00 3.125000e+00 3.125000e+00 3.125000e+00 3.125000e+00 3.125000e+00 3.125000e+00 3.125000e+00 3.125000e+00 3.125000e+00 3.125000e+00 3.125000e+00 3.125000e+00 3.125000e+00 3.125000e+00 3.125000e+00 3.125000e+00 3.125000e+00 3.125000e+00 3.125000e+00 3.125000e+00 3.125000e+00 3.125000e+00 3.125000e+00 
101 5.625000e+00 1.000000e+01 3 36 100 102 4 107 108 107 111 2 35 36 40 3.125000e+00 3.125000e+00 3.125000e+00 3.125000e+00 3.125000e+00 3.125000e+00 3.125000e+00 3.125000e+00 3.125000e+00 3.125000e+00 3.125000e+00 3.125000e+00 3.125000e+00 3.125000e+00 3.125000e+00 3.125000e+00 3.125000e+00 3.125000e+00 3.125000e+00 3.125000e+00 3.125000e+00 3.125000e+00 3.125000e+00 3.125000e+00 3.125000e+00 3.125000e+00 3.125000e+00 3.125000e+00 3.125000e+00 3.125000e+00 3.125000e+00 3.125000e+00 3.125000e+00 3.125000e+00 3.125000e+00 3.125000e+00 3.125000e+00 3.125000e+00 3.125000e+00 3.125000e+00 
102 5.781250e+00 1.000000e+01 3 37 101 103 4 110 111 110 114 2 36 37 40 3.125000e+00 3.125000e+00 3.125000e+00 3.125000e+00 3.125000e+00 3.125000e+00 3.125000e+00 3.125000e+00 3.125000e+00 3.125000e+00 3.125000e+00 3.125000e+00 3.125000e+00 3.125000e+00 3.125000e+00 3.125000e+00 3.125000e+00 3.125000e+00 3.125000e+00 3.125000e+00 3.125000e+00 3.125000e+00 3.125000e+00 3.125000e+00 3.125000e+00 3.125000e+00 3.125000e+00 3.125000e+00 3.125000e+00 3.125000e+00 3.125000e+00 3.125000e+00 3.125000e+00 3.125000e+00 3.125000e+00 3.125000e+00 3.125000e+00 3.125000e+00 3.125000e+00 3.125000e+00 
103 5.937500e+00 1.000000e+01 3 38 102 104 4 113 114 113 117 2 37 38 40 3.125000e+00 3.125000e+00 3.125000e+00 3.125000e+00 3.125000e+00 3.125000e+00 3.125000e+00 3.125000e+00 3.125000e+00 3.125000e+00 3.125000e+00 3.125000e+00 3.125000e+00 3.125000e+00 3.125000e+00 3.125000e+00 3.125000e+00 3.125000e+00 3.125000e+00 3.125000e+00 3.125000e+00 3.125000e+00 3.125000e+00 3.125000e+00 3.125000e+00 3.125000e+00 3.125000e+00 3.125000e+00 3.125000e+00 3.125000e+00 3.125000e+00 3.125000e+00 3.125000e+00 3.125000e+00 3.125000e+00 3.125000e+00 3.125000e+00 3.125000e+00 3.125000e+00 3.125000e+00 
104 6.093750e+00 1.000000e+01 3 39 103 105 4 116 117 116 120 2 38 39 40 3.125000e+00 3.125000e+00 3.125000e+00 3.125000e+00 3.125000e+00 3.125000e+00 3.125000e+00 3.125000e+00 3.125000e+00 3.125000e+00 3.125000e+00 3.125000e+00 3.125000e+00 3.125000e+00 3.125000e+00 3.125000e+00 3.125000e+00 3.125000e+00 3.125000e+00 3.125000e+00 3.125000e+00 3.125000e+00 3.125000e+00 3.125000e+00 3.125000e+00 3.125000e+00 3.125000e+00 3.125000e+00 3.125000e+00 3.125000e+00 3.125000e+00 3.125000e+00 3.125000e+00 3.125000e+00 3.125000e+00 3.125000e+00 3.125000e+00 3.125000e+00 3.125000e+00 3.125000e+00 
105 6.250000e+00 1.000000e+01 3 40 104 106 4 119 120 119 123 2 39 40 40 3.125000e+00 3.125000e+00 3.125000e+00 3.125000e+00 3.125000e+00 3.125000e+00 3.125000e+00 3.125000e+00 3.125000e+00 3.125000e+00 3.125000e+00 3.125000e+00 3.125000e+00 3.125000e+00 3.125000e+00 3.125000e+00 3.125000e+00 3.125000e+00 3.125000e+00 3.125000e+00 3.125000e+00 3.125000e+00 3.125000e+00 3.125000e+00 3.125000e+00 3.125000e+00 3.125000e+00 3.125000e+00 3.125000e+00 3.125000e+00 3.125000e+00 3.125000e+00 3.125000e+00 3.125000e+00 3.125000e+00 3.125000e+00 3.125000e+00 3.125000e+00 3.125000e+00 3.125000e+00 
106 6.406250e+00 1.000000e+01 3 41 105 107 4 122 123 122 126 2 40 41 40 3.125000e+00 3.125000e+00 3.125000e+00 3.125000e+00 3.125000e+00 3.125000e+00 3.125000e+00 3.125000e+00 3.125000e+00 3.125000e+00 3.125000e+00 3.125000e+00 3.125000e+00 3.125000e+00 3.125000e+00 3.125000e+00 3.125000e+00 3.125000e+00 3.125000e+00 3.125000e+00 3.125000e+00 3.125000e+00 3.125000e+00 3.125000e+00 3.125000e+00 3.125000e+00 3.125000e+00 3.125000e+00 3.125000e+00 3.125000e+00 3.125000e+00 3.125000e+00 3.125000e+00 3.125000e+00 3.125000e+00 3.125000e+00 3.125000e+00 3.125000e+00 3.125000e+00 3.125000e+00 
107 6.562500e+00 1.000000e+01 3 42 106 108 4 125 126 125 129 2 41 42 40 3.125000e+00 3.125000e+00 3.125000e+00 3.125000e+00 3.125000e+00 3.125000e+00 3.125000e+00 3.125000e+00 3.125000e+00 3.125000e+00 3.125000e+00 3.125000e+00 3.125000e+00 3.125000e+00 3.125000e+00 3.125000e+00 3.125000e+00 3.125000e+00 3.125000e+00 3.125000e+00 3.125000e+00 3.125000e+00 3.125000e+00 3.125000e+00 3.125000e+00 3.125000e+00 3.125000e+00 3.125000e+00 3.125000e+00 3.125000e+00 3.125000e+00 3.125000e+00 3.125000e+00 3.125000e+00 3.125000e+00 3.125000e+00 3.125000e+00 3.125000e+00 3.125000e+00 3.125000e+00 
108 6.718750e+00 1.000000e+01 3 43 107 109 4 128 129 128 132 2 42 43 40 3.125000e+00 3.125000e+00 3.125000e+00 3.125000e+00 3.125000e+00 3.125000e+00 3.125000e+00 3.125000e+00 3.125000e+00 3.125000e+00 3.125000e+00 3.125000e+00 3.125000e+00 3.125000e+00 3.125000e+00 3.125000e+00 3.125000e+00 3.125000e+00 3.125000e+00 3.125000e+00 3.125000e+00 3.125000e+00 3.125000e+00 3.125000e+00 3.125000e+00 3.125000e+00 3.125000e+00 3.125000e+00 3.125000e+00 3.125000e+00 3.125000e+00 3.125000e+00 3.125000e+00 3.125000e+00 3.125000e+00 3.125000e+00 3.125000e+00 3.125000e+00 3.125000e+00 3.125000e+00 
109 6.875000e+00 1.000000e+01 3 44 108 110 4 131 132 131 135 2 43 44 40 3.125000e+00 3.125000e+00 3.125000e+00 3.125000e+00 3.125000e+00 3.125000e+00 3.125000e+00 3.125000e+00 3.125000e+00 3.125000e+00 3.125000e+00 3.125000e+00 3.125000e+00 3.125000e+00 3.125000e+00 3.125000e+00 3.125000e+00 3.125000e+00 3.125000e+00 3.125000e+00 3.125000e+00 3.125000e+00 3.125000e+00 3.125000e+00 3.125000e+00 3.125000e+00 3.125000e+00 3.125000e+00 3.125000e+00 3.125000e+00 3.125000e+00 3.125000e+00 3.125000e+00 3.125000e+00 3.125000e+00 3.125000e+00 3.125000e+00 3.125000e+00 3.125000e+00 3.125000e+00 
110 7.031250e+00 1.000000e+01 3 45 109 111 4 134 135 134 138 2 44 45 40 3.125000e+00 3.125000e+00 3.125000e+00 3.125000e+00 3.125000e+00 3.125000e+00 3.125000e+00 3.125000e+00 3.125000e+00 3.125000e+00 3.125000e+00 3.125000e+00 3.125000e+00 3.125000e+00 3.125000e+00 3.125000e+00 3.125000e+00 3.125000e+00 3.125000e+00 3.125000e+00 3.125000e+00 3.125000e+00 3.125000e+00 3.125000e+00 3.125000e+00 3.125000e+00 3.125000e+00 3.125000e+00 3.125000e+00 3.125000e+00 3.125000e+00 3.125000e+00 3.125000e+00 3.125000e+00 3.125000e+00 3.125000e+00 3.125000e+00 3.125000e+00 3.125000e+00 3.125000e+00 
111 7.187500e+00 1.000000e+01 3 46 110 112 4 137 138 137 141 2 45 46 40 3.125000e+00 3.125000e+00 3.125000e+00 3.125000e+00 3.125000e+00 3.125000e+00 3.125000e+00 3.125000e+00 3.125000e+00 3.125000e+00 3.125000e+00 3.125000e+00 3.125000e+00 3.125000e+00 3.125000e+00 3.125000e+00 3.125000e+00 3.125000e+00 3.125000e+00 3.125000e+00 3.125000e+00 3.125000e+00 3.125000e+00 3.125000e+00 3.125000e+00 3.125000e+00 3.125000e+00 3.125000e+00 3.125000e+00 3.125000e+00 3.125000e+00 3.125000e+00 3.125000e+00 3.125000e+00 3.125000e+00 3.125000e+00 3.125000e+00 3.125000e+00 3.125000e+00 3.125000e+00 
112 7.343750e+00 1.000000e+01 3 47 111 113 4 140 141 140 144 2 46 47 40 3.125000e+00 3.125000e+00 3.125000e+00 3.125000e+00 3.125000e+00 3.125000e+00 3.125000e+00 3.125000e+00 3.125000e+00 3.125000e+00 3.125000e+00 3.125000e+00 3.125000e+00 3.125000e+00 3.125000e+00 3.125000e+00 3.125000e+00 3.125000e+00 3.125000e+00 3.125000e+00 3.125000e+00 3.125000e+00 3.125000e+00 3.125000e+00 3.125000e+00 3.125000e+00 3.125000e+00 3.125000e+00 3.125000e+00 3.125000e+00 3.125000e+00 3.125000e+00 3.125000e+00 3.125000e+00 3.125000e+00 3.125000e+00 3.125000e+00 3.125000e+00 3.125000e+00 3.125000e+00 
113 7.500000e+00 1.000000e+01 3 48 112 114 4 143 144 143 147 2 47 48 40 3.125000e+00 3.125000e+00 3.125000e+00 3.125000e+00 3.125000e+00 3.125000e+00 3.125000e+00 3.125000e+00 3.125000e+00 3.125000e+00 3.125000e+00 3.125000e+00 3.125000e+00 3.125000e+00 3.125000e+00 3.125000e+00 3.125000e+00 3.125000e+00 3.125000e+00 3.125000e+00 3.125000e+00 3.125000e+00 3.125000e+00 3.125000e+00 3.125000e+00 3.125000e+00 3.125000e+00 3.125000e+00 3.125000e+00 3.125000e+00 3.125000e+00 3.125000e+00 3.125000e+00 3.125000e+00 3.125000e+00 3.125000e+00 3.125000e+00 3.125000e+00 3.125000e+00 3.125000e+00 
114 7.656250e+00 1.000000e+01 3 49 113 115 4 146 147 146 150 2 48 49 40 3.125000e+00 3.125000e+00 3.125000e+00 3.125000e+00 3.125000e+00 3.125000e+00 3.125000e+00 3.125000e+00 3.125000e+00 3.125000e+00 3.125000e+00 3.125000e+00 3.125000e+00 3.125000e+00 3.125000e+00 3.125000e+00 3.125000e+00 3.125000e+00 3.125000e+00 3.125000e+00 3.125000e+00 3.125000e+00 3.125000e+00 3.125000e+00 3.125000e+00 3.125000e+00 3.125000e+00 3.125000e+00 3.125000e+00 3.125000e+00 3.125000e+00 3.125000e+00 3.125000e+00 3.125000e+00 3.125000e+00 3.125000e+00 3.125000e+00 3.125000e+00 3.125000e+00 3.125000e+00 
115 7.812500e+00 1.000000e+01 3 50 114 116 4 149 150 149 153 2 49 50 40 3.125000e+00 3.125000e+00 3.125000e+00 3.125000e+00 3.125000e+00 3.125000e+00 3.125000e+00 3.125000e+00 3.125000e+00 3.125000e+00 3.125000e+00 3.125000e+00 3.125000e+00 3.125000e+00 3.125000e+00 3.125000e+00 3.125000e+00 3.125000e+00 3.125000e+00 3.125000e+00 3.125000e+00 3.125000e+00 3.125000e+00 3.125000e+00 3.125000e+00 3.125000e+00 3.125000e+00 3.125000e+00 3.125000e+00 3.125000e+00 3.125000e+00 3.125000e+00 3.125000e+00 3.125000e+00 3.125000e+00 3.125000e+00 3.125000e+00 3.125000e+00 3.125000e+00 3.125000e+00 
116 7.968750e+00 1.000000e+01 3 51 115 117 4 152 153 152 156 2 50 51 40 3.125000e+00 3.125000e+00 3.125000e+00 3.125000e+00 3.125000e+00 3.125000e+00 3.125000e+00 3.125000e+00 3.125000e+00 3.125000e+00 3.125000e+00 3.125000e+00 3.125000e+00 3.125000e+00 3.125000e+00 3.125000e+00 3.125000e+00 3.125000e+00 3.125000e+00 3.125000e+00 3.125000e+00 3.125000e+00 3.125000e+00 3.125000e+00 3.125000e+00 3.125000e+00 3.125000e+00 3.125000e+00 3.125000e+00 3.125000e+00 3.125000e+00 3.125000e+00 3.125000e+00 3.125000e+00 3.125000e+00 3.125000e+00 3.125000e+00 3.125000e+00 3.125000e+00 3.125000e+00 
117 8.125000e+00 1.000000e+01 3 52 116 118 4 155 156 155 159 2 51 52 40 3.125000e+00 3.125000e+00 3.125000e+00 3.125000e+00 3.125000e+00 3.125000e+00 3.125000e+00 3.125000e+00 3.125000e+00 3.125000e+00 3.125000e+00 3.125000e+00 3.125000e+00 3.125000e+00 3.125000e+00 3.125000e+00 3.125000e+00 3.125000e+00 3.125000e+00 3.125000e+00 3.125000e+00 3.125000e+00 3.125000e+00 3.125000e+00 3.125000e+00 3.125000e+00 3.125000e+00 3.125000e+00 3.125000e+00 3.125000e+00 3.125000e+00 3.125000e+00 3.125000e+00 3.125000e+00 3.125000e+00 3.125000e+00 3.125000e+00 3.125000e+00 3.125000e+00 3.125000e+00 
118 8.281250e+00 1.000000e+01 3 53 117 119 4 158 159 158 162 2 52 53 40 3.125000e+00 3.125000e+00 3.125000e+00 3.125000e+00 3.125000e+00 3.125000e+00 3.125000e+00 3.125000e+00 3.125000e+00 3.125000e+00 3.125000e+00 3.125000e+00 3.125000e+00 3.125000e+00 3.125000e+00 3.125000e+00 3.125000e+00 3.125000e+00 3.125000e+00 3.125000e+00 3.125000e+00 3.125000e+00 3.125000e+00 3.125000e+00 3.125000e+00 3.125000e+00 3.125000e+00 3.125000e+00 3.125000e+00 3.125000e+00 3.125000e+00 3.125000e+00 3.125000e+00 3.125000e+00 3.125000e+00 3.125000e+00 3.125000e+00 3.125000e+00 3.125000e+00 3.125000e+00 
119 8.437500e+00 1.000000e+01 3 54 118 120 4 161 162 161 165 2 53 54 40 3.125000e+00 3.125000e+00 3.125000e+00 3.125000e+00 3.125000e+00 3.125000e+00 3.125000e+00 3.125000e+00 3.125000e+00 3.125000e+00 3.125000e+00 3.125000e+00 3.125000e+00 3.125000e+00 3.125000e+00 3.125000e+00 3.125000e+00 3.125000e+00 3.125000e+00 3.125000e+00 3.125000e+00 3.125000e+00 3.125000e+00 3.125000e+00 3.125000e+00 3.125000e+00 3.125000e+00 3.125000e+00 3.125000e+00 3.125000e+00 3.125000e+00 3.125000e+00 3.125000e+00 3.125000e+00 3.125000e+00 3.125000e+00 3.125000e+00 3.125000e+00 3.125000e+00 3.125000e+00 
120 8.593750e+00 1.000000e+01 3 55 119 121 4 164 165 164 168 2 54 55 40 3.125000e+00 3.125000e+00 3.125000e+00 3.125000e+00 3.125000e+00 3.125000e+00 3.125000e+00 3.125000e+00 3.125000e+00 3.125000e+00 3.125000e+00 3.125000e+00 3.125000e+00 3.125000e+00 3.125000e+00 3.125000e+00 3.125000e+00 3.125000e+00 3.125000e+00 3.125000e+00 3.125000e+00 3.125000e+00 3.125000e+00 3.125000e+00 3.125000e+00 3.125000e+00 3.125000e+00 3.125000e+00 3.125000e+00 3.125000e+00 3.125000e+00 3.125000e+00 3.125000e+00 3.125000e+00 3.125000e+00 3.125000e+00 3.125000e+00 3.125000e+00 3.125000e+00 3.125000e+00 
121 8.750000e+00 1.000000e+01 3 56 120 122 4 167 168 167 171 2 55 56 40 3.125000e+00 3.125000e+00 3.125000e+00 3.125000e+00 3.125000e+00 3.125000e+00 3.125000e+00 3.125000e+00 3.125000e+00 3.125000e+00 3.125000e+00 3.125000e+00 3.125000e+00 3.125000e+00 3.125000e+00 3.125000e+00 3.125000e+00 3.125000e+00 3.125000e+00 3.125000e+00 3.125000e+00 3.125000e+00 3.125000e+00 3.125000e+00 3.125000e+00 3.125000e+00 3.125000e+00 3.125000e+00 3.125000e+00 3.125000e+00 3.125000e+00 3.125000e+00 3.125000e+00 3.125000e+00 3.125000e+00 3.125000e+00 3.125000e+00 3.125000e+00 3.125000e+00 3.125000e+00 
122 8.906250e+00 1.000000e+01 3 57 121 123 4 170 171 170 174 2 56 57 40 3.125000e+00 3.125000e+00 3.125000e+00 3.125000e+00 3.125000e+00 3.125000e+00 3.125000e+00 3.125000e+00 3.125000e+00 3.125000e+00 3.125000e+00 3.125000e+00 3.125000e+00 3.125000e+00 3.125000e+00 3.125000e+00 3.125000e+00 3.125000e+00 3.125000e+00 3.125000e+00 3.125000e+00 3.125000e+00 3.125000e+00 3.125000e+00 3.125000e+00 3.125000e+00 3.125000e+00 3.125000e+00 3.125000e+00 3.125000e+00 3.125000e+00 3.125000e+00 3.125000e+00 3.125000e+00 3.125000e+00 3.125000e+00 3.125000e+00 3.125000e+00 3.125000e+00 3.125000e+00 
123 9.062500e+00 1.000000e+01 3 58 122 124 4 173 174 173 177 2 57 58 40 3.125000e+00 3.125000e+00 3.125000e+00 3.125000e+00 3.125000e+00 3.125000e+00 3.125000e+00 3.125000e+00 3.125000e+00 3.125000e+00 3.125000e+00 3.125000e+00 3.125000e+00 3.125000e+00 3.125000e+00 3.125000e+00 3.125000e+00 3.125000e+00 3.125000e+00 3.125000e+00 3.125000e+00 3.125000e+00 3.125000e+00 3.125000e+00 3.125000e+00 3.125000e+00 3.125000e+00 3.125000e+00 3.125000e+00 3.125000e+00 3.125000e+00 3.125000e+00 3.125000e+00 3.125000e+00 3.125000e+00 3.125000e+00 3.125000e+00 3.125000e+00 3.125000e+00 3.125000e+00 
124 9.218750e+00 1.000000e+01 3 59 123 125 4 176 177 176 180 2 58 59 40 3.125000e+00 3.125000e+00 3.125000e+00 3.125000e+00 3.125000e+00 3.125000e+00 3.125000e+00 3.125000e+00 3.125000e+00 3.125000e+00 3.125000e+00 3.125000e+00 3.125000e+00 3.125000e+00 3.125000e+00 3.125000e+00 3.125000e+00 3.125000e+00 3.125000e+00 3.125000e+00 3.125000e+00 3.125000e+00 3.125000e+00 3.125000e+00 3.125000e+00 3.125000e+00 3.125000e+00 3.125000e+00 3.125000e+00 3.125000e+00 3.125000e+00 3.125000e+00 3.125000e+00 3.125000e+00 3.125000e+00 3.125000e+00 3.125000e+00 3.125000e+00 3.125000e+00 3.125000e+00 
125 9.375000e+00 1.000000e+01 3 60 124 126 4 179 180 179 183 2 59 60 40 3.125000e+00 3.125000e+00 3.125000e+00 3.125000e+00 3.125000e+00 3.125000e+00 3.125000e+00 3.125000e+00 3.125000e+00 3.125000e+00 3.125000e+00 3.125000e+00 3.125000e+00 3.125000e+00 3.125000e+00 3.125000e+00 3.125000e+00 3.125000e+00 3.125000e+00 3.125000e+00 3.125000e+00 3.125000e+00 3.125000e+00 3.125000e+00 3.125000e+00 3.125000e+00 3.125000e+00 3.125000e+00 3.125000e+00 3.125000e+00 3.125000e+00 3.125000e+00 3.125000e+00 3.125000e+00 3.125000e+00 3.125000e+00 3.125000e+00 3.125000e+00 3.125000e+00 3.125000e+00 
126 9.531250e+00 1.000000e+01 3 61 125 127 4 182 183 182 186 2 60 61 40 3.125000e+00 3.125000e+00 3.125000e+00 3.125000e+00 3.125000e+00 3.125000e+00 3.125000e+00 3.125000e+00 3.125000e+00 3.125000e+00 3.125000e+00 3.125000e+00 3.125000e+00 3.125000e+00 3.125000e+00 3.125000e+00 3.125000e+00 3.125000e+00 3.125000e+00 3.125000e+00 3.125000e+00 3.125000e+00 3.125000e+00 3.125000e+00 3.125000e+00 3.125000e+00 3.125000e+00 3.125000e+00 3.125000e+00 3.125000e+00 3.125000e+00 3.125000e+00 3.125000e+00 3.125000e+00 3.125000e+00 3.125000e+00 3.125000e+00 3.125000e+00 3.125000e+00 3.125000e+00 
127 9.687500e+00 1.000000e+01 3 62 126 128 4 185 186 185 189 2 61 62 40 3.125000e+00 3.125000e+00 3.125000e+00 3.125000e+00 3.125000e+00 3.125000e+00 3.125000e+00 3.125000e+00 3.125000e+00 3.125000e+00 3.125000e+00 3.125000e+00 3.125000e+00 3.125000e+00 3.125000e+00 3.125000e+00 3.125000e+00 3.125000e+00 3.125000e+00 3.125000e+00 3.125000e+00 3.125000e+00 3.125000e+00 3.125000e+00 3.125000e+00 3.125000e+00 3.125000e+00 3.125000e+00 3.125000e+00 3.125000e+00 3.125000e+00 3.125000e+00 3.125000e+00 3.125000e+00 3.125000e+00 3.125000e+00 3.125000e+00 3.125000e+00 3.125000e+00 3.125000e+00 
128 9.843750e+00 1.000000e+01 3 63 127 129 4 188 189 188 192 2 62 63 40 3.125000e+00 3.125000e+00 3.125000e+00 3.125000e+00 3.125000e+00 3.125000e+00 3.125000e+00 3.125000e+00 3.125000e+00 3.125000e+00 3.125000e+00 3.125000e+00 3.125000e+00 3.125000e+00 3.125000e+00 3.125000e+00 3.125000e+00 3.125000e+00 3.125000e+00 3.125000e+00 3.125000e+00 3.125000e+00 3.125000e+00 3.125000e+00 3.125000e+00 3.125000e+00 3.125000e+00 3.125000e+00 3.125000e+00 3.125000e+00 3.125000e+00 3.125000e+00 3.125000e+00 3.125000e+00 3.125000e+00 3.125000e+00 3.125000e+00 3.125000e+00 3.125000e+00 3.125000e+00 
129 1.000000e+01 1.000000e+01 2 64 128 2 191 192 1 63 40 1.562500e+00 1.562500e+00 1.562500e+00 1.562500e+00 1.562500e+00 1.562500e+00 1.562500e+00 1.562500e+00 1.562500e+00 1.562500e+00 1.562500e+00 1.562500e+00 1.562500e+00 1.562500e+00 1.562500e+00 1.562500e+00 1.562500e+00 1.562500e+00 1.562500e+00 1.562500e+00 1.562500e+00 1.562500e+00 1.562500e+00 1.562500e+00 1.562500e+00 1.562500e+00 1.562500e+00 1.562500e+00 1.562500e+00 1.562500e+00 1.562500e+00 1.562500e+00 1.562500e+00 1.562500e+00 1.562500e+00 1.562500e+00 1.562500e+00 1.562500e+00 1.562500e+00 1.562500e+00 
