4.000000e-01
4.000000e-01
4.000000e-01
4.000000e-01
4.000000e-01
4.000000e-01
4.000000e-01
4.000000e-01
4.000000e-01
4.000000e-01
4.000000e-01
4.000000e-01
4.000000e-01
4.000000e-01
4.000000e-01
4.000000e-01
4.000000e-01
4.000000e-01
4.000000e-01
4.000000e-01
4.000000e-01
4.000000e-01
4.000000e-01
4.000000e-01
4.000000e-01
4.000000e-01
4.000000e-01
4.000000e-01
4.000000e-01
4.000000e-01
4.000000e-01
4.000000e-01
4.000000e-01
4.000000e-01
4.000000e-01
4.000000e-01
4.000000e-01
4.000000e-01
4.000000e-01
4.000000e-01
