4 5.000000e+02 5.000000e+02 101 0 1 102 -1 -1 1 -1 
4 1.500000e+03 5.000000e+02 102 1 2 103 0 -1 2 -1 
4 2.500000e+03 5.000000e+02 103 2 3 104 1 -1 3 -1 
4 3.500000e+03 5.000000e+02 104 3 4 105 2 -1 4 -1 
4 4.500000e+03 5.000000e+02 105 4 5 106 3 -1 5 -1 
4 5.500000e+03 5.000000e+02 106 5 6 107 4 -1 6 -1 
4 6.500000e+03 5.000000e+02 107 6 7 108 5 -1 7 -1 
4 7.500000e+03 5.000000e+02 108 7 8 109 6 -1 8 -1 
4 8.500000e+03 5.000000e+02 109 8 9 110 7 -1 9 -1 
4 9.500000e+03 5.000000e+02 110 9 10 111 8 -1 10 -1 
4 1.050000e+04 5.000000e+02 111 10 11 112 9 -1 11 -1 
4 1.150000e+04 5.000000e+02 112 11 12 113 10 -1 12 -1 
4 1.250000e+04 5.000000e+02 113 12 13 114 11 -1 13 -1 
4 1.350000e+04 5.000000e+02 114 13 14 115 12 -1 14 -1 
4 1.450000e+04 5.000000e+02 115 14 15 116 13 -1 15 -1 
4 1.550000e+04 5.000000e+02 116 15 16 117 14 -1 16 -1 
4 1.650000e+04 5.000000e+02 117 16 17 118 15 -1 17 -1 
4 1.750000e+04 5.000000e+02 118 17 18 119 16 -1 18 -1 
4 1.850000e+04 5.000000e+02 119 18 19 120 17 -1 19 -1 
4 1.950000e+04 5.000000e+02 120 19 20 121 18 -1 20 -1 
4 2.050000e+04 5.000000e+02 121 20 21 122 19 -1 21 -1 
4 2.150000e+04 5.000000e+02 122 21 22 123 20 -1 22 -1 
4 2.250000e+04 5.000000e+02 123 22 23 124 21 -1 23 -1 
4 2.350000e+04 5.000000e+02 124 23 24 125 22 -1 24 -1 
4 2.450000e+04 5.000000e+02 125 24 25 126 23 -1 25 -1 
4 2.550000e+04 5.000000e+02 126 25 26 127 24 -1 26 -1 
4 2.650000e+04 5.000000e+02 127 26 27 128 25 -1 27 -1 
4 2.750000e+04 5.000000e+02 128 27 28 129 26 -1 28 -1 
4 2.850000e+04 5.000000e+02 129 28 29 130 27 -1 29 -1 
4 2.950000e+04 5.000000e+02 130 29 30 131 28 -1 30 -1 
4 3.050000e+04 5.000000e+02 131 30 31 132 29 -1 31 -1 
4 3.150000e+04 5.000000e+02 132 31 32 133 30 -1 32 -1 
4 3.250000e+04 5.000000e+02 133 32 33 134 31 -1 33 -1 
4 3.350000e+04 5.000000e+02 134 33 34 135 32 -1 34 -1 
4 3.450000e+04 5.000000e+02 135 34 35 136 33 -1 35 -1 
4 3.550000e+04 5.000000e+02 136 35 36 137 34 -1 36 -1 
4 3.650000e+04 5.000000e+02 137 36 37 138 35 -1 37 -1 
4 3.750000e+04 5.000000e+02 138 37 38 139 36 -1 38 -1 
4 3.850000e+04 5.000000e+02 139 38 39 140 37 -1 39 -1 
4 3.950000e+04 5.000000e+02 140 39 40 141 38 -1 40 -1 
4 4.050000e+04 5.000000e+02 141 40 41 142 39 -1 41 -1 
4 4.150000e+04 5.000000e+02 142 41 42 143 40 -1 42 -1 
4 4.250000e+04 5.000000e+02 143 42 43 144 41 -1 43 -1 
4 4.350000e+04 5.000000e+02 144 43 44 145 42 -1 44 -1 
4 4.450000e+04 5.000000e+02 145 44 45 146 43 -1 45 -1 
4 4.550000e+04 5.000000e+02 146 45 46 147 44 -1 46 -1 
4 4.650000e+04 5.000000e+02 147 46 47 148 45 -1 47 -1 
4 4.750000e+04 5.000000e+02 148 47 48 149 46 -1 48 -1 
4 4.850000e+04 5.000000e+02 149 48 49 150 47 -1 49 -1 
4 4.950000e+04 5.000000e+02 150 49 50 151 48 -1 50 -1 
4 5.050000e+04 5.000000e+02 151 50 51 152 49 -1 51 -1 
4 5.150000e+04 5.000000e+02 152 51 52 153 50 -1 52 -1 
4 5.250000e+04 5.000000e+02 153 52 53 154 51 -1 53 -1 
4 5.350000e+04 5.000000e+02 154 53 54 155 52 -1 54 -1 
4 5.450000e+04 5.000000e+02 155 54 55 156 53 -1 55 -1 
4 5.550000e+04 5.000000e+02 156 55 56 157 54 -1 56 -1 
4 5.650000e+04 5.000000e+02 157 56 57 158 55 -1 57 -1 
4 5.750000e+04 5.000000e+02 158 57 58 159 56 -1 58 -1 
4 5.850000e+04 5.000000e+02 159 58 59 160 57 -1 59 -1 
4 5.950000e+04 5.000000e+02 160 59 60 161 58 -1 60 -1 
4 6.050000e+04 5.000000e+02 161 60 61 162 59 -1 61 -1 
4 6.150000e+04 5.000000e+02 162 61 62 163 60 -1 62 -1 
4 6.250000e+04 5.000000e+02 163 62 63 164 61 -1 63 -1 
4 6.350000e+04 5.000000e+02 164 63 64 165 62 -1 64 -1 
4 6.450000e+04 5.000000e+02 165 64 65 166 63 -1 65 -1 
4 6.550000e+04 5.000000e+02 166 65 66 167 64 -1 66 -1 
4 6.650000e+04 5.000000e+02 167 66 67 168 65 -1 67 -1 
4 6.750000e+04 5.000000e+02 168 67 68 169 66 -1 68 -1 
4 6.850000e+04 5.000000e+02 169 68 69 170 67 -1 69 -1 
4 6.950000e+04 5.000000e+02 170 69 70 171 68 -1 70 -1 
4 7.050000e+04 5.000000e+02 171 70 71 172 69 -1 71 -1 
4 7.150000e+04 5.000000e+02 172 71 72 173 70 -1 72 -1 
4 7.250000e+04 5.000000e+02 173 72 73 174 71 -1 73 -1 
4 7.350000e+04 5.000000e+02 174 73 74 175 72 -1 74 -1 
4 7.450000e+04 5.000000e+02 175 74 75 176 73 -1 75 -1 
4 7.550000e+04 5.000000e+02 176 75 76 177 74 -1 76 -1 
4 7.650000e+04 5.000000e+02 177 76 77 178 75 -1 77 -1 
4 7.750000e+04 5.000000e+02 178 77 78 179 76 -1 78 -1 
4 7.850000e+04 5.000000e+02 179 78 79 180 77 -1 79 -1 
4 7.950000e+04 5.000000e+02 180 79 80 181 78 -1 80 -1 
4 8.050000e+04 5.000000e+02 181 80 81 182 79 -1 81 -1 
4 8.150000e+04 5.000000e+02 182 81 82 183 80 -1 82 -1 
4 8.250000e+04 5.000000e+02 183 82 83 184 81 -1 83 -1 
4 8.350000e+04 5.000000e+02 184 83 84 185 82 -1 84 -1 
4 8.450000e+04 5.000000e+02 185 84 85 186 83 -1 85 -1 
4 8.550000e+04 5.000000e+02 186 85 86 187 84 -1 86 -1 
4 8.650000e+04 5.000000e+02 187 86 87 188 85 -1 87 -1 
4 8.750000e+04 5.000000e+02 188 87 88 189 86 -1 88 -1 
4 8.850000e+04 5.000000e+02 189 88 89 190 87 -1 89 -1 
4 8.950000e+04 5.000000e+02 190 89 90 191 88 -1 90 -1 
4 9.050000e+04 5.000000e+02 191 90 91 192 89 -1 91 -1 
4 9.150000e+04 5.000000e+02 192 91 92 193 90 -1 92 -1 
4 9.250000e+04 5.000000e+02 193 92 93 194 91 -1 93 -1 
4 9.350000e+04 5.000000e+02 194 93 94 195 92 -1 94 -1 
4 9.450000e+04 5.000000e+02 195 94 95 196 93 -1 95 -1 
4 9.550000e+04 5.000000e+02 196 95 96 197 94 -1 96 -1 
4 9.650000e+04 5.000000e+02 197 96 97 198 95 -1 97 -1 
4 9.750000e+04 5.000000e+02 198 97 98 199 96 -1 98 -1 
4 9.850000e+04 5.000000e+02 199 98 99 200 97 -1 99 -1 
4 9.950000e+04 5.000000e+02 200 99 100 201 98 -1 -1 -1 
