4 5.000000e+02 5.000000e+02 1.000000e+06 5.000000e+03 100 0 1 2 3 -1 -1 1 -1 -1 -1 -1 -1 5.000000e+02 5.000000e+02 5.000000e+02 5.000000e+02 101 0 1 102 0 
4 1.500000e+03 5.000000e+02 1.000000e+06 5.000000e+03 100 2 4 5 6 0 -1 2 -1 1 -1 -1 -1 5.000000e+02 5.000000e+02 5.000000e+02 5.000000e+02 102 1 2 103 1 
4 2.500000e+03 5.000000e+02 1.000000e+06 5.000000e+03 100 5 7 8 9 1 -1 3 -1 1 -1 -1 -1 5.000000e+02 5.000000e+02 5.000000e+02 5.000000e+02 103 2 3 104 2 
4 3.500000e+03 5.000000e+02 1.000000e+06 5.000000e+03 100 8 10 11 12 2 -1 4 -1 1 -1 -1 -1 5.000000e+02 5.000000e+02 5.000000e+02 5.000000e+02 104 3 4 105 3 
4 4.500000e+03 5.000000e+02 1.000000e+06 5.000000e+03 100 11 13 14 15 3 -1 5 -1 1 -1 -1 -1 5.000000e+02 5.000000e+02 5.000000e+02 5.000000e+02 105 4 5 106 4 
4 5.500000e+03 5.000000e+02 1.000000e+06 5.000000e+03 100 14 16 17 18 4 -1 6 -1 1 -1 -1 -1 5.000000e+02 5.000000e+02 5.000000e+02 5.000000e+02 106 5 6 107 5 
4 6.500000e+03 5.000000e+02 1.000000e+06 5.000000e+03 100 17 19 20 21 5 -1 7 -1 1 -1 -1 -1 5.000000e+02 5.000000e+02 5.000000e+02 5.000000e+02 107 6 7 108 6 
4 7.500000e+03 5.000000e+02 1.000000e+06 5.000000e+03 100 20 22 23 24 6 -1 8 -1 1 -1 -1 -1 5.000000e+02 5.000000e+02 5.000000e+02 5.000000e+02 108 7 8 109 7 
4 8.500000e+03 5.000000e+02 1.000000e+06 5.000000e+03 100 23 25 26 27 7 -1 9 -1 1 -1 -1 -1 5.000000e+02 5.000000e+02 5.000000e+02 5.000000e+02 109 8 9 110 8 
4 9.500000e+03 5.000000e+02 1.000000e+06 5.000000e+03 100 26 28 29 30 8 -1 10 -1 1 -1 -1 -1 5.000000e+02 5.000000e+02 5.000000e+02 5.000000e+02 110 9 10 111 9 
4 1.050000e+04 5.000000e+02 1.000000e+06 5.000000e+03 100 29 31 32 33 9 -1 11 -1 1 -1 -1 -1 5.000000e+02 5.000000e+02 5.000000e+02 5.000000e+02 111 10 11 112 10 
4 1.150000e+04 5.000000e+02 1.000000e+06 5.000000e+03 100 32 34 35 36 10 -1 12 -1 1 -1 -1 -1 5.000000e+02 5.000000e+02 5.000000e+02 5.000000e+02 112 11 12 113 11 
4 1.250000e+04 5.000000e+02 1.000000e+06 5.000000e+03 100 35 37 38 39 11 -1 13 -1 1 -1 -1 -1 5.000000e+02 5.000000e+02 5.000000e+02 5.000000e+02 113 12 13 114 12 
4 1.350000e+04 5.000000e+02 1.000000e+06 5.000000e+03 100 38 40 41 42 12 -1 14 -1 1 -1 -1 -1 5.000000e+02 5.000000e+02 5.000000e+02 5.000000e+02 114 13 14 115 13 
4 1.450000e+04 5.000000e+02 1.000000e+06 5.000000e+03 100 41 43 44 45 13 -1 15 -1 1 -1 -1 -1 5.000000e+02 5.000000e+02 5.000000e+02 5.000000e+02 115 14 15 116 14 
4 1.550000e+04 5.000000e+02 1.000000e+06 5.000000e+03 100 44 46 47 48 14 -1 16 -1 1 -1 -1 -1 5.000000e+02 5.000000e+02 5.000000e+02 5.000000e+02 116 15 16 117 15 
4 1.650000e+04 5.000000e+02 1.000000e+06 5.000000e+03 100 47 49 50 51 15 -1 17 -1 1 -1 -1 -1 5.000000e+02 5.000000e+02 5.000000e+02 5.000000e+02 117 16 17 118 16 
4 1.750000e+04 5.000000e+02 1.000000e+06 5.000000e+03 100 50 52 53 54 16 -1 18 -1 1 -1 -1 -1 5.000000e+02 5.000000e+02 5.000000e+02 5.000000e+02 118 17 18 119 17 
4 1.850000e+04 5.000000e+02 1.000000e+06 5.000000e+03 100 53 55 56 57 17 -1 19 -1 1 -1 -1 -1 5.000000e+02 5.000000e+02 5.000000e+02 5.000000e+02 119 18 19 120 18 
4 1.950000e+04 5.000000e+02 1.000000e+06 5.000000e+03 100 56 58 59 60 18 -1 20 -1 1 -1 -1 -1 5.000000e+02 5.000000e+02 5.000000e+02 5.000000e+02 120 19 20 121 19 
4 2.050000e+04 5.000000e+02 1.000000e+06 5.000000e+03 100 59 61 62 63 19 -1 21 -1 1 -1 -1 -1 5.000000e+02 5.000000e+02 5.000000e+02 5.000000e+02 121 20 21 122 20 
4 2.150000e+04 5.000000e+02 1.000000e+06 5.000000e+03 100 62 64 65 66 20 -1 22 -1 1 -1 -1 -1 5.000000e+02 5.000000e+02 5.000000e+02 5.000000e+02 122 21 22 123 21 
4 2.250000e+04 5.000000e+02 1.000000e+06 5.000000e+03 100 65 67 68 69 21 -1 23 -1 1 -1 -1 -1 5.000000e+02 5.000000e+02 5.000000e+02 5.000000e+02 123 22 23 124 22 
4 2.350000e+04 5.000000e+02 1.000000e+06 5.000000e+03 100 68 70 71 72 22 -1 24 -1 1 -1 -1 -1 5.000000e+02 5.000000e+02 5.000000e+02 5.000000e+02 124 23 24 125 23 
4 2.450000e+04 5.000000e+02 1.000000e+06 5.000000e+03 100 71 73 74 75 23 -1 25 -1 1 -1 -1 -1 5.000000e+02 5.000000e+02 5.000000e+02 5.000000e+02 125 24 25 126 24 
4 2.550000e+04 5.000000e+02 1.000000e+06 5.000000e+03 100 74 76 77 78 24 -1 26 -1 1 -1 -1 -1 5.000000e+02 5.000000e+02 5.000000e+02 5.000000e+02 126 25 26 127 25 
4 2.650000e+04 5.000000e+02 1.000000e+06 5.000000e+03 100 77 79 80 81 25 -1 27 -1 1 -1 -1 -1 5.000000e+02 5.000000e+02 5.000000e+02 5.000000e+02 127 26 27 128 26 
4 2.750000e+04 5.000000e+02 1.000000e+06 5.000000e+03 100 80 82 83 84 26 -1 28 -1 1 -1 -1 -1 5.000000e+02 5.000000e+02 5.000000e+02 5.000000e+02 128 27 28 129 27 
4 2.850000e+04 5.000000e+02 1.000000e+06 5.000000e+03 100 83 85 86 87 27 -1 29 -1 1 -1 -1 -1 5.000000e+02 5.000000e+02 5.000000e+02 5.000000e+02 129 28 29 130 28 
4 2.950000e+04 5.000000e+02 1.000000e+06 5.000000e+03 100 86 88 89 90 28 -1 30 -1 1 -1 -1 -1 5.000000e+02 5.000000e+02 5.000000e+02 5.000000e+02 130 29 30 131 29 
4 3.050000e+04 5.000000e+02 1.000000e+06 5.000000e+03 100 89 91 92 93 29 -1 31 -1 1 -1 -1 -1 5.000000e+02 5.000000e+02 5.000000e+02 5.000000e+02 131 30 31 132 30 
4 3.150000e+04 5.000000e+02 1.000000e+06 5.000000e+03 100 92 94 95 96 30 -1 32 -1 1 -1 -1 -1 5.000000e+02 5.000000e+02 5.000000e+02 5.000000e+02 132 31 32 133 31 
4 3.250000e+04 5.000000e+02 1.000000e+06 5.000000e+03 100 95 97 98 99 31 -1 33 -1 1 -1 -1 -1 5.000000e+02 5.000000e+02 5.000000e+02 5.000000e+02 133 32 33 134 32 
4 3.350000e+04 5.000000e+02 1.000000e+06 5.000000e+03 100 98 100 101 102 32 -1 34 -1 1 -1 -1 -1 5.000000e+02 5.000000e+02 5.000000e+02 5.000000e+02 134 33 34 135 33 
4 3.450000e+04 5.000000e+02 1.000000e+06 5.000000e+03 100 101 103 104 105 33 -1 35 -1 1 -1 -1 -1 5.000000e+02 5.000000e+02 5.000000e+02 5.000000e+02 135 34 35 136 34 
4 3.550000e+04 5.000000e+02 1.000000e+06 5.000000e+03 100 104 106 107 108 34 -1 36 -1 1 -1 -1 -1 5.000000e+02 5.000000e+02 5.000000e+02 5.000000e+02 136 35 36 137 35 
4 3.650000e+04 5.000000e+02 1.000000e+06 5.000000e+03 100 107 109 110 111 35 -1 37 -1 1 -1 -1 -1 5.000000e+02 5.000000e+02 5.000000e+02 5.000000e+02 137 36 37 138 36 
4 3.750000e+04 5.000000e+02 1.000000e+06 5.000000e+03 100 110 112 113 114 36 -1 38 -1 1 -1 -1 -1 5.000000e+02 5.000000e+02 5.000000e+02 5.000000e+02 138 37 38 139 37 
4 3.850000e+04 5.000000e+02 1.000000e+06 5.000000e+03 100 113 115 116 117 37 -1 39 -1 1 -1 -1 -1 5.000000e+02 5.000000e+02 5.000000e+02 5.000000e+02 139 38 39 140 38 
4 3.950000e+04 5.000000e+02 1.000000e+06 5.000000e+03 100 116 118 119 120 38 -1 40 -1 1 -1 -1 -1 5.000000e+02 5.000000e+02 5.000000e+02 5.000000e+02 140 39 40 141 39 
4 4.050000e+04 5.000000e+02 1.000000e+06 5.000000e+03 100 119 121 122 123 39 -1 41 -1 1 -1 -1 -1 5.000000e+02 5.000000e+02 5.000000e+02 5.000000e+02 141 40 41 142 40 
4 4.150000e+04 5.000000e+02 1.000000e+06 5.000000e+03 100 122 124 125 126 40 -1 42 -1 1 -1 -1 -1 5.000000e+02 5.000000e+02 5.000000e+02 5.000000e+02 142 41 42 143 41 
4 4.250000e+04 5.000000e+02 1.000000e+06 5.000000e+03 100 125 127 128 129 41 -1 43 -1 1 -1 -1 -1 5.000000e+02 5.000000e+02 5.000000e+02 5.000000e+02 143 42 43 144 42 
4 4.350000e+04 5.000000e+02 1.000000e+06 5.000000e+03 100 128 130 131 132 42 -1 44 -1 1 -1 -1 -1 5.000000e+02 5.000000e+02 5.000000e+02 5.000000e+02 144 43 44 145 43 
4 4.450000e+04 5.000000e+02 1.000000e+06 5.000000e+03 100 131 133 134 135 43 -1 45 -1 1 -1 -1 -1 5.000000e+02 5.000000e+02 5.000000e+02 5.000000e+02 145 44 45 146 44 
4 4.550000e+04 5.000000e+02 1.000000e+06 5.000000e+03 100 134 136 137 138 44 -1 46 -1 1 -1 -1 -1 5.000000e+02 5.000000e+02 5.000000e+02 5.000000e+02 146 45 46 147 45 
4 4.650000e+04 5.000000e+02 1.000000e+06 5.000000e+03 100 137 139 140 141 45 -1 47 -1 1 -1 -1 -1 5.000000e+02 5.000000e+02 5.000000e+02 5.000000e+02 147 46 47 148 46 
4 4.750000e+04 5.000000e+02 1.000000e+06 5.000000e+03 100 140 142 143 144 46 -1 48 -1 1 -1 -1 -1 5.000000e+02 5.000000e+02 5.000000e+02 5.000000e+02 148 47 48 149 47 
4 4.850000e+04 5.000000e+02 1.000000e+06 5.000000e+03 100 143 145 146 147 47 -1 49 -1 1 -1 -1 -1 5.000000e+02 5.000000e+02 5.000000e+02 5.000000e+02 149 48 49 150 48 
4 4.950000e+04 5.000000e+02 1.000000e+06 5.000000e+03 100 146 148 149 150 48 -1 50 -1 1 -1 -1 -1 5.000000e+02 5.000000e+02 5.000000e+02 5.000000e+02 150 49 50 151 49 
4 5.050000e+04 5.000000e+02 1.000000e+06 5.000000e+03 100 149 151 152 153 49 -1 51 -1 1 -1 -1 -1 5.000000e+02 5.000000e+02 5.000000e+02 5.000000e+02 151 50 51 152 50 
4 5.150000e+04 5.000000e+02 1.000000e+06 5.000000e+03 100 152 154 155 156 50 -1 52 -1 1 -1 -1 -1 5.000000e+02 5.000000e+02 5.000000e+02 5.000000e+02 152 51 52 153 51 
4 5.250000e+04 5.000000e+02 1.000000e+06 5.000000e+03 100 155 157 158 159 51 -1 53 -1 1 -1 -1 -1 5.000000e+02 5.000000e+02 5.000000e+02 5.000000e+02 153 52 53 154 52 
4 5.350000e+04 5.000000e+02 1.000000e+06 5.000000e+03 100 158 160 161 162 52 -1 54 -1 1 -1 -1 -1 5.000000e+02 5.000000e+02 5.000000e+02 5.000000e+02 154 53 54 155 53 
4 5.450000e+04 5.000000e+02 1.000000e+06 5.000000e+03 100 161 163 164 165 53 -1 55 -1 1 -1 -1 -1 5.000000e+02 5.000000e+02 5.000000e+02 5.000000e+02 155 54 55 156 54 
4 5.550000e+04 5.000000e+02 1.000000e+06 5.000000e+03 100 164 166 167 168 54 -1 56 -1 1 -1 -1 -1 5.000000e+02 5.000000e+02 5.000000e+02 5.000000e+02 156 55 56 157 55 
4 5.650000e+04 5.000000e+02 1.000000e+06 5.000000e+03 100 167 169 170 171 55 -1 57 -1 1 -1 -1 -1 5.000000e+02 5.000000e+02 5.000000e+02 5.000000e+02 157 56 57 158 56 
4 5.750000e+04 5.000000e+02 1.000000e+06 5.000000e+03 100 170 172 173 174 56 -1 58 -1 1 -1 -1 -1 5.000000e+02 5.000000e+02 5.000000e+02 5.000000e+02 158 57 58 159 57 
4 5.850000e+04 5.000000e+02 1.000000e+06 5.000000e+03 100 173 175 176 177 57 -1 59 -1 1 -1 -1 -1 5.000000e+02 5.000000e+02 5.000000e+02 5.000000e+02 159 58 59 160 58 
4 5.950000e+04 5.000000e+02 1.000000e+06 5.000000e+03 100 176 178 179 180 58 -1 60 -1 1 -1 -1 -1 5.000000e+02 5.000000e+02 5.000000e+02 5.000000e+02 160 59 60 161 59 
4 6.050000e+04 5.000000e+02 1.000000e+06 5.000000e+03 100 179 181 182 183 59 -1 61 -1 1 -1 -1 -1 5.000000e+02 5.000000e+02 5.000000e+02 5.000000e+02 161 60 61 162 60 
4 6.150000e+04 5.000000e+02 1.000000e+06 5.000000e+03 100 182 184 185 186 60 -1 62 -1 1 -1 -1 -1 5.000000e+02 5.000000e+02 5.000000e+02 5.000000e+02 162 61 62 163 61 
4 6.250000e+04 5.000000e+02 1.000000e+06 5.000000e+03 100 185 187 188 189 61 -1 63 -1 1 -1 -1 -1 5.000000e+02 5.000000e+02 5.000000e+02 5.000000e+02 163 62 63 164 62 
4 6.350000e+04 5.000000e+02 1.000000e+06 5.000000e+03 100 188 190 191 192 62 -1 64 -1 1 -1 -1 -1 5.000000e+02 5.000000e+02 5.000000e+02 5.000000e+02 164 63 64 165 63 
4 6.450000e+04 5.000000e+02 1.000000e+06 5.000000e+03 100 191 193 194 195 63 -1 65 -1 1 -1 -1 -1 5.000000e+02 5.000000e+02 5.000000e+02 5.000000e+02 165 64 65 166 64 
4 6.550000e+04 5.000000e+02 1.000000e+06 5.000000e+03 100 194 196 197 198 64 -1 66 -1 1 -1 -1 -1 5.000000e+02 5.000000e+02 5.000000e+02 5.000000e+02 166 65 66 167 65 
4 6.650000e+04 5.000000e+02 1.000000e+06 5.000000e+03 100 197 199 200 201 65 -1 67 -1 1 -1 -1 -1 5.000000e+02 5.000000e+02 5.000000e+02 5.000000e+02 167 66 67 168 66 
4 6.750000e+04 5.000000e+02 1.000000e+06 5.000000e+03 100 200 202 203 204 66 -1 68 -1 1 -1 -1 -1 5.000000e+02 5.000000e+02 5.000000e+02 5.000000e+02 168 67 68 169 67 
4 6.850000e+04 5.000000e+02 1.000000e+06 5.000000e+03 100 203 205 206 207 67 -1 69 -1 1 -1 -1 -1 5.000000e+02 5.000000e+02 5.000000e+02 5.000000e+02 169 68 69 170 68 
4 6.950000e+04 5.000000e+02 1.000000e+06 5.000000e+03 100 206 208 209 210 68 -1 70 -1 1 -1 -1 -1 5.000000e+02 5.000000e+02 5.000000e+02 5.000000e+02 170 69 70 171 69 
4 7.050000e+04 5.000000e+02 1.000000e+06 5.000000e+03 100 209 211 212 213 69 -1 71 -1 1 -1 -1 -1 5.000000e+02 5.000000e+02 5.000000e+02 5.000000e+02 171 70 71 172 70 
4 7.150000e+04 5.000000e+02 1.000000e+06 5.000000e+03 100 212 214 215 216 70 -1 72 -1 1 -1 -1 -1 5.000000e+02 5.000000e+02 5.000000e+02 5.000000e+02 172 71 72 173 71 
4 7.250000e+04 5.000000e+02 1.000000e+06 5.000000e+03 100 215 217 218 219 71 -1 73 -1 1 -1 -1 -1 5.000000e+02 5.000000e+02 5.000000e+02 5.000000e+02 173 72 73 174 72 
4 7.350000e+04 5.000000e+02 1.000000e+06 5.000000e+03 100 218 220 221 222 72 -1 74 -1 1 -1 -1 -1 5.000000e+02 5.000000e+02 5.000000e+02 5.000000e+02 174 73 74 175 73 
4 7.450000e+04 5.000000e+02 1.000000e+06 5.000000e+03 100 221 223 224 225 73 -1 75 -1 1 -1 -1 -1 5.000000e+02 5.000000e+02 5.000000e+02 5.000000e+02 175 74 75 176 74 
4 7.550000e+04 5.000000e+02 1.000000e+06 5.000000e+03 100 224 226 227 228 74 -1 76 -1 1 -1 -1 -1 5.000000e+02 5.000000e+02 5.000000e+02 5.000000e+02 176 75 76 177 75 
4 7.650000e+04 5.000000e+02 1.000000e+06 5.000000e+03 100 227 229 230 231 75 -1 77 -1 1 -1 -1 -1 5.000000e+02 5.000000e+02 5.000000e+02 5.000000e+02 177 76 77 178 76 
4 7.750000e+04 5.000000e+02 1.000000e+06 5.000000e+03 100 230 232 233 234 76 -1 78 -1 1 -1 -1 -1 5.000000e+02 5.000000e+02 5.000000e+02 5.000000e+02 178 77 78 179 77 
4 7.850000e+04 5.000000e+02 1.000000e+06 5.000000e+03 100 233 235 236 237 77 -1 79 -1 1 -1 -1 -1 5.000000e+02 5.000000e+02 5.000000e+02 5.000000e+02 179 78 79 180 78 
4 7.950000e+04 5.000000e+02 1.000000e+06 5.000000e+03 100 236 238 239 240 78 -1 80 -1 1 -1 -1 -1 5.000000e+02 5.000000e+02 5.000000e+02 5.000000e+02 180 79 80 181 79 
4 8.050000e+04 5.000000e+02 1.000000e+06 5.000000e+03 100 239 241 242 243 79 -1 81 -1 1 -1 -1 -1 5.000000e+02 5.000000e+02 5.000000e+02 5.000000e+02 181 80 81 182 80 
4 8.150000e+04 5.000000e+02 1.000000e+06 5.000000e+03 100 242 244 245 246 80 -1 82 -1 1 -1 -1 -1 5.000000e+02 5.000000e+02 5.000000e+02 5.000000e+02 182 81 82 183 81 
4 8.250000e+04 5.000000e+02 1.000000e+06 5.000000e+03 100 245 247 248 249 81 -1 83 -1 1 -1 -1 -1 5.000000e+02 5.000000e+02 5.000000e+02 5.000000e+02 183 82 83 184 82 
4 8.350000e+04 5.000000e+02 1.000000e+06 5.000000e+03 100 248 250 251 252 82 -1 84 -1 1 -1 -1 -1 5.000000e+02 5.000000e+02 5.000000e+02 5.000000e+02 184 83 84 185 83 
4 8.450000e+04 5.000000e+02 1.000000e+06 5.000000e+03 100 251 253 254 255 83 -1 85 -1 1 -1 -1 -1 5.000000e+02 5.000000e+02 5.000000e+02 5.000000e+02 185 84 85 186 84 
4 8.550000e+04 5.000000e+02 1.000000e+06 5.000000e+03 100 254 256 257 258 84 -1 86 -1 1 -1 -1 -1 5.000000e+02 5.000000e+02 5.000000e+02 5.000000e+02 186 85 86 187 85 
4 8.650000e+04 5.000000e+02 1.000000e+06 5.000000e+03 100 257 259 260 261 85 -1 87 -1 1 -1 -1 -1 5.000000e+02 5.000000e+02 5.000000e+02 5.000000e+02 187 86 87 188 86 
4 8.750000e+04 5.000000e+02 1.000000e+06 5.000000e+03 100 260 262 263 264 86 -1 88 -1 1 -1 -1 -1 5.000000e+02 5.000000e+02 5.000000e+02 5.000000e+02 188 87 88 189 87 
4 8.850000e+04 5.000000e+02 1.000000e+06 5.000000e+03 100 263 265 266 267 87 -1 89 -1 1 -1 -1 -1 5.000000e+02 5.000000e+02 5.000000e+02 5.000000e+02 189 88 89 190 88 
4 8.950000e+04 5.000000e+02 1.000000e+06 5.000000e+03 100 266 268 269 270 88 -1 90 -1 1 -1 -1 -1 5.000000e+02 5.000000e+02 5.000000e+02 5.000000e+02 190 89 90 191 89 
4 9.050000e+04 5.000000e+02 1.000000e+06 5.000000e+03 100 269 271 272 273 89 -1 91 -1 1 -1 -1 -1 5.000000e+02 5.000000e+02 5.000000e+02 5.000000e+02 191 90 91 192 90 
4 9.150000e+04 5.000000e+02 1.000000e+06 5.000000e+03 100 272 274 275 276 90 -1 92 -1 1 -1 -1 -1 5.000000e+02 5.000000e+02 5.000000e+02 5.000000e+02 192 91 92 193 91 
4 9.250000e+04 5.000000e+02 1.000000e+06 5.000000e+03 100 275 277 278 279 91 -1 93 -1 1 -1 -1 -1 5.000000e+02 5.000000e+02 5.000000e+02 5.000000e+02 193 92 93 194 92 
4 9.350000e+04 5.000000e+02 1.000000e+06 5.000000e+03 100 278 280 281 282 92 -1 94 -1 1 -1 -1 -1 5.000000e+02 5.000000e+02 5.000000e+02 5.000000e+02 194 93 94 195 93 
4 9.450000e+04 5.000000e+02 1.000000e+06 5.000000e+03 100 281 283 284 285 93 -1 95 -1 1 -1 -1 -1 5.000000e+02 5.000000e+02 5.000000e+02 5.000000e+02 195 94 95 196 94 
4 9.550000e+04 5.000000e+02 1.000000e+06 5.000000e+03 100 284 286 287 288 94 -1 96 -1 1 -1 -1 -1 5.000000e+02 5.000000e+02 5.000000e+02 5.000000e+02 196 95 96 197 95 
4 9.650000e+04 5.000000e+02 1.000000e+06 5.000000e+03 100 287 289 290 291 95 -1 97 -1 1 -1 -1 -1 5.000000e+02 5.000000e+02 5.000000e+02 5.000000e+02 197 96 97 198 96 
4 9.750000e+04 5.000000e+02 1.000000e+06 5.000000e+03 100 290 292 293 294 96 -1 98 -1 1 -1 -1 -1 5.000000e+02 5.000000e+02 5.000000e+02 5.000000e+02 198 97 98 199 97 
4 9.850000e+04 5.000000e+02 1.000000e+06 5.000000e+03 100 293 295 296 297 97 -1 99 -1 1 -1 -1 -1 5.000000e+02 5.000000e+02 5.000000e+02 5.000000e+02 199 98 99 200 98 
4 9.950000e+04 5.000000e+02 1.000000e+06 5.000000e+03 100 296 298 299 300 98 -1 -1 -1 1 -1 -1 -1 5.000000e+02 5.000000e+02 5.000000e+02 5.000000e+02 200 99 100 201 99 
