1.000000e+03 1.000000e+03 1.000000e+00 0.000000e+00 0.000000e+00 5.000000e+02 100 100 0 -1 0 0 1 0 101 0 0
1.000000e+03 1.000000e+03 0.000000e+00 1.000000e+00 5.000000e+02 0.000000e+00 100 100 0 -1 1 0 1 0 1 0 101
1.000000e+03 1.000000e+03 -1.000000e+00 0.000000e+00 1.000000e+03 5.000000e+02 100 100 0 1 2 0 0 1 102 0 1
1.000000e+03 1.000000e+03 0.000000e+00 -1.000000e+00 5.000000e+02 1.000000e+03 100 100 0 -1 3 0 1 101 102 0 201
1.000000e+03 1.000000e+03 0.000000e+00 1.000000e+00 1.500000e+03 0.000000e+00 100 100 1 -1 1 0 1 1 2 0 102
1.000000e+03 1.000000e+03 -1.000000e+00 0.000000e+00 2.000000e+03 5.000000e+02 100 100 1 2 2 0 0 2 103 0 2
1.000000e+03 1.000000e+03 0.000000e+00 -1.000000e+00 1.500000e+03 1.000000e+03 100 100 1 -1 3 0 1 102 103 0 202
1.000000e+03 1.000000e+03 0.000000e+00 1.000000e+00 2.500000e+03 0.000000e+00 100 100 2 -1 1 0 1 2 3 0 103
1.000000e+03 1.000000e+03 -1.000000e+00 0.000000e+00 3.000000e+03 5.000000e+02 100 100 2 3 2 0 0 3 104 0 3
1.000000e+03 1.000000e+03 0.000000e+00 -1.000000e+00 2.500000e+03 1.000000e+03 100 100 2 -1 3 0 1 103 104 0 203
1.000000e+03 1.000000e+03 0.000000e+00 1.000000e+00 3.500000e+03 0.000000e+00 100 100 3 -1 1 0 1 3 4 0 104
1.000000e+03 1.000000e+03 -1.000000e+00 0.000000e+00 4.000000e+03 5.000000e+02 100 100 3 4 2 0 0 4 105 0 4
1.000000e+03 1.000000e+03 0.000000e+00 -1.000000e+00 3.500000e+03 1.000000e+03 100 100 3 -1 3 0 1 104 105 0 204
1.000000e+03 1.000000e+03 0.000000e+00 1.000000e+00 4.500000e+03 0.000000e+00 100 100 4 -1 1 0 1 4 5 0 105
1.000000e+03 1.000000e+03 -1.000000e+00 0.000000e+00 5.000000e+03 5.000000e+02 100 100 4 5 2 0 0 5 106 0 5
1.000000e+03 1.000000e+03 0.000000e+00 -1.000000e+00 4.500000e+03 1.000000e+03 100 100 4 -1 3 0 1 105 106 0 205
1.000000e+03 1.000000e+03 0.000000e+00 1.000000e+00 5.500000e+03 0.000000e+00 100 100 5 -1 1 0 1 5 6 0 106
1.000000e+03 1.000000e+03 -1.000000e+00 0.000000e+00 6.000000e+03 5.000000e+02 100 100 5 6 2 0 0 6 107 0 6
1.000000e+03 1.000000e+03 0.000000e+00 -1.000000e+00 5.500000e+03 1.000000e+03 100 100 5 -1 3 0 1 106 107 0 206
1.000000e+03 1.000000e+03 0.000000e+00 1.000000e+00 6.500000e+03 0.000000e+00 100 100 6 -1 1 0 1 6 7 0 107
1.000000e+03 1.000000e+03 -1.000000e+00 0.000000e+00 7.000000e+03 5.000000e+02 100 100 6 7 2 0 0 7 108 0 7
1.000000e+03 1.000000e+03 0.000000e+00 -1.000000e+00 6.500000e+03 1.000000e+03 100 100 6 -1 3 0 1 107 108 0 207
1.000000e+03 1.000000e+03 0.000000e+00 1.000000e+00 7.500000e+03 0.000000e+00 100 100 7 -1 1 0 1 7 8 0 108
1.000000e+03 1.000000e+03 -1.000000e+00 0.000000e+00 8.000000e+03 5.000000e+02 100 100 7 8 2 0 0 8 109 0 8
1.000000e+03 1.000000e+03 0.000000e+00 -1.000000e+00 7.500000e+03 1.000000e+03 100 100 7 -1 3 0 1 108 109 0 208
1.000000e+03 1.000000e+03 0.000000e+00 1.000000e+00 8.500000e+03 0.000000e+00 100 100 8 -1 1 0 1 8 9 0 109
1.000000e+03 1.000000e+03 -1.000000e+00 0.000000e+00 9.000000e+03 5.000000e+02 100 100 8 9 2 0 0 9 110 0 9
1.000000e+03 1.000000e+03 0.000000e+00 -1.000000e+00 8.500000e+03 1.000000e+03 100 100 8 -1 3 0 1 109 110 0 209
1.000000e+03 1.000000e+03 0.000000e+00 1.000000e+00 9.500000e+03 0.000000e+00 100 100 9 -1 1 0 1 9 10 0 110
1.000000e+03 1.000000e+03 -1.000000e+00 0.000000e+00 1.000000e+04 5.000000e+02 100 100 9 10 2 0 0 10 111 0 10
1.000000e+03 1.000000e+03 0.000000e+00 -1.000000e+00 9.500000e+03 1.000000e+03 100 100 9 -1 3 0 1 110 111 0 210
1.000000e+03 1.000000e+03 0.000000e+00 1.000000e+00 1.050000e+04 0.000000e+00 100 100 10 -1 1 0 1 10 11 0 111
1.000000e+03 1.000000e+03 -1.000000e+00 0.000000e+00 1.100000e+04 5.000000e+02 100 100 10 11 2 0 0 11 112 0 11
1.000000e+03 1.000000e+03 0.000000e+00 -1.000000e+00 1.050000e+04 1.000000e+03 100 100 10 -1 3 0 1 111 112 0 211
1.000000e+03 1.000000e+03 0.000000e+00 1.000000e+00 1.150000e+04 0.000000e+00 100 100 11 -1 1 0 1 11 12 0 112
1.000000e+03 1.000000e+03 -1.000000e+00 0.000000e+00 1.200000e+04 5.000000e+02 100 100 11 12 2 0 0 12 113 0 12
1.000000e+03 1.000000e+03 0.000000e+00 -1.000000e+00 1.150000e+04 1.000000e+03 100 100 11 -1 3 0 1 112 113 0 212
1.000000e+03 1.000000e+03 0.000000e+00 1.000000e+00 1.250000e+04 0.000000e+00 100 100 12 -1 1 0 1 12 13 0 113
1.000000e+03 1.000000e+03 -1.000000e+00 0.000000e+00 1.300000e+04 5.000000e+02 100 100 12 13 2 0 0 13 114 0 13
1.000000e+03 1.000000e+03 0.000000e+00 -1.000000e+00 1.250000e+04 1.000000e+03 100 100 12 -1 3 0 1 113 114 0 213
1.000000e+03 1.000000e+03 0.000000e+00 1.000000e+00 1.350000e+04 0.000000e+00 100 100 13 -1 1 0 1 13 14 0 114
1.000000e+03 1.000000e+03 -1.000000e+00 0.000000e+00 1.400000e+04 5.000000e+02 100 100 13 14 2 0 0 14 115 0 14
1.000000e+03 1.000000e+03 0.000000e+00 -1.000000e+00 1.350000e+04 1.000000e+03 100 100 13 -1 3 0 1 114 115 0 214
1.000000e+03 1.000000e+03 0.000000e+00 1.000000e+00 1.450000e+04 0.000000e+00 100 100 14 -1 1 0 1 14 15 0 115
1.000000e+03 1.000000e+03 -1.000000e+00 0.000000e+00 1.500000e+04 5.000000e+02 100 100 14 15 2 0 0 15 116 0 15
1.000000e+03 1.000000e+03 0.000000e+00 -1.000000e+00 1.450000e+04 1.000000e+03 100 100 14 -1 3 0 1 115 116 0 215
1.000000e+03 1.000000e+03 0.000000e+00 1.000000e+00 1.550000e+04 0.000000e+00 100 100 15 -1 1 0 1 15 16 0 116
1.000000e+03 1.000000e+03 -1.000000e+00 0.000000e+00 1.600000e+04 5.000000e+02 100 100 15 16 2 0 0 16 117 0 16
1.000000e+03 1.000000e+03 0.000000e+00 -1.000000e+00 1.550000e+04 1.000000e+03 100 100 15 -1 3 0 1 116 117 0 216
1.000000e+03 1.000000e+03 0.000000e+00 1.000000e+00 1.650000e+04 0.000000e+00 100 100 16 -1 1 0 1 16 17 0 117
1.000000e+03 1.000000e+03 -1.000000e+00 0.000000e+00 1.700000e+04 5.000000e+02 100 100 16 17 2 0 0 17 118 0 17
1.000000e+03 1.000000e+03 0.000000e+00 -1.000000e+00 1.650000e+04 1.000000e+03 100 100 16 -1 3 0 1 117 118 0 217
1.000000e+03 1.000000e+03 0.000000e+00 1.000000e+00 1.750000e+04 0.000000e+00 100 100 17 -1 1 0 1 17 18 0 118
1.000000e+03 1.000000e+03 -1.000000e+00 0.000000e+00 1.800000e+04 5.000000e+02 100 100 17 18 2 0 0 18 119 0 18
1.000000e+03 1.000000e+03 0.000000e+00 -1.000000e+00 1.750000e+04 1.000000e+03 100 100 17 -1 3 0 1 118 119 0 218
1.000000e+03 1.000000e+03 0.000000e+00 1.000000e+00 1.850000e+04 0.000000e+00 100 100 18 -1 1 0 1 18 19 0 119
1.000000e+03 1.000000e+03 -1.000000e+00 0.000000e+00 1.900000e+04 5.000000e+02 100 100 18 19 2 0 0 19 120 0 19
1.000000e+03 1.000000e+03 0.000000e+00 -1.000000e+00 1.850000e+04 1.000000e+03 100 100 18 -1 3 0 1 119 120 0 219
1.000000e+03 1.000000e+03 0.000000e+00 1.000000e+00 1.950000e+04 0.000000e+00 100 100 19 -1 1 0 1 19 20 0 120
1.000000e+03 1.000000e+03 -1.000000e+00 0.000000e+00 2.000000e+04 5.000000e+02 100 100 19 20 2 0 0 20 121 0 20
1.000000e+03 1.000000e+03 0.000000e+00 -1.000000e+00 1.950000e+04 1.000000e+03 100 100 19 -1 3 0 1 120 121 0 220
1.000000e+03 1.000000e+03 0.000000e+00 1.000000e+00 2.050000e+04 0.000000e+00 100 100 20 -1 1 0 1 20 21 0 121
1.000000e+03 1.000000e+03 -1.000000e+00 0.000000e+00 2.100000e+04 5.000000e+02 100 100 20 21 2 0 0 21 122 0 21
1.000000e+03 1.000000e+03 0.000000e+00 -1.000000e+00 2.050000e+04 1.000000e+03 100 100 20 -1 3 0 1 121 122 0 221
1.000000e+03 1.000000e+03 0.000000e+00 1.000000e+00 2.150000e+04 0.000000e+00 100 100 21 -1 1 0 1 21 22 0 122
1.000000e+03 1.000000e+03 -1.000000e+00 0.000000e+00 2.200000e+04 5.000000e+02 100 100 21 22 2 0 0 22 123 0 22
1.000000e+03 1.000000e+03 0.000000e+00 -1.000000e+00 2.150000e+04 1.000000e+03 100 100 21 -1 3 0 1 122 123 0 222
1.000000e+03 1.000000e+03 0.000000e+00 1.000000e+00 2.250000e+04 0.000000e+00 100 100 22 -1 1 0 1 22 23 0 123
1.000000e+03 1.000000e+03 -1.000000e+00 0.000000e+00 2.300000e+04 5.000000e+02 100 100 22 23 2 0 0 23 124 0 23
1.000000e+03 1.000000e+03 0.000000e+00 -1.000000e+00 2.250000e+04 1.000000e+03 100 100 22 -1 3 0 1 123 124 0 223
1.000000e+03 1.000000e+03 0.000000e+00 1.000000e+00 2.350000e+04 0.000000e+00 100 100 23 -1 1 0 1 23 24 0 124
1.000000e+03 1.000000e+03 -1.000000e+00 0.000000e+00 2.400000e+04 5.000000e+02 100 100 23 24 2 0 0 24 125 0 24
1.000000e+03 1.000000e+03 0.000000e+00 -1.000000e+00 2.350000e+04 1.000000e+03 100 100 23 -1 3 0 1 124 125 0 224
1.000000e+03 1.000000e+03 0.000000e+00 1.000000e+00 2.450000e+04 0.000000e+00 100 100 24 -1 1 0 1 24 25 0 125
1.000000e+03 1.000000e+03 -1.000000e+00 0.000000e+00 2.500000e+04 5.000000e+02 100 100 24 25 2 0 0 25 126 0 25
1.000000e+03 1.000000e+03 0.000000e+00 -1.000000e+00 2.450000e+04 1.000000e+03 100 100 24 -1 3 0 1 125 126 0 225
1.000000e+03 1.000000e+03 0.000000e+00 1.000000e+00 2.550000e+04 0.000000e+00 100 100 25 -1 1 0 1 25 26 0 126
1.000000e+03 1.000000e+03 -1.000000e+00 0.000000e+00 2.600000e+04 5.000000e+02 100 100 25 26 2 0 0 26 127 0 26
1.000000e+03 1.000000e+03 0.000000e+00 -1.000000e+00 2.550000e+04 1.000000e+03 100 100 25 -1 3 0 1 126 127 0 226
1.000000e+03 1.000000e+03 0.000000e+00 1.000000e+00 2.650000e+04 0.000000e+00 100 100 26 -1 1 0 1 26 27 0 127
1.000000e+03 1.000000e+03 -1.000000e+00 0.000000e+00 2.700000e+04 5.000000e+02 100 100 26 27 2 0 0 27 128 0 27
1.000000e+03 1.000000e+03 0.000000e+00 -1.000000e+00 2.650000e+04 1.000000e+03 100 100 26 -1 3 0 1 127 128 0 227
1.000000e+03 1.000000e+03 0.000000e+00 1.000000e+00 2.750000e+04 0.000000e+00 100 100 27 -1 1 0 1 27 28 0 128
1.000000e+03 1.000000e+03 -1.000000e+00 0.000000e+00 2.800000e+04 5.000000e+02 100 100 27 28 2 0 0 28 129 0 28
1.000000e+03 1.000000e+03 0.000000e+00 -1.000000e+00 2.750000e+04 1.000000e+03 100 100 27 -1 3 0 1 128 129 0 228
1.000000e+03 1.000000e+03 0.000000e+00 1.000000e+00 2.850000e+04 0.000000e+00 100 100 28 -1 1 0 1 28 29 0 129
1.000000e+03 1.000000e+03 -1.000000e+00 0.000000e+00 2.900000e+04 5.000000e+02 100 100 28 29 2 0 0 29 130 0 29
1.000000e+03 1.000000e+03 0.000000e+00 -1.000000e+00 2.850000e+04 1.000000e+03 100 100 28 -1 3 0 1 129 130 0 229
1.000000e+03 1.000000e+03 0.000000e+00 1.000000e+00 2.950000e+04 0.000000e+00 100 100 29 -1 1 0 1 29 30 0 130
1.000000e+03 1.000000e+03 -1.000000e+00 0.000000e+00 3.000000e+04 5.000000e+02 100 100 29 30 2 0 0 30 131 0 30
1.000000e+03 1.000000e+03 0.000000e+00 -1.000000e+00 2.950000e+04 1.000000e+03 100 100 29 -1 3 0 1 130 131 0 230
1.000000e+03 1.000000e+03 0.000000e+00 1.000000e+00 3.050000e+04 0.000000e+00 100 100 30 -1 1 0 1 30 31 0 131
1.000000e+03 1.000000e+03 -1.000000e+00 0.000000e+00 3.100000e+04 5.000000e+02 100 100 30 31 2 0 0 31 132 0 31
1.000000e+03 1.000000e+03 0.000000e+00 -1.000000e+00 3.050000e+04 1.000000e+03 100 100 30 -1 3 0 1 131 132 0 231
1.000000e+03 1.000000e+03 0.000000e+00 1.000000e+00 3.150000e+04 0.000000e+00 100 100 31 -1 1 0 1 31 32 0 132
1.000000e+03 1.000000e+03 -1.000000e+00 0.000000e+00 3.200000e+04 5.000000e+02 100 100 31 32 2 0 0 32 133 0 32
1.000000e+03 1.000000e+03 0.000000e+00 -1.000000e+00 3.150000e+04 1.000000e+03 100 100 31 -1 3 0 1 132 133 0 232
1.000000e+03 1.000000e+03 0.000000e+00 1.000000e+00 3.250000e+04 0.000000e+00 100 100 32 -1 1 0 1 32 33 0 133
1.000000e+03 1.000000e+03 -1.000000e+00 0.000000e+00 3.300000e+04 5.000000e+02 100 100 32 33 2 0 0 33 134 0 33
1.000000e+03 1.000000e+03 0.000000e+00 -1.000000e+00 3.250000e+04 1.000000e+03 100 100 32 -1 3 0 1 133 134 0 233
1.000000e+03 1.000000e+03 0.000000e+00 1.000000e+00 3.350000e+04 0.000000e+00 100 100 33 -1 1 0 1 33 34 0 134
1.000000e+03 1.000000e+03 -1.000000e+00 0.000000e+00 3.400000e+04 5.000000e+02 100 100 33 34 2 0 0 34 135 0 34
1.000000e+03 1.000000e+03 0.000000e+00 -1.000000e+00 3.350000e+04 1.000000e+03 100 100 33 -1 3 0 1 134 135 0 234
1.000000e+03 1.000000e+03 0.000000e+00 1.000000e+00 3.450000e+04 0.000000e+00 100 100 34 -1 1 0 1 34 35 0 135
1.000000e+03 1.000000e+03 -1.000000e+00 0.000000e+00 3.500000e+04 5.000000e+02 100 100 34 35 2 0 0 35 136 0 35
1.000000e+03 1.000000e+03 0.000000e+00 -1.000000e+00 3.450000e+04 1.000000e+03 100 100 34 -1 3 0 1 135 136 0 235
1.000000e+03 1.000000e+03 0.000000e+00 1.000000e+00 3.550000e+04 0.000000e+00 100 100 35 -1 1 0 1 35 36 0 136
1.000000e+03 1.000000e+03 -1.000000e+00 0.000000e+00 3.600000e+04 5.000000e+02 100 100 35 36 2 0 0 36 137 0 36
1.000000e+03 1.000000e+03 0.000000e+00 -1.000000e+00 3.550000e+04 1.000000e+03 100 100 35 -1 3 0 1 136 137 0 236
1.000000e+03 1.000000e+03 0.000000e+00 1.000000e+00 3.650000e+04 0.000000e+00 100 100 36 -1 1 0 1 36 37 0 137
1.000000e+03 1.000000e+03 -1.000000e+00 0.000000e+00 3.700000e+04 5.000000e+02 100 100 36 37 2 0 0 37 138 0 37
1.000000e+03 1.000000e+03 0.000000e+00 -1.000000e+00 3.650000e+04 1.000000e+03 100 100 36 -1 3 0 1 137 138 0 237
1.000000e+03 1.000000e+03 0.000000e+00 1.000000e+00 3.750000e+04 0.000000e+00 100 100 37 -1 1 0 1 37 38 0 138
1.000000e+03 1.000000e+03 -1.000000e+00 0.000000e+00 3.800000e+04 5.000000e+02 100 100 37 38 2 0 0 38 139 0 38
1.000000e+03 1.000000e+03 0.000000e+00 -1.000000e+00 3.750000e+04 1.000000e+03 100 100 37 -1 3 0 1 138 139 0 238
1.000000e+03 1.000000e+03 0.000000e+00 1.000000e+00 3.850000e+04 0.000000e+00 100 100 38 -1 1 0 1 38 39 0 139
1.000000e+03 1.000000e+03 -1.000000e+00 0.000000e+00 3.900000e+04 5.000000e+02 100 100 38 39 2 0 0 39 140 0 39
1.000000e+03 1.000000e+03 0.000000e+00 -1.000000e+00 3.850000e+04 1.000000e+03 100 100 38 -1 3 0 1 139 140 0 239
1.000000e+03 1.000000e+03 0.000000e+00 1.000000e+00 3.950000e+04 0.000000e+00 100 100 39 -1 1 0 1 39 40 0 140
1.000000e+03 1.000000e+03 -1.000000e+00 0.000000e+00 4.000000e+04 5.000000e+02 100 100 39 40 2 0 0 40 141 0 40
1.000000e+03 1.000000e+03 0.000000e+00 -1.000000e+00 3.950000e+04 1.000000e+03 100 100 39 -1 3 0 1 140 141 0 240
1.000000e+03 1.000000e+03 0.000000e+00 1.000000e+00 4.050000e+04 0.000000e+00 100 100 40 -1 1 0 1 40 41 0 141
1.000000e+03 1.000000e+03 -1.000000e+00 0.000000e+00 4.100000e+04 5.000000e+02 100 100 40 41 2 0 0 41 142 0 41
1.000000e+03 1.000000e+03 0.000000e+00 -1.000000e+00 4.050000e+04 1.000000e+03 100 100 40 -1 3 0 1 141 142 0 241
1.000000e+03 1.000000e+03 0.000000e+00 1.000000e+00 4.150000e+04 0.000000e+00 100 100 41 -1 1 0 1 41 42 0 142
1.000000e+03 1.000000e+03 -1.000000e+00 0.000000e+00 4.200000e+04 5.000000e+02 100 100 41 42 2 0 0 42 143 0 42
1.000000e+03 1.000000e+03 0.000000e+00 -1.000000e+00 4.150000e+04 1.000000e+03 100 100 41 -1 3 0 1 142 143 0 242
1.000000e+03 1.000000e+03 0.000000e+00 1.000000e+00 4.250000e+04 0.000000e+00 100 100 42 -1 1 0 1 42 43 0 143
1.000000e+03 1.000000e+03 -1.000000e+00 0.000000e+00 4.300000e+04 5.000000e+02 100 100 42 43 2 0 0 43 144 0 43
1.000000e+03 1.000000e+03 0.000000e+00 -1.000000e+00 4.250000e+04 1.000000e+03 100 100 42 -1 3 0 1 143 144 0 243
1.000000e+03 1.000000e+03 0.000000e+00 1.000000e+00 4.350000e+04 0.000000e+00 100 100 43 -1 1 0 1 43 44 0 144
1.000000e+03 1.000000e+03 -1.000000e+00 0.000000e+00 4.400000e+04 5.000000e+02 100 100 43 44 2 0 0 44 145 0 44
1.000000e+03 1.000000e+03 0.000000e+00 -1.000000e+00 4.350000e+04 1.000000e+03 100 100 43 -1 3 0 1 144 145 0 244
1.000000e+03 1.000000e+03 0.000000e+00 1.000000e+00 4.450000e+04 0.000000e+00 100 100 44 -1 1 0 1 44 45 0 145
1.000000e+03 1.000000e+03 -1.000000e+00 0.000000e+00 4.500000e+04 5.000000e+02 100 100 44 45 2 0 0 45 146 0 45
1.000000e+03 1.000000e+03 0.000000e+00 -1.000000e+00 4.450000e+04 1.000000e+03 100 100 44 -1 3 0 1 145 146 0 245
1.000000e+03 1.000000e+03 0.000000e+00 1.000000e+00 4.550000e+04 0.000000e+00 100 100 45 -1 1 0 1 45 46 0 146
1.000000e+03 1.000000e+03 -1.000000e+00 0.000000e+00 4.600000e+04 5.000000e+02 100 100 45 46 2 0 0 46 147 0 46
1.000000e+03 1.000000e+03 0.000000e+00 -1.000000e+00 4.550000e+04 1.000000e+03 100 100 45 -1 3 0 1 146 147 0 246
1.000000e+03 1.000000e+03 0.000000e+00 1.000000e+00 4.650000e+04 0.000000e+00 100 100 46 -1 1 0 1 46 47 0 147
1.000000e+03 1.000000e+03 -1.000000e+00 0.000000e+00 4.700000e+04 5.000000e+02 100 100 46 47 2 0 0 47 148 0 47
1.000000e+03 1.000000e+03 0.000000e+00 -1.000000e+00 4.650000e+04 1.000000e+03 100 100 46 -1 3 0 1 147 148 0 247
1.000000e+03 1.000000e+03 0.000000e+00 1.000000e+00 4.750000e+04 0.000000e+00 100 100 47 -1 1 0 1 47 48 0 148
1.000000e+03 1.000000e+03 -1.000000e+00 0.000000e+00 4.800000e+04 5.000000e+02 100 100 47 48 2 0 0 48 149 0 48
1.000000e+03 1.000000e+03 0.000000e+00 -1.000000e+00 4.750000e+04 1.000000e+03 100 100 47 -1 3 0 1 148 149 0 248
1.000000e+03 1.000000e+03 0.000000e+00 1.000000e+00 4.850000e+04 0.000000e+00 100 100 48 -1 1 0 1 48 49 0 149
1.000000e+03 1.000000e+03 -1.000000e+00 0.000000e+00 4.900000e+04 5.000000e+02 100 100 48 49 2 0 0 49 150 0 49
1.000000e+03 1.000000e+03 0.000000e+00 -1.000000e+00 4.850000e+04 1.000000e+03 100 100 48 -1 3 0 1 149 150 0 249
1.000000e+03 1.000000e+03 0.000000e+00 1.000000e+00 4.950000e+04 0.000000e+00 100 100 49 -1 1 0 1 49 50 0 150
1.000000e+03 1.000000e+03 -1.000000e+00 0.000000e+00 5.000000e+04 5.000000e+02 100 100 49 50 2 0 0 50 151 0 50
1.000000e+03 1.000000e+03 0.000000e+00 -1.000000e+00 4.950000e+04 1.000000e+03 100 100 49 -1 3 0 1 150 151 0 250
1.000000e+03 1.000000e+03 0.000000e+00 1.000000e+00 5.050000e+04 0.000000e+00 100 100 50 -1 1 0 1 50 51 0 151
1.000000e+03 1.000000e+03 -1.000000e+00 0.000000e+00 5.100000e+04 5.000000e+02 100 100 50 51 2 0 0 51 152 0 51
1.000000e+03 1.000000e+03 0.000000e+00 -1.000000e+00 5.050000e+04 1.000000e+03 100 100 50 -1 3 0 1 151 152 0 251
1.000000e+03 1.000000e+03 0.000000e+00 1.000000e+00 5.150000e+04 0.000000e+00 100 100 51 -1 1 0 1 51 52 0 152
1.000000e+03 1.000000e+03 -1.000000e+00 0.000000e+00 5.200000e+04 5.000000e+02 100 100 51 52 2 0 0 52 153 0 52
1.000000e+03 1.000000e+03 0.000000e+00 -1.000000e+00 5.150000e+04 1.000000e+03 100 100 51 -1 3 0 1 152 153 0 252
1.000000e+03 1.000000e+03 0.000000e+00 1.000000e+00 5.250000e+04 0.000000e+00 100 100 52 -1 1 0 1 52 53 0 153
1.000000e+03 1.000000e+03 -1.000000e+00 0.000000e+00 5.300000e+04 5.000000e+02 100 100 52 53 2 0 0 53 154 0 53
1.000000e+03 1.000000e+03 0.000000e+00 -1.000000e+00 5.250000e+04 1.000000e+03 100 100 52 -1 3 0 1 153 154 0 253
1.000000e+03 1.000000e+03 0.000000e+00 1.000000e+00 5.350000e+04 0.000000e+00 100 100 53 -1 1 0 1 53 54 0 154
1.000000e+03 1.000000e+03 -1.000000e+00 0.000000e+00 5.400000e+04 5.000000e+02 100 100 53 54 2 0 0 54 155 0 54
1.000000e+03 1.000000e+03 0.000000e+00 -1.000000e+00 5.350000e+04 1.000000e+03 100 100 53 -1 3 0 1 154 155 0 254
1.000000e+03 1.000000e+03 0.000000e+00 1.000000e+00 5.450000e+04 0.000000e+00 100 100 54 -1 1 0 1 54 55 0 155
1.000000e+03 1.000000e+03 -1.000000e+00 0.000000e+00 5.500000e+04 5.000000e+02 100 100 54 55 2 0 0 55 156 0 55
1.000000e+03 1.000000e+03 0.000000e+00 -1.000000e+00 5.450000e+04 1.000000e+03 100 100 54 -1 3 0 1 155 156 0 255
1.000000e+03 1.000000e+03 0.000000e+00 1.000000e+00 5.550000e+04 0.000000e+00 100 100 55 -1 1 0 1 55 56 0 156
1.000000e+03 1.000000e+03 -1.000000e+00 0.000000e+00 5.600000e+04 5.000000e+02 100 100 55 56 2 0 0 56 157 0 56
1.000000e+03 1.000000e+03 0.000000e+00 -1.000000e+00 5.550000e+04 1.000000e+03 100 100 55 -1 3 0 1 156 157 0 256
1.000000e+03 1.000000e+03 0.000000e+00 1.000000e+00 5.650000e+04 0.000000e+00 100 100 56 -1 1 0 1 56 57 0 157
1.000000e+03 1.000000e+03 -1.000000e+00 0.000000e+00 5.700000e+04 5.000000e+02 100 100 56 57 2 0 0 57 158 0 57
1.000000e+03 1.000000e+03 0.000000e+00 -1.000000e+00 5.650000e+04 1.000000e+03 100 100 56 -1 3 0 1 157 158 0 257
1.000000e+03 1.000000e+03 0.000000e+00 1.000000e+00 5.750000e+04 0.000000e+00 100 100 57 -1 1 0 1 57 58 0 158
1.000000e+03 1.000000e+03 -1.000000e+00 0.000000e+00 5.800000e+04 5.000000e+02 100 100 57 58 2 0 0 58 159 0 58
1.000000e+03 1.000000e+03 0.000000e+00 -1.000000e+00 5.750000e+04 1.000000e+03 100 100 57 -1 3 0 1 158 159 0 258
1.000000e+03 1.000000e+03 0.000000e+00 1.000000e+00 5.850000e+04 0.000000e+00 100 100 58 -1 1 0 1 58 59 0 159
1.000000e+03 1.000000e+03 -1.000000e+00 0.000000e+00 5.900000e+04 5.000000e+02 100 100 58 59 2 0 0 59 160 0 59
1.000000e+03 1.000000e+03 0.000000e+00 -1.000000e+00 5.850000e+04 1.000000e+03 100 100 58 -1 3 0 1 159 160 0 259
1.000000e+03 1.000000e+03 0.000000e+00 1.000000e+00 5.950000e+04 0.000000e+00 100 100 59 -1 1 0 1 59 60 0 160
1.000000e+03 1.000000e+03 -1.000000e+00 0.000000e+00 6.000000e+04 5.000000e+02 100 100 59 60 2 0 0 60 161 0 60
1.000000e+03 1.000000e+03 0.000000e+00 -1.000000e+00 5.950000e+04 1.000000e+03 100 100 59 -1 3 0 1 160 161 0 260
1.000000e+03 1.000000e+03 0.000000e+00 1.000000e+00 6.050000e+04 0.000000e+00 100 100 60 -1 1 0 1 60 61 0 161
1.000000e+03 1.000000e+03 -1.000000e+00 0.000000e+00 6.100000e+04 5.000000e+02 100 100 60 61 2 0 0 61 162 0 61
1.000000e+03 1.000000e+03 0.000000e+00 -1.000000e+00 6.050000e+04 1.000000e+03 100 100 60 -1 3 0 1 161 162 0 261
1.000000e+03 1.000000e+03 0.000000e+00 1.000000e+00 6.150000e+04 0.000000e+00 100 100 61 -1 1 0 1 61 62 0 162
1.000000e+03 1.000000e+03 -1.000000e+00 0.000000e+00 6.200000e+04 5.000000e+02 100 100 61 62 2 0 0 62 163 0 62
1.000000e+03 1.000000e+03 0.000000e+00 -1.000000e+00 6.150000e+04 1.000000e+03 100 100 61 -1 3 0 1 162 163 0 262
1.000000e+03 1.000000e+03 0.000000e+00 1.000000e+00 6.250000e+04 0.000000e+00 100 100 62 -1 1 0 1 62 63 0 163
1.000000e+03 1.000000e+03 -1.000000e+00 0.000000e+00 6.300000e+04 5.000000e+02 100 100 62 63 2 0 0 63 164 0 63
1.000000e+03 1.000000e+03 0.000000e+00 -1.000000e+00 6.250000e+04 1.000000e+03 100 100 62 -1 3 0 1 163 164 0 263
1.000000e+03 1.000000e+03 0.000000e+00 1.000000e+00 6.350000e+04 0.000000e+00 100 100 63 -1 1 0 1 63 64 0 164
1.000000e+03 1.000000e+03 -1.000000e+00 0.000000e+00 6.400000e+04 5.000000e+02 100 100 63 64 2 0 0 64 165 0 64
1.000000e+03 1.000000e+03 0.000000e+00 -1.000000e+00 6.350000e+04 1.000000e+03 100 100 63 -1 3 0 1 164 165 0 264
1.000000e+03 1.000000e+03 0.000000e+00 1.000000e+00 6.450000e+04 0.000000e+00 100 100 64 -1 1 0 1 64 65 0 165
1.000000e+03 1.000000e+03 -1.000000e+00 0.000000e+00 6.500000e+04 5.000000e+02 100 100 64 65 2 0 0 65 166 0 65
1.000000e+03 1.000000e+03 0.000000e+00 -1.000000e+00 6.450000e+04 1.000000e+03 100 100 64 -1 3 0 1 165 166 0 265
1.000000e+03 1.000000e+03 0.000000e+00 1.000000e+00 6.550000e+04 0.000000e+00 100 100 65 -1 1 0 1 65 66 0 166
1.000000e+03 1.000000e+03 -1.000000e+00 0.000000e+00 6.600000e+04 5.000000e+02 100 100 65 66 2 0 0 66 167 0 66
1.000000e+03 1.000000e+03 0.000000e+00 -1.000000e+00 6.550000e+04 1.000000e+03 100 100 65 -1 3 0 1 166 167 0 266
1.000000e+03 1.000000e+03 0.000000e+00 1.000000e+00 6.650000e+04 0.000000e+00 100 100 66 -1 1 0 1 66 67 0 167
1.000000e+03 1.000000e+03 -1.000000e+00 0.000000e+00 6.700000e+04 5.000000e+02 100 100 66 67 2 0 0 67 168 0 67
1.000000e+03 1.000000e+03 0.000000e+00 -1.000000e+00 6.650000e+04 1.000000e+03 100 100 66 -1 3 0 1 167 168 0 267
1.000000e+03 1.000000e+03 0.000000e+00 1.000000e+00 6.750000e+04 0.000000e+00 100 100 67 -1 1 0 1 67 68 0 168
1.000000e+03 1.000000e+03 -1.000000e+00 0.000000e+00 6.800000e+04 5.000000e+02 100 100 67 68 2 0 0 68 169 0 68
1.000000e+03 1.000000e+03 0.000000e+00 -1.000000e+00 6.750000e+04 1.000000e+03 100 100 67 -1 3 0 1 168 169 0 268
1.000000e+03 1.000000e+03 0.000000e+00 1.000000e+00 6.850000e+04 0.000000e+00 100 100 68 -1 1 0 1 68 69 0 169
1.000000e+03 1.000000e+03 -1.000000e+00 0.000000e+00 6.900000e+04 5.000000e+02 100 100 68 69 2 0 0 69 170 0 69
1.000000e+03 1.000000e+03 0.000000e+00 -1.000000e+00 6.850000e+04 1.000000e+03 100 100 68 -1 3 0 1 169 170 0 269
1.000000e+03 1.000000e+03 0.000000e+00 1.000000e+00 6.950000e+04 0.000000e+00 100 100 69 -1 1 0 1 69 70 0 170
1.000000e+03 1.000000e+03 -1.000000e+00 0.000000e+00 7.000000e+04 5.000000e+02 100 100 69 70 2 0 0 70 171 0 70
1.000000e+03 1.000000e+03 0.000000e+00 -1.000000e+00 6.950000e+04 1.000000e+03 100 100 69 -1 3 0 1 170 171 0 270
1.000000e+03 1.000000e+03 0.000000e+00 1.000000e+00 7.050000e+04 0.000000e+00 100 100 70 -1 1 0 1 70 71 0 171
1.000000e+03 1.000000e+03 -1.000000e+00 0.000000e+00 7.100000e+04 5.000000e+02 100 100 70 71 2 0 0 71 172 0 71
1.000000e+03 1.000000e+03 0.000000e+00 -1.000000e+00 7.050000e+04 1.000000e+03 100 100 70 -1 3 0 1 171 172 0 271
1.000000e+03 1.000000e+03 0.000000e+00 1.000000e+00 7.150000e+04 0.000000e+00 100 100 71 -1 1 0 1 71 72 0 172
1.000000e+03 1.000000e+03 -1.000000e+00 0.000000e+00 7.200000e+04 5.000000e+02 100 100 71 72 2 0 0 72 173 0 72
1.000000e+03 1.000000e+03 0.000000e+00 -1.000000e+00 7.150000e+04 1.000000e+03 100 100 71 -1 3 0 1 172 173 0 272
1.000000e+03 1.000000e+03 0.000000e+00 1.000000e+00 7.250000e+04 0.000000e+00 100 100 72 -1 1 0 1 72 73 0 173
1.000000e+03 1.000000e+03 -1.000000e+00 0.000000e+00 7.300000e+04 5.000000e+02 100 100 72 73 2 0 0 73 174 0 73
1.000000e+03 1.000000e+03 0.000000e+00 -1.000000e+00 7.250000e+04 1.000000e+03 100 100 72 -1 3 0 1 173 174 0 273
1.000000e+03 1.000000e+03 0.000000e+00 1.000000e+00 7.350000e+04 0.000000e+00 100 100 73 -1 1 0 1 73 74 0 174
1.000000e+03 1.000000e+03 -1.000000e+00 0.000000e+00 7.400000e+04 5.000000e+02 100 100 73 74 2 0 0 74 175 0 74
1.000000e+03 1.000000e+03 0.000000e+00 -1.000000e+00 7.350000e+04 1.000000e+03 100 100 73 -1 3 0 1 174 175 0 274
1.000000e+03 1.000000e+03 0.000000e+00 1.000000e+00 7.450000e+04 0.000000e+00 100 100 74 -1 1 0 1 74 75 0 175
1.000000e+03 1.000000e+03 -1.000000e+00 0.000000e+00 7.500000e+04 5.000000e+02 100 100 74 75 2 0 0 75 176 0 75
1.000000e+03 1.000000e+03 0.000000e+00 -1.000000e+00 7.450000e+04 1.000000e+03 100 100 74 -1 3 0 1 175 176 0 275
1.000000e+03 1.000000e+03 0.000000e+00 1.000000e+00 7.550000e+04 0.000000e+00 100 100 75 -1 1 0 1 75 76 0 176
1.000000e+03 1.000000e+03 -1.000000e+00 0.000000e+00 7.600000e+04 5.000000e+02 100 100 75 76 2 0 0 76 177 0 76
1.000000e+03 1.000000e+03 0.000000e+00 -1.000000e+00 7.550000e+04 1.000000e+03 100 100 75 -1 3 0 1 176 177 0 276
1.000000e+03 1.000000e+03 0.000000e+00 1.000000e+00 7.650000e+04 0.000000e+00 100 100 76 -1 1 0 1 76 77 0 177
1.000000e+03 1.000000e+03 -1.000000e+00 0.000000e+00 7.700000e+04 5.000000e+02 100 100 76 77 2 0 0 77 178 0 77
1.000000e+03 1.000000e+03 0.000000e+00 -1.000000e+00 7.650000e+04 1.000000e+03 100 100 76 -1 3 0 1 177 178 0 277
1.000000e+03 1.000000e+03 0.000000e+00 1.000000e+00 7.750000e+04 0.000000e+00 100 100 77 -1 1 0 1 77 78 0 178
1.000000e+03 1.000000e+03 -1.000000e+00 0.000000e+00 7.800000e+04 5.000000e+02 100 100 77 78 2 0 0 78 179 0 78
1.000000e+03 1.000000e+03 0.000000e+00 -1.000000e+00 7.750000e+04 1.000000e+03 100 100 77 -1 3 0 1 178 179 0 278
1.000000e+03 1.000000e+03 0.000000e+00 1.000000e+00 7.850000e+04 0.000000e+00 100 100 78 -1 1 0 1 78 79 0 179
1.000000e+03 1.000000e+03 -1.000000e+00 0.000000e+00 7.900000e+04 5.000000e+02 100 100 78 79 2 0 0 79 180 0 79
1.000000e+03 1.000000e+03 0.000000e+00 -1.000000e+00 7.850000e+04 1.000000e+03 100 100 78 -1 3 0 1 179 180 0 279
1.000000e+03 1.000000e+03 0.000000e+00 1.000000e+00 7.950000e+04 0.000000e+00 100 100 79 -1 1 0 1 79 80 0 180
1.000000e+03 1.000000e+03 -1.000000e+00 0.000000e+00 8.000000e+04 5.000000e+02 100 100 79 80 2 0 0 80 181 0 80
1.000000e+03 1.000000e+03 0.000000e+00 -1.000000e+00 7.950000e+04 1.000000e+03 100 100 79 -1 3 0 1 180 181 0 280
1.000000e+03 1.000000e+03 0.000000e+00 1.000000e+00 8.050000e+04 0.000000e+00 100 100 80 -1 1 0 1 80 81 0 181
1.000000e+03 1.000000e+03 -1.000000e+00 0.000000e+00 8.100000e+04 5.000000e+02 100 100 80 81 2 0 0 81 182 0 81
1.000000e+03 1.000000e+03 0.000000e+00 -1.000000e+00 8.050000e+04 1.000000e+03 100 100 80 -1 3 0 1 181 182 0 281
1.000000e+03 1.000000e+03 0.000000e+00 1.000000e+00 8.150000e+04 0.000000e+00 100 100 81 -1 1 0 1 81 82 0 182
1.000000e+03 1.000000e+03 -1.000000e+00 0.000000e+00 8.200000e+04 5.000000e+02 100 100 81 82 2 0 0 82 183 0 82
1.000000e+03 1.000000e+03 0.000000e+00 -1.000000e+00 8.150000e+04 1.000000e+03 100 100 81 -1 3 0 1 182 183 0 282
1.000000e+03 1.000000e+03 0.000000e+00 1.000000e+00 8.250000e+04 0.000000e+00 100 100 82 -1 1 0 1 82 83 0 183
1.000000e+03 1.000000e+03 -1.000000e+00 0.000000e+00 8.300000e+04 5.000000e+02 100 100 82 83 2 0 0 83 184 0 83
1.000000e+03 1.000000e+03 0.000000e+00 -1.000000e+00 8.250000e+04 1.000000e+03 100 100 82 -1 3 0 1 183 184 0 283
1.000000e+03 1.000000e+03 0.000000e+00 1.000000e+00 8.350000e+04 0.000000e+00 100 100 83 -1 1 0 1 83 84 0 184
1.000000e+03 1.000000e+03 -1.000000e+00 0.000000e+00 8.400000e+04 5.000000e+02 100 100 83 84 2 0 0 84 185 0 84
1.000000e+03 1.000000e+03 0.000000e+00 -1.000000e+00 8.350000e+04 1.000000e+03 100 100 83 -1 3 0 1 184 185 0 284
1.000000e+03 1.000000e+03 0.000000e+00 1.000000e+00 8.450000e+04 0.000000e+00 100 100 84 -1 1 0 1 84 85 0 185
1.000000e+03 1.000000e+03 -1.000000e+00 0.000000e+00 8.500000e+04 5.000000e+02 100 100 84 85 2 0 0 85 186 0 85
1.000000e+03 1.000000e+03 0.000000e+00 -1.000000e+00 8.450000e+04 1.000000e+03 100 100 84 -1 3 0 1 185 186 0 285
1.000000e+03 1.000000e+03 0.000000e+00 1.000000e+00 8.550000e+04 0.000000e+00 100 100 85 -1 1 0 1 85 86 0 186
1.000000e+03 1.000000e+03 -1.000000e+00 0.000000e+00 8.600000e+04 5.000000e+02 100 100 85 86 2 0 0 86 187 0 86
1.000000e+03 1.000000e+03 0.000000e+00 -1.000000e+00 8.550000e+04 1.000000e+03 100 100 85 -1 3 0 1 186 187 0 286
1.000000e+03 1.000000e+03 0.000000e+00 1.000000e+00 8.650000e+04 0.000000e+00 100 100 86 -1 1 0 1 86 87 0 187
1.000000e+03 1.000000e+03 -1.000000e+00 0.000000e+00 8.700000e+04 5.000000e+02 100 100 86 87 2 0 0 87 188 0 87
1.000000e+03 1.000000e+03 0.000000e+00 -1.000000e+00 8.650000e+04 1.000000e+03 100 100 86 -1 3 0 1 187 188 0 287
1.000000e+03 1.000000e+03 0.000000e+00 1.000000e+00 8.750000e+04 0.000000e+00 100 100 87 -1 1 0 1 87 88 0 188
1.000000e+03 1.000000e+03 -1.000000e+00 0.000000e+00 8.800000e+04 5.000000e+02 100 100 87 88 2 0 0 88 189 0 88
1.000000e+03 1.000000e+03 0.000000e+00 -1.000000e+00 8.750000e+04 1.000000e+03 100 100 87 -1 3 0 1 188 189 0 288
1.000000e+03 1.000000e+03 0.000000e+00 1.000000e+00 8.850000e+04 0.000000e+00 100 100 88 -1 1 0 1 88 89 0 189
1.000000e+03 1.000000e+03 -1.000000e+00 0.000000e+00 8.900000e+04 5.000000e+02 100 100 88 89 2 0 0 89 190 0 89
1.000000e+03 1.000000e+03 0.000000e+00 -1.000000e+00 8.850000e+04 1.000000e+03 100 100 88 -1 3 0 1 189 190 0 289
1.000000e+03 1.000000e+03 0.000000e+00 1.000000e+00 8.950000e+04 0.000000e+00 100 100 89 -1 1 0 1 89 90 0 190
1.000000e+03 1.000000e+03 -1.000000e+00 0.000000e+00 9.000000e+04 5.000000e+02 100 100 89 90 2 0 0 90 191 0 90
1.000000e+03 1.000000e+03 0.000000e+00 -1.000000e+00 8.950000e+04 1.000000e+03 100 100 89 -1 3 0 1 190 191 0 290
1.000000e+03 1.000000e+03 0.000000e+00 1.000000e+00 9.050000e+04 0.000000e+00 100 100 90 -1 1 0 1 90 91 0 191
1.000000e+03 1.000000e+03 -1.000000e+00 0.000000e+00 9.100000e+04 5.000000e+02 100 100 90 91 2 0 0 91 192 0 91
1.000000e+03 1.000000e+03 0.000000e+00 -1.000000e+00 9.050000e+04 1.000000e+03 100 100 90 -1 3 0 1 191 192 0 291
1.000000e+03 1.000000e+03 0.000000e+00 1.000000e+00 9.150000e+04 0.000000e+00 100 100 91 -1 1 0 1 91 92 0 192
1.000000e+03 1.000000e+03 -1.000000e+00 0.000000e+00 9.200000e+04 5.000000e+02 100 100 91 92 2 0 0 92 193 0 92
1.000000e+03 1.000000e+03 0.000000e+00 -1.000000e+00 9.150000e+04 1.000000e+03 100 100 91 -1 3 0 1 192 193 0 292
1.000000e+03 1.000000e+03 0.000000e+00 1.000000e+00 9.250000e+04 0.000000e+00 100 100 92 -1 1 0 1 92 93 0 193
1.000000e+03 1.000000e+03 -1.000000e+00 0.000000e+00 9.300000e+04 5.000000e+02 100 100 92 93 2 0 0 93 194 0 93
1.000000e+03 1.000000e+03 0.000000e+00 -1.000000e+00 9.250000e+04 1.000000e+03 100 100 92 -1 3 0 1 193 194 0 293
1.000000e+03 1.000000e+03 0.000000e+00 1.000000e+00 9.350000e+04 0.000000e+00 100 100 93 -1 1 0 1 93 94 0 194
1.000000e+03 1.000000e+03 -1.000000e+00 0.000000e+00 9.400000e+04 5.000000e+02 100 100 93 94 2 0 0 94 195 0 94
1.000000e+03 1.000000e+03 0.000000e+00 -1.000000e+00 9.350000e+04 1.000000e+03 100 100 93 -1 3 0 1 194 195 0 294
1.000000e+03 1.000000e+03 0.000000e+00 1.000000e+00 9.450000e+04 0.000000e+00 100 100 94 -1 1 0 1 94 95 0 195
1.000000e+03 1.000000e+03 -1.000000e+00 0.000000e+00 9.500000e+04 5.000000e+02 100 100 94 95 2 0 0 95 196 0 95
1.000000e+03 1.000000e+03 0.000000e+00 -1.000000e+00 9.450000e+04 1.000000e+03 100 100 94 -1 3 0 1 195 196 0 295
1.000000e+03 1.000000e+03 0.000000e+00 1.000000e+00 9.550000e+04 0.000000e+00 100 100 95 -1 1 0 1 95 96 0 196
1.000000e+03 1.000000e+03 -1.000000e+00 0.000000e+00 9.600000e+04 5.000000e+02 100 100 95 96 2 0 0 96 197 0 96
1.000000e+03 1.000000e+03 0.000000e+00 -1.000000e+00 9.550000e+04 1.000000e+03 100 100 95 -1 3 0 1 196 197 0 296
1.000000e+03 1.000000e+03 0.000000e+00 1.000000e+00 9.650000e+04 0.000000e+00 100 100 96 -1 1 0 1 96 97 0 197
1.000000e+03 1.000000e+03 -1.000000e+00 0.000000e+00 9.700000e+04 5.000000e+02 100 100 96 97 2 0 0 97 198 0 97
1.000000e+03 1.000000e+03 0.000000e+00 -1.000000e+00 9.650000e+04 1.000000e+03 100 100 96 -1 3 0 1 197 198 0 297
1.000000e+03 1.000000e+03 0.000000e+00 1.000000e+00 9.750000e+04 0.000000e+00 100 100 97 -1 1 0 1 97 98 0 198
1.000000e+03 1.000000e+03 -1.000000e+00 0.000000e+00 9.800000e+04 5.000000e+02 100 100 97 98 2 0 0 98 199 0 98
1.000000e+03 1.000000e+03 0.000000e+00 -1.000000e+00 9.750000e+04 1.000000e+03 100 100 97 -1 3 0 1 198 199 0 298
1.000000e+03 1.000000e+03 0.000000e+00 1.000000e+00 9.850000e+04 0.000000e+00 100 100 98 -1 1 0 1 98 99 0 199
1.000000e+03 1.000000e+03 -1.000000e+00 0.000000e+00 9.900000e+04 5.000000e+02 100 100 98 99 2 0 0 99 200 0 99
1.000000e+03 1.000000e+03 0.000000e+00 -1.000000e+00 9.850000e+04 1.000000e+03 100 100 98 -1 3 0 1 199 200 0 299
1.000000e+03 1.000000e+03 0.000000e+00 1.000000e+00 9.950000e+04 0.000000e+00 100 100 99 -1 1 0 1 99 100 0 200
1.000000e+03 1.000000e+03 -1.000000e+00 0.000000e+00 1.000000e+05 5.000000e+02 100 100 99 -1 2 0 1 100 201 0 100
1.000000e+03 1.000000e+03 0.000000e+00 -1.000000e+00 9.950000e+04 1.000000e+03 100 100 99 -1 3 0 1 200 201 0 300
