4 6.2500000000e+01 6.2500000000e+01 1 482 481 0 -1 -1 1 -1
4 1.8750000000e+02 6.2500000000e+01 2 483 482 1 0 -1 2 -1
4 3.1250000000e+02 6.2500000000e+01 3 484 483 2 1 -1 3 -1
4 4.3750000000e+02 6.2500000000e+01 4 485 484 3 2 -1 4 -1
4 5.6250000000e+02 6.2500000000e+01 5 486 485 4 3 -1 5 -1
4 6.8750000000e+02 6.2500000000e+01 6 487 486 5 4 -1 6 -1
4 8.1250000000e+02 6.2500000000e+01 7 488 487 6 5 -1 7 -1
4 9.3750000000e+02 6.2500000000e+01 8 489 488 7 6 -1 8 -1
4 1.0625000000e+03 6.2500000000e+01 9 490 489 8 7 -1 9 -1
4 1.1875000000e+03 6.2500000000e+01 10 491 490 9 8 -1 10 -1
4 1.3125000000e+03 6.2500000000e+01 11 492 491 10 9 -1 11 -1
4 1.4375000000e+03 6.2500000000e+01 12 493 492 11 10 -1 12 -1
4 1.5625000000e+03 6.2500000000e+01 13 494 493 12 11 -1 13 -1
4 1.6875000000e+03 6.2500000000e+01 14 495 494 13 12 -1 14 -1
4 1.8125000000e+03 6.2500000000e+01 15 496 495 14 13 -1 15 -1
4 1.9375000000e+03 6.2500000000e+01 16 497 496 15 14 -1 16 -1
4 2.0625000000e+03 6.2500000000e+01 17 498 497 16 15 -1 17 -1
4 2.1875000000e+03 6.2500000000e+01 18 499 498 17 16 -1 18 -1
4 2.3125000000e+03 6.2500000000e+01 19 500 499 18 17 -1 19 -1
4 2.4375000000e+03 6.2500000000e+01 20 501 500 19 18 -1 20 -1
4 2.5625000000e+03 6.2500000000e+01 21 502 501 20 19 -1 21 -1
4 2.6875000000e+03 6.2500000000e+01 22 503 502 21 20 -1 22 -1
4 2.8125000000e+03 6.2500000000e+01 23 504 503 22 21 -1 23 -1
4 2.9375000000e+03 6.2500000000e+01 24 505 504 23 22 -1 24 -1
4 3.0625000000e+03 6.2500000000e+01 25 506 505 24 23 -1 25 -1
4 3.1875000000e+03 6.2500000000e+01 26 507 506 25 24 -1 26 -1
4 3.3125000000e+03 6.2500000000e+01 27 508 507 26 25 -1 27 -1
4 3.4375000000e+03 6.2500000000e+01 28 509 508 27 26 -1 28 -1
4 3.5625000000e+03 6.2500000000e+01 29 510 509 28 27 -1 29 -1
4 3.6875000000e+03 6.2500000000e+01 30 511 510 29 28 -1 30 -1
4 3.8125000000e+03 6.2500000000e+01 31 512 511 30 29 -1 31 -1
4 3.9375000000e+03 6.2500000000e+01 32 513 512 31 30 -1 32 -1
4 4.0625000000e+03 6.2500000000e+01 33 514 513 32 31 -1 33 -1
4 4.1875000000e+03 6.2500000000e+01 34 515 514 33 32 -1 34 -1
4 4.3125000000e+03 6.2500000000e+01 35 516 515 34 33 -1 35 -1
4 4.4375000000e+03 6.2500000000e+01 36 517 516 35 34 -1 36 -1
4 4.5625000000e+03 6.2500000000e+01 37 518 517 36 35 -1 37 -1
4 4.6875000000e+03 6.2500000000e+01 38 519 518 37 36 -1 38 -1
4 4.8125000000e+03 6.2500000000e+01 39 520 519 38 37 -1 39 -1
4 4.9375000000e+03 6.2500000000e+01 40 521 520 39 38 -1 40 -1
4 5.0625000000e+03 6.2500000000e+01 41 522 521 40 39 -1 41 -1
4 5.1875000000e+03 6.2500000000e+01 42 523 522 41 40 -1 42 -1
4 5.3125000000e+03 6.2500000000e+01 43 524 523 42 41 -1 43 -1
4 5.4375000000e+03 6.2500000000e+01 44 525 524 43 42 -1 44 -1
4 5.5625000000e+03 6.2500000000e+01 45 526 525 44 43 -1 45 -1
4 5.6875000000e+03 6.2500000000e+01 46 527 526 45 44 -1 46 -1
4 5.8125000000e+03 6.2500000000e+01 47 528 527 46 45 -1 47 -1
4 5.9375000000e+03 6.2500000000e+01 48 529 528 47 46 -1 48 -1
4 6.0625000000e+03 6.2500000000e+01 49 530 529 48 47 -1 49 -1
4 6.1875000000e+03 6.2500000000e+01 50 531 530 49 48 -1 50 -1
4 6.3125000000e+03 6.2500000000e+01 51 532 531 50 49 -1 51 -1
4 6.4375000000e+03 6.2500000000e+01 52 533 532 51 50 -1 52 -1
4 6.5625000000e+03 6.2500000000e+01 53 534 533 52 51 -1 53 -1
4 6.6875000000e+03 6.2500000000e+01 54 535 534 53 52 -1 54 -1
4 6.8125000000e+03 6.2500000000e+01 55 536 535 54 53 -1 55 -1
4 6.9375000000e+03 6.2500000000e+01 56 537 536 55 54 -1 56 -1
4 7.0625000000e+03 6.2500000000e+01 57 538 537 56 55 -1 57 -1
4 7.1875000000e+03 6.2500000000e+01 58 539 538 57 56 -1 58 -1
4 7.3125000000e+03 6.2500000000e+01 59 540 539 58 57 -1 59 -1
4 7.4375000000e+03 6.2500000000e+01 60 541 540 59 58 -1 60 -1
4 7.5625000000e+03 6.2500000000e+01 61 542 541 60 59 -1 61 -1
4 7.6875000000e+03 6.2500000000e+01 62 543 542 61 60 -1 62 -1
4 7.8125000000e+03 6.2500000000e+01 63 544 543 62 61 -1 63 -1
4 7.9375000000e+03 6.2500000000e+01 64 545 544 63 62 -1 64 -1
4 8.0625000000e+03 6.2500000000e+01 65 546 545 64 63 -1 65 -1
4 8.1875000000e+03 6.2500000000e+01 66 547 546 65 64 -1 66 -1
4 8.3125000000e+03 6.2500000000e+01 67 548 547 66 65 -1 67 -1
4 8.4375000000e+03 6.2500000000e+01 68 549 548 67 66 -1 68 -1
4 8.5625000000e+03 6.2500000000e+01 69 550 549 68 67 -1 69 -1
4 8.6875000000e+03 6.2500000000e+01 70 551 550 69 68 -1 70 -1
4 8.8125000000e+03 6.2500000000e+01 71 552 551 70 69 -1 71 -1
4 8.9375000000e+03 6.2500000000e+01 72 553 552 71 70 -1 72 -1
4 9.0625000000e+03 6.2500000000e+01 73 554 553 72 71 -1 73 -1
4 9.1875000000e+03 6.2500000000e+01 74 555 554 73 72 -1 74 -1
4 9.3125000000e+03 6.2500000000e+01 75 556 555 74 73 -1 75 -1
4 9.4375000000e+03 6.2500000000e+01 76 557 556 75 74 -1 76 -1
4 9.5625000000e+03 6.2500000000e+01 77 558 557 76 75 -1 77 -1
4 9.6875000000e+03 6.2500000000e+01 78 559 558 77 76 -1 78 -1
4 9.8125000000e+03 6.2500000000e+01 79 560 559 78 77 -1 79 -1
4 9.9375000000e+03 6.2500000000e+01 80 561 560 79 78 -1 80 -1
4 1.0062500000e+04 6.2500000000e+01 81 562 561 80 79 -1 81 -1
4 1.0187500000e+04 6.2500000000e+01 82 563 562 81 80 -1 82 -1
4 1.0312500000e+04 6.2500000000e+01 83 564 563 82 81 -1 83 -1
4 1.0437500000e+04 6.2500000000e+01 84 565 564 83 82 -1 84 -1
4 1.0562500000e+04 6.2500000000e+01 85 566 565 84 83 -1 85 -1
4 1.0687500000e+04 6.2500000000e+01 86 567 566 85 84 -1 86 -1
4 1.0812500000e+04 6.2500000000e+01 87 568 567 86 85 -1 87 -1
4 1.0937500000e+04 6.2500000000e+01 88 569 568 87 86 -1 88 -1
4 1.1062500000e+04 6.2500000000e+01 89 570 569 88 87 -1 89 -1
4 1.1187500000e+04 6.2500000000e+01 90 571 570 89 88 -1 90 -1
4 1.1312500000e+04 6.2500000000e+01 91 572 571 90 89 -1 91 -1
4 1.1437500000e+04 6.2500000000e+01 92 573 572 91 90 -1 92 -1
4 1.1562500000e+04 6.2500000000e+01 93 574 573 92 91 -1 93 -1
4 1.1687500000e+04 6.2500000000e+01 94 575 574 93 92 -1 94 -1
4 1.1812500000e+04 6.2500000000e+01 95 576 575 94 93 -1 95 -1
4 1.1937500000e+04 6.2500000000e+01 96 577 576 95 94 -1 96 -1
4 1.2062500000e+04 6.2500000000e+01 97 578 577 96 95 -1 97 -1
4 1.2187500000e+04 6.2500000000e+01 98 579 578 97 96 -1 98 -1
4 1.2312500000e+04 6.2500000000e+01 99 580 579 98 97 -1 99 -1
4 1.2437500000e+04 6.2500000000e+01 100 581 580 99 98 -1 100 -1
4 1.2562500000e+04 6.2500000000e+01 101 582 581 100 99 -1 101 -1
4 1.2687500000e+04 6.2500000000e+01 102 583 582 101 100 -1 102 -1
4 1.2812500000e+04 6.2500000000e+01 103 584 583 102 101 -1 103 -1
4 1.2937500000e+04 6.2500000000e+01 104 585 584 103 102 -1 104 -1
4 1.3062500000e+04 6.2500000000e+01 105 586 585 104 103 -1 105 -1
4 1.3187500000e+04 6.2500000000e+01 106 587 586 105 104 -1 106 -1
4 1.3312500000e+04 6.2500000000e+01 107 588 587 106 105 -1 107 -1
4 1.3437500000e+04 6.2500000000e+01 108 589 588 107 106 -1 108 -1
4 1.3562500000e+04 6.2500000000e+01 109 590 589 108 107 -1 109 -1
4 1.3687500000e+04 6.2500000000e+01 110 591 590 109 108 -1 110 -1
4 1.3812500000e+04 6.2500000000e+01 111 592 591 110 109 -1 111 -1
4 1.3937500000e+04 6.2500000000e+01 112 593 592 111 110 -1 112 -1
4 1.4062500000e+04 6.2500000000e+01 113 594 593 112 111 -1 113 -1
4 1.4187500000e+04 6.2500000000e+01 114 595 594 113 112 -1 114 -1
4 1.4312500000e+04 6.2500000000e+01 115 596 595 114 113 -1 115 -1
4 1.4437500000e+04 6.2500000000e+01 116 597 596 115 114 -1 116 -1
4 1.4562500000e+04 6.2500000000e+01 117 598 597 116 115 -1 117 -1
4 1.4687500000e+04 6.2500000000e+01 118 599 598 117 116 -1 118 -1
4 1.4812500000e+04 6.2500000000e+01 119 600 599 118 117 -1 119 -1
4 1.4937500000e+04 6.2500000000e+01 120 601 600 119 118 -1 120 -1
4 1.5062500000e+04 6.2500000000e+01 121 602 601 120 119 -1 121 -1
4 1.5187500000e+04 6.2500000000e+01 122 603 602 121 120 -1 122 -1
4 1.5312500000e+04 6.2500000000e+01 123 604 603 122 121 -1 123 -1
4 1.5437500000e+04 6.2500000000e+01 124 605 604 123 122 -1 124 -1
4 1.5562500000e+04 6.2500000000e+01 125 606 605 124 123 -1 125 -1
4 1.5687500000e+04 6.2500000000e+01 126 607 606 125 124 -1 126 -1
4 1.5812500000e+04 6.2500000000e+01 127 608 607 126 125 -1 127 -1
4 1.5937500000e+04 6.2500000000e+01 128 609 608 127 126 -1 128 -1
4 1.6062500000e+04 6.2500000000e+01 129 610 609 128 127 -1 129 -1
4 1.6187500000e+04 6.2500000000e+01 130 611 610 129 128 -1 130 -1
4 1.6312500000e+04 6.2500000000e+01 131 612 611 130 129 -1 131 -1
4 1.6437500000e+04 6.2500000000e+01 132 613 612 131 130 -1 132 -1
4 1.6562500000e+04 6.2500000000e+01 133 614 613 132 131 -1 133 -1
4 1.6687500000e+04 6.2500000000e+01 134 615 614 133 132 -1 134 -1
4 1.6812500000e+04 6.2500000000e+01 135 616 615 134 133 -1 135 -1
4 1.6937500000e+04 6.2500000000e+01 136 617 616 135 134 -1 136 -1
4 1.7062500000e+04 6.2500000000e+01 137 618 617 136 135 -1 137 -1
4 1.7187500000e+04 6.2500000000e+01 138 619 618 137 136 -1 138 -1
4 1.7312500000e+04 6.2500000000e+01 139 620 619 138 137 -1 139 -1
4 1.7437500000e+04 6.2500000000e+01 140 621 620 139 138 -1 140 -1
4 1.7562500000e+04 6.2500000000e+01 141 622 621 140 139 -1 141 -1
4 1.7687500000e+04 6.2500000000e+01 142 623 622 141 140 -1 142 -1
4 1.7812500000e+04 6.2500000000e+01 143 624 623 142 141 -1 143 -1
4 1.7937500000e+04 6.2500000000e+01 144 625 624 143 142 -1 144 -1
4 1.8062500000e+04 6.2500000000e+01 145 626 625 144 143 -1 145 -1
4 1.8187500000e+04 6.2500000000e+01 146 627 626 145 144 -1 146 -1
4 1.8312500000e+04 6.2500000000e+01 147 628 627 146 145 -1 147 -1
4 1.8437500000e+04 6.2500000000e+01 148 629 628 147 146 -1 148 -1
4 1.8562500000e+04 6.2500000000e+01 149 630 629 148 147 -1 149 -1
4 1.8687500000e+04 6.2500000000e+01 150 631 630 149 148 -1 150 -1
4 1.8812500000e+04 6.2500000000e+01 151 632 631 150 149 -1 151 -1
4 1.8937500000e+04 6.2500000000e+01 152 633 632 151 150 -1 152 -1
4 1.9062500000e+04 6.2500000000e+01 153 634 633 152 151 -1 153 -1
4 1.9187500000e+04 6.2500000000e+01 154 635 634 153 152 -1 154 -1
4 1.9312500000e+04 6.2500000000e+01 155 636 635 154 153 -1 155 -1
4 1.9437500000e+04 6.2500000000e+01 156 637 636 155 154 -1 156 -1
4 1.9562500000e+04 6.2500000000e+01 157 638 637 156 155 -1 157 -1
4 1.9687500000e+04 6.2500000000e+01 158 639 638 157 156 -1 158 -1
4 1.9812500000e+04 6.2500000000e+01 159 640 639 158 157 -1 159 -1
4 1.9937500000e+04 6.2500000000e+01 160 641 640 159 158 -1 160 -1
4 2.0062500000e+04 6.2500000000e+01 161 642 641 160 159 -1 161 -1
4 2.0187500000e+04 6.2500000000e+01 162 643 642 161 160 -1 162 -1
4 2.0312500000e+04 6.2500000000e+01 163 644 643 162 161 -1 163 -1
4 2.0437500000e+04 6.2500000000e+01 164 645 644 163 162 -1 164 -1
4 2.0562500000e+04 6.2500000000e+01 165 646 645 164 163 -1 165 -1
4 2.0687500000e+04 6.2500000000e+01 166 647 646 165 164 -1 166 -1
4 2.0812500000e+04 6.2500000000e+01 167 648 647 166 165 -1 167 -1
4 2.0937500000e+04 6.2500000000e+01 168 649 648 167 166 -1 168 -1
4 2.1062500000e+04 6.2500000000e+01 169 650 649 168 167 -1 169 -1
4 2.1187500000e+04 6.2500000000e+01 170 651 650 169 168 -1 170 -1
4 2.1312500000e+04 6.2500000000e+01 171 652 651 170 169 -1 171 -1
4 2.1437500000e+04 6.2500000000e+01 172 653 652 171 170 -1 172 -1
4 2.1562500000e+04 6.2500000000e+01 173 654 653 172 171 -1 173 -1
4 2.1687500000e+04 6.2500000000e+01 174 655 654 173 172 -1 174 -1
4 2.1812500000e+04 6.2500000000e+01 175 656 655 174 173 -1 175 -1
4 2.1937500000e+04 6.2500000000e+01 176 657 656 175 174 -1 176 -1
4 2.2062500000e+04 6.2500000000e+01 177 658 657 176 175 -1 177 -1
4 2.2187500000e+04 6.2500000000e+01 178 659 658 177 176 -1 178 -1
4 2.2312500000e+04 6.2500000000e+01 179 660 659 178 177 -1 179 -1
4 2.2437500000e+04 6.2500000000e+01 180 661 660 179 178 -1 180 -1
4 2.2562500000e+04 6.2500000000e+01 181 662 661 180 179 -1 181 -1
4 2.2687500000e+04 6.2500000000e+01 182 663 662 181 180 -1 182 -1
4 2.2812500000e+04 6.2500000000e+01 183 664 663 182 181 -1 183 -1
4 2.2937500000e+04 6.2500000000e+01 184 665 664 183 182 -1 184 -1
4 2.3062500000e+04 6.2500000000e+01 185 666 665 184 183 -1 185 -1
4 2.3187500000e+04 6.2500000000e+01 186 667 666 185 184 -1 186 -1
4 2.3312500000e+04 6.2500000000e+01 187 668 667 186 185 -1 187 -1
4 2.3437500000e+04 6.2500000000e+01 188 669 668 187 186 -1 188 -1
4 2.3562500000e+04 6.2500000000e+01 189 670 669 188 187 -1 189 -1
4 2.3687500000e+04 6.2500000000e+01 190 671 670 189 188 -1 190 -1
4 2.3812500000e+04 6.2500000000e+01 191 672 671 190 189 -1 191 -1
4 2.3937500000e+04 6.2500000000e+01 192 673 672 191 190 -1 192 -1
4 2.4062500000e+04 6.2500000000e+01 193 674 673 192 191 -1 193 -1
4 2.4187500000e+04 6.2500000000e+01 194 675 674 193 192 -1 194 -1
4 2.4312500000e+04 6.2500000000e+01 195 676 675 194 193 -1 195 -1
4 2.4437500000e+04 6.2500000000e+01 196 677 676 195 194 -1 196 -1
4 2.4562500000e+04 6.2500000000e+01 197 678 677 196 195 -1 197 -1
4 2.4687500000e+04 6.2500000000e+01 198 679 678 197 196 -1 198 -1
4 2.4812500000e+04 6.2500000000e+01 199 680 679 198 197 -1 199 -1
4 2.4937500000e+04 6.2500000000e+01 200 681 680 199 198 -1 200 -1
4 2.5062500000e+04 6.2500000000e+01 201 682 681 200 199 -1 201 -1
4 2.5187500000e+04 6.2500000000e+01 202 683 682 201 200 -1 202 -1
4 2.5312500000e+04 6.2500000000e+01 203 684 683 202 201 -1 203 -1
4 2.5437500000e+04 6.2500000000e+01 204 685 684 203 202 -1 204 -1
4 2.5562500000e+04 6.2500000000e+01 205 686 685 204 203 -1 205 -1
4 2.5687500000e+04 6.2500000000e+01 206 687 686 205 204 -1 206 -1
4 2.5812500000e+04 6.2500000000e+01 207 688 687 206 205 -1 207 -1
4 2.5937500000e+04 6.2500000000e+01 208 689 688 207 206 -1 208 -1
4 2.6062500000e+04 6.2500000000e+01 209 690 689 208 207 -1 209 -1
4 2.6187500000e+04 6.2500000000e+01 210 691 690 209 208 -1 210 -1
4 2.6312500000e+04 6.2500000000e+01 211 692 691 210 209 -1 211 -1
4 2.6437500000e+04 6.2500000000e+01 212 693 692 211 210 -1 212 -1
4 2.6562500000e+04 6.2500000000e+01 213 694 693 212 211 -1 213 -1
4 2.6687500000e+04 6.2500000000e+01 214 695 694 213 212 -1 214 -1
4 2.6812500000e+04 6.2500000000e+01 215 696 695 214 213 -1 215 -1
4 2.6937500000e+04 6.2500000000e+01 216 697 696 215 214 -1 216 -1
4 2.7062500000e+04 6.2500000000e+01 217 698 697 216 215 -1 217 -1
4 2.7187500000e+04 6.2500000000e+01 218 699 698 217 216 -1 218 -1
4 2.7312500000e+04 6.2500000000e+01 219 700 699 218 217 -1 219 -1
4 2.7437500000e+04 6.2500000000e+01 220 701 700 219 218 -1 220 -1
4 2.7562500000e+04 6.2500000000e+01 221 702 701 220 219 -1 221 -1
4 2.7687500000e+04 6.2500000000e+01 222 703 702 221 220 -1 222 -1
4 2.7812500000e+04 6.2500000000e+01 223 704 703 222 221 -1 223 -1
4 2.7937500000e+04 6.2500000000e+01 224 705 704 223 222 -1 224 -1
4 2.8062500000e+04 6.2500000000e+01 225 706 705 224 223 -1 225 -1
4 2.8187500000e+04 6.2500000000e+01 226 707 706 225 224 -1 226 -1
4 2.8312500000e+04 6.2500000000e+01 227 708 707 226 225 -1 227 -1
4 2.8437500000e+04 6.2500000000e+01 228 709 708 227 226 -1 228 -1
4 2.8562500000e+04 6.2500000000e+01 229 710 709 228 227 -1 229 -1
4 2.8687500000e+04 6.2500000000e+01 230 711 710 229 228 -1 230 -1
4 2.8812500000e+04 6.2500000000e+01 231 712 711 230 229 -1 231 -1
4 2.8937500000e+04 6.2500000000e+01 232 713 712 231 230 -1 232 -1
4 2.9062500000e+04 6.2500000000e+01 233 714 713 232 231 -1 233 -1
4 2.9187500000e+04 6.2500000000e+01 234 715 714 233 232 -1 234 -1
4 2.9312500000e+04 6.2500000000e+01 235 716 715 234 233 -1 235 -1
4 2.9437500000e+04 6.2500000000e+01 236 717 716 235 234 -1 236 -1
4 2.9562500000e+04 6.2500000000e+01 237 718 717 236 235 -1 237 -1
4 2.9687500000e+04 6.2500000000e+01 238 719 718 237 236 -1 238 -1
4 2.9812500000e+04 6.2500000000e+01 239 720 719 238 237 -1 239 -1
4 2.9937500000e+04 6.2500000000e+01 240 721 720 239 238 -1 240 -1
4 3.0062500000e+04 6.2500000000e+01 241 722 721 240 239 -1 241 -1
4 3.0187500000e+04 6.2500000000e+01 242 723 722 241 240 -1 242 -1
4 3.0312500000e+04 6.2500000000e+01 243 724 723 242 241 -1 243 -1
4 3.0437500000e+04 6.2500000000e+01 244 725 724 243 242 -1 244 -1
4 3.0562500000e+04 6.2500000000e+01 245 726 725 244 243 -1 245 -1
4 3.0687500000e+04 6.2500000000e+01 246 727 726 245 244 -1 246 -1
4 3.0812500000e+04 6.2500000000e+01 247 728 727 246 245 -1 247 -1
4 3.0937500000e+04 6.2500000000e+01 248 729 728 247 246 -1 248 -1
4 3.1062500000e+04 6.2500000000e+01 249 730 729 248 247 -1 249 -1
4 3.1187500000e+04 6.2500000000e+01 250 731 730 249 248 -1 250 -1
4 3.1312500000e+04 6.2500000000e+01 251 732 731 250 249 -1 251 -1
4 3.1437500000e+04 6.2500000000e+01 252 733 732 251 250 -1 252 -1
4 3.1562500000e+04 6.2500000000e+01 253 734 733 252 251 -1 253 -1
4 3.1687500000e+04 6.2500000000e+01 254 735 734 253 252 -1 254 -1
4 3.1812500000e+04 6.2500000000e+01 255 736 735 254 253 -1 255 -1
4 3.1937500000e+04 6.2500000000e+01 256 737 736 255 254 -1 256 -1
4 3.2062500000e+04 6.2500000000e+01 257 738 737 256 255 -1 257 -1
4 3.2187500000e+04 6.2500000000e+01 258 739 738 257 256 -1 258 -1
4 3.2312500000e+04 6.2500000000e+01 259 740 739 258 257 -1 259 -1
4 3.2437500000e+04 6.2500000000e+01 260 741 740 259 258 -1 260 -1
4 3.2562500000e+04 6.2500000000e+01 261 742 741 260 259 -1 261 -1
4 3.2687500000e+04 6.2500000000e+01 262 743 742 261 260 -1 262 -1
4 3.2812500000e+04 6.2500000000e+01 263 744 743 262 261 -1 263 -1
4 3.2937500000e+04 6.2500000000e+01 264 745 744 263 262 -1 264 -1
4 3.3062500000e+04 6.2500000000e+01 265 746 745 264 263 -1 265 -1
4 3.3187500000e+04 6.2500000000e+01 266 747 746 265 264 -1 266 -1
4 3.3312500000e+04 6.2500000000e+01 267 748 747 266 265 -1 267 -1
4 3.3437500000e+04 6.2500000000e+01 268 749 748 267 266 -1 268 -1
4 3.3562500000e+04 6.2500000000e+01 269 750 749 268 267 -1 269 -1
4 3.3687500000e+04 6.2500000000e+01 270 751 750 269 268 -1 270 -1
4 3.3812500000e+04 6.2500000000e+01 271 752 751 270 269 -1 271 -1
4 3.3937500000e+04 6.2500000000e+01 272 753 752 271 270 -1 272 -1
4 3.4062500000e+04 6.2500000000e+01 273 754 753 272 271 -1 273 -1
4 3.4187500000e+04 6.2500000000e+01 274 755 754 273 272 -1 274 -1
4 3.4312500000e+04 6.2500000000e+01 275 756 755 274 273 -1 275 -1
4 3.4437500000e+04 6.2500000000e+01 276 757 756 275 274 -1 276 -1
4 3.4562500000e+04 6.2500000000e+01 277 758 757 276 275 -1 277 -1
4 3.4687500000e+04 6.2500000000e+01 278 759 758 277 276 -1 278 -1
4 3.4812500000e+04 6.2500000000e+01 279 760 759 278 277 -1 279 -1
4 3.4937500000e+04 6.2500000000e+01 280 761 760 279 278 -1 280 -1
4 3.5062500000e+04 6.2500000000e+01 281 762 761 280 279 -1 281 -1
4 3.5187500000e+04 6.2500000000e+01 282 763 762 281 280 -1 282 -1
4 3.5312500000e+04 6.2500000000e+01 283 764 763 282 281 -1 283 -1
4 3.5437500000e+04 6.2500000000e+01 284 765 764 283 282 -1 284 -1
4 3.5562500000e+04 6.2500000000e+01 285 766 765 284 283 -1 285 -1
4 3.5687500000e+04 6.2500000000e+01 286 767 766 285 284 -1 286 -1
4 3.5812500000e+04 6.2500000000e+01 287 768 767 286 285 -1 287 -1
4 3.5937500000e+04 6.2500000000e+01 288 769 768 287 286 -1 288 -1
4 3.6062500000e+04 6.2500000000e+01 289 770 769 288 287 -1 289 -1
4 3.6187500000e+04 6.2500000000e+01 290 771 770 289 288 -1 290 -1
4 3.6312500000e+04 6.2500000000e+01 291 772 771 290 289 -1 291 -1
4 3.6437500000e+04 6.2500000000e+01 292 773 772 291 290 -1 292 -1
4 3.6562500000e+04 6.2500000000e+01 293 774 773 292 291 -1 293 -1
4 3.6687500000e+04 6.2500000000e+01 294 775 774 293 292 -1 294 -1
4 3.6812500000e+04 6.2500000000e+01 295 776 775 294 293 -1 295 -1
4 3.6937500000e+04 6.2500000000e+01 296 777 776 295 294 -1 296 -1
4 3.7062500000e+04 6.2500000000e+01 297 778 777 296 295 -1 297 -1
4 3.7187500000e+04 6.2500000000e+01 298 779 778 297 296 -1 298 -1
4 3.7312500000e+04 6.2500000000e+01 299 780 779 298 297 -1 299 -1
4 3.7437500000e+04 6.2500000000e+01 300 781 780 299 298 -1 300 -1
4 3.7562500000e+04 6.2500000000e+01 301 782 781 300 299 -1 301 -1
4 3.7687500000e+04 6.2500000000e+01 302 783 782 301 300 -1 302 -1
4 3.7812500000e+04 6.2500000000e+01 303 784 783 302 301 -1 303 -1
4 3.7937500000e+04 6.2500000000e+01 304 785 784 303 302 -1 304 -1
4 3.8062500000e+04 6.2500000000e+01 305 786 785 304 303 -1 305 -1
4 3.8187500000e+04 6.2500000000e+01 306 787 786 305 304 -1 306 -1
4 3.8312500000e+04 6.2500000000e+01 307 788 787 306 305 -1 307 -1
4 3.8437500000e+04 6.2500000000e+01 308 789 788 307 306 -1 308 -1
4 3.8562500000e+04 6.2500000000e+01 309 790 789 308 307 -1 309 -1
4 3.8687500000e+04 6.2500000000e+01 310 791 790 309 308 -1 310 -1
4 3.8812500000e+04 6.2500000000e+01 311 792 791 310 309 -1 311 -1
4 3.8937500000e+04 6.2500000000e+01 312 793 792 311 310 -1 312 -1
4 3.9062500000e+04 6.2500000000e+01 313 794 793 312 311 -1 313 -1
4 3.9187500000e+04 6.2500000000e+01 314 795 794 313 312 -1 314 -1
4 3.9312500000e+04 6.2500000000e+01 315 796 795 314 313 -1 315 -1
4 3.9437500000e+04 6.2500000000e+01 316 797 796 315 314 -1 316 -1
4 3.9562500000e+04 6.2500000000e+01 317 798 797 316 315 -1 317 -1
4 3.9687500000e+04 6.2500000000e+01 318 799 798 317 316 -1 318 -1
4 3.9812500000e+04 6.2500000000e+01 319 800 799 318 317 -1 319 -1
4 3.9937500000e+04 6.2500000000e+01 320 801 800 319 318 -1 320 -1
4 4.0062500000e+04 6.2500000000e+01 321 802 801 320 319 -1 321 -1
4 4.0187500000e+04 6.2500000000e+01 322 803 802 321 320 -1 322 -1
4 4.0312500000e+04 6.2500000000e+01 323 804 803 322 321 -1 323 -1
4 4.0437500000e+04 6.2500000000e+01 324 805 804 323 322 -1 324 -1
4 4.0562500000e+04 6.2500000000e+01 325 806 805 324 323 -1 325 -1
4 4.0687500000e+04 6.2500000000e+01 326 807 806 325 324 -1 326 -1
4 4.0812500000e+04 6.2500000000e+01 327 808 807 326 325 -1 327 -1
4 4.0937500000e+04 6.2500000000e+01 328 809 808 327 326 -1 328 -1
4 4.1062500000e+04 6.2500000000e+01 329 810 809 328 327 -1 329 -1
4 4.1187500000e+04 6.2500000000e+01 330 811 810 329 328 -1 330 -1
4 4.1312500000e+04 6.2500000000e+01 331 812 811 330 329 -1 331 -1
4 4.1437500000e+04 6.2500000000e+01 332 813 812 331 330 -1 332 -1
4 4.1562500000e+04 6.2500000000e+01 333 814 813 332 331 -1 333 -1
4 4.1687500000e+04 6.2500000000e+01 334 815 814 333 332 -1 334 -1
4 4.1812500000e+04 6.2500000000e+01 335 816 815 334 333 -1 335 -1
4 4.1937500000e+04 6.2500000000e+01 336 817 816 335 334 -1 336 -1
4 4.2062500000e+04 6.2500000000e+01 337 818 817 336 335 -1 337 -1
4 4.2187500000e+04 6.2500000000e+01 338 819 818 337 336 -1 338 -1
4 4.2312500000e+04 6.2500000000e+01 339 820 819 338 337 -1 339 -1
4 4.2437500000e+04 6.2500000000e+01 340 821 820 339 338 -1 340 -1
4 4.2562500000e+04 6.2500000000e+01 341 822 821 340 339 -1 341 -1
4 4.2687500000e+04 6.2500000000e+01 342 823 822 341 340 -1 342 -1
4 4.2812500000e+04 6.2500000000e+01 343 824 823 342 341 -1 343 -1
4 4.2937500000e+04 6.2500000000e+01 344 825 824 343 342 -1 344 -1
4 4.3062500000e+04 6.2500000000e+01 345 826 825 344 343 -1 345 -1
4 4.3187500000e+04 6.2500000000e+01 346 827 826 345 344 -1 346 -1
4 4.3312500000e+04 6.2500000000e+01 347 828 827 346 345 -1 347 -1
4 4.3437500000e+04 6.2500000000e+01 348 829 828 347 346 -1 348 -1
4 4.3562500000e+04 6.2500000000e+01 349 830 829 348 347 -1 349 -1
4 4.3687500000e+04 6.2500000000e+01 350 831 830 349 348 -1 350 -1
4 4.3812500000e+04 6.2500000000e+01 351 832 831 350 349 -1 351 -1
4 4.3937500000e+04 6.2500000000e+01 352 833 832 351 350 -1 352 -1
4 4.4062500000e+04 6.2500000000e+01 353 834 833 352 351 -1 353 -1
4 4.4187500000e+04 6.2500000000e+01 354 835 834 353 352 -1 354 -1
4 4.4312500000e+04 6.2500000000e+01 355 836 835 354 353 -1 355 -1
4 4.4437500000e+04 6.2500000000e+01 356 837 836 355 354 -1 356 -1
4 4.4562500000e+04 6.2500000000e+01 357 838 837 356 355 -1 357 -1
4 4.4687500000e+04 6.2500000000e+01 358 839 838 357 356 -1 358 -1
4 4.4812500000e+04 6.2500000000e+01 359 840 839 358 357 -1 359 -1
4 4.4937500000e+04 6.2500000000e+01 360 841 840 359 358 -1 360 -1
4 4.5062500000e+04 6.2500000000e+01 361 842 841 360 359 -1 361 -1
4 4.5187500000e+04 6.2500000000e+01 362 843 842 361 360 -1 362 -1
4 4.5312500000e+04 6.2500000000e+01 363 844 843 362 361 -1 363 -1
4 4.5437500000e+04 6.2500000000e+01 364 845 844 363 362 -1 364 -1
4 4.5562500000e+04 6.2500000000e+01 365 846 845 364 363 -1 365 -1
4 4.5687500000e+04 6.2500000000e+01 366 847 846 365 364 -1 366 -1
4 4.5812500000e+04 6.2500000000e+01 367 848 847 366 365 -1 367 -1
4 4.5937500000e+04 6.2500000000e+01 368 849 848 367 366 -1 368 -1
4 4.6062500000e+04 6.2500000000e+01 369 850 849 368 367 -1 369 -1
4 4.6187500000e+04 6.2500000000e+01 370 851 850 369 368 -1 370 -1
4 4.6312500000e+04 6.2500000000e+01 371 852 851 370 369 -1 371 -1
4 4.6437500000e+04 6.2500000000e+01 372 853 852 371 370 -1 372 -1
4 4.6562500000e+04 6.2500000000e+01 373 854 853 372 371 -1 373 -1
4 4.6687500000e+04 6.2500000000e+01 374 855 854 373 372 -1 374 -1
4 4.6812500000e+04 6.2500000000e+01 375 856 855 374 373 -1 375 -1
4 4.6937500000e+04 6.2500000000e+01 376 857 856 375 374 -1 376 -1
4 4.7062500000e+04 6.2500000000e+01 377 858 857 376 375 -1 377 -1
4 4.7187500000e+04 6.2500000000e+01 378 859 858 377 376 -1 378 -1
4 4.7312500000e+04 6.2500000000e+01 379 860 859 378 377 -1 379 -1
4 4.7437500000e+04 6.2500000000e+01 380 861 860 379 378 -1 380 -1
4 4.7562500000e+04 6.2500000000e+01 381 862 861 380 379 -1 381 -1
4 4.7687500000e+04 6.2500000000e+01 382 863 862 381 380 -1 382 -1
4 4.7812500000e+04 6.2500000000e+01 383 864 863 382 381 -1 383 -1
4 4.7937500000e+04 6.2500000000e+01 384 865 864 383 382 -1 384 -1
4 4.8062500000e+04 6.2500000000e+01 385 866 865 384 383 -1 385 -1
4 4.8187500000e+04 6.2500000000e+01 386 867 866 385 384 -1 386 -1
4 4.8312500000e+04 6.2500000000e+01 387 868 867 386 385 -1 387 -1
4 4.8437500000e+04 6.2500000000e+01 388 869 868 387 386 -1 388 -1
4 4.8562500000e+04 6.2500000000e+01 389 870 869 388 387 -1 389 -1
4 4.8687500000e+04 6.2500000000e+01 390 871 870 389 388 -1 390 -1
4 4.8812500000e+04 6.2500000000e+01 391 872 871 390 389 -1 391 -1
4 4.8937500000e+04 6.2500000000e+01 392 873 872 391 390 -1 392 -1
4 4.9062500000e+04 6.2500000000e+01 393 874 873 392 391 -1 393 -1
4 4.9187500000e+04 6.2500000000e+01 394 875 874 393 392 -1 394 -1
4 4.9312500000e+04 6.2500000000e+01 395 876 875 394 393 -1 395 -1
4 4.9437500000e+04 6.2500000000e+01 396 877 876 395 394 -1 396 -1
4 4.9562500000e+04 6.2500000000e+01 397 878 877 396 395 -1 397 -1
4 4.9687500000e+04 6.2500000000e+01 398 879 878 397 396 -1 398 -1
4 4.9812500000e+04 6.2500000000e+01 399 880 879 398 397 -1 399 -1
4 4.9937500000e+04 6.2500000000e+01 400 881 880 399 398 -1 400 -1
4 5.0062500000e+04 6.2500000000e+01 401 882 881 400 399 -1 401 -1
4 5.0187500000e+04 6.2500000000e+01 402 883 882 401 400 -1 402 -1
4 5.0312500000e+04 6.2500000000e+01 403 884 883 402 401 -1 403 -1
4 5.0437500000e+04 6.2500000000e+01 404 885 884 403 402 -1 404 -1
4 5.0562500000e+04 6.2500000000e+01 405 886 885 404 403 -1 405 -1
4 5.0687500000e+04 6.2500000000e+01 406 887 886 405 404 -1 406 -1
4 5.0812500000e+04 6.2500000000e+01 407 888 887 406 405 -1 407 -1
4 5.0937500000e+04 6.2500000000e+01 408 889 888 407 406 -1 408 -1
4 5.1062500000e+04 6.2500000000e+01 409 890 889 408 407 -1 409 -1
4 5.1187500000e+04 6.2500000000e+01 410 891 890 409 408 -1 410 -1
4 5.1312500000e+04 6.2500000000e+01 411 892 891 410 409 -1 411 -1
4 5.1437500000e+04 6.2500000000e+01 412 893 892 411 410 -1 412 -1
4 5.1562500000e+04 6.2500000000e+01 413 894 893 412 411 -1 413 -1
4 5.1687500000e+04 6.2500000000e+01 414 895 894 413 412 -1 414 -1
4 5.1812500000e+04 6.2500000000e+01 415 896 895 414 413 -1 415 -1
4 5.1937500000e+04 6.2500000000e+01 416 897 896 415 414 -1 416 -1
4 5.2062500000e+04 6.2500000000e+01 417 898 897 416 415 -1 417 -1
4 5.2187500000e+04 6.2500000000e+01 418 899 898 417 416 -1 418 -1
4 5.2312500000e+04 6.2500000000e+01 419 900 899 418 417 -1 419 -1
4 5.2437500000e+04 6.2500000000e+01 420 901 900 419 418 -1 420 -1
4 5.2562500000e+04 6.2500000000e+01 421 902 901 420 419 -1 421 -1
4 5.2687500000e+04 6.2500000000e+01 422 903 902 421 420 -1 422 -1
4 5.2812500000e+04 6.2500000000e+01 423 904 903 422 421 -1 423 -1
4 5.2937500000e+04 6.2500000000e+01 424 905 904 423 422 -1 424 -1
4 5.3062500000e+04 6.2500000000e+01 425 906 905 424 423 -1 425 -1
4 5.3187500000e+04 6.2500000000e+01 426 907 906 425 424 -1 426 -1
4 5.3312500000e+04 6.2500000000e+01 427 908 907 426 425 -1 427 -1
4 5.3437500000e+04 6.2500000000e+01 428 909 908 427 426 -1 428 -1
4 5.3562500000e+04 6.2500000000e+01 429 910 909 428 427 -1 429 -1
4 5.3687500000e+04 6.2500000000e+01 430 911 910 429 428 -1 430 -1
4 5.3812500000e+04 6.2500000000e+01 431 912 911 430 429 -1 431 -1
4 5.3937500000e+04 6.2500000000e+01 432 913 912 431 430 -1 432 -1
4 5.4062500000e+04 6.2500000000e+01 433 914 913 432 431 -1 433 -1
4 5.4187500000e+04 6.2500000000e+01 434 915 914 433 432 -1 434 -1
4 5.4312500000e+04 6.2500000000e+01 435 916 915 434 433 -1 435 -1
4 5.4437500000e+04 6.2500000000e+01 436 917 916 435 434 -1 436 -1
4 5.4562500000e+04 6.2500000000e+01 437 918 917 436 435 -1 437 -1
4 5.4687500000e+04 6.2500000000e+01 438 919 918 437 436 -1 438 -1
4 5.4812500000e+04 6.2500000000e+01 439 920 919 438 437 -1 439 -1
4 5.4937500000e+04 6.2500000000e+01 440 921 920 439 438 -1 440 -1
4 5.5062500000e+04 6.2500000000e+01 441 922 921 440 439 -1 441 -1
4 5.5187500000e+04 6.2500000000e+01 442 923 922 441 440 -1 442 -1
4 5.5312500000e+04 6.2500000000e+01 443 924 923 442 441 -1 443 -1
4 5.5437500000e+04 6.2500000000e+01 444 925 924 443 442 -1 444 -1
4 5.5562500000e+04 6.2500000000e+01 445 926 925 444 443 -1 445 -1
4 5.5687500000e+04 6.2500000000e+01 446 927 926 445 444 -1 446 -1
4 5.5812500000e+04 6.2500000000e+01 447 928 927 446 445 -1 447 -1
4 5.5937500000e+04 6.2500000000e+01 448 929 928 447 446 -1 448 -1
4 5.6062500000e+04 6.2500000000e+01 449 930 929 448 447 -1 449 -1
4 5.6187500000e+04 6.2500000000e+01 450 931 930 449 448 -1 450 -1
4 5.6312500000e+04 6.2500000000e+01 451 932 931 450 449 -1 451 -1
4 5.6437500000e+04 6.2500000000e+01 452 933 932 451 450 -1 452 -1
4 5.6562500000e+04 6.2500000000e+01 453 934 933 452 451 -1 453 -1
4 5.6687500000e+04 6.2500000000e+01 454 935 934 453 452 -1 454 -1
4 5.6812500000e+04 6.2500000000e+01 455 936 935 454 453 -1 455 -1
4 5.6937500000e+04 6.2500000000e+01 456 937 936 455 454 -1 456 -1
4 5.7062500000e+04 6.2500000000e+01 457 938 937 456 455 -1 457 -1
4 5.7187500000e+04 6.2500000000e+01 458 939 938 457 456 -1 458 -1
4 5.7312500000e+04 6.2500000000e+01 459 940 939 458 457 -1 459 -1
4 5.7437500000e+04 6.2500000000e+01 460 941 940 459 458 -1 460 -1
4 5.7562500000e+04 6.2500000000e+01 461 942 941 460 459 -1 461 -1
4 5.7687500000e+04 6.2500000000e+01 462 943 942 461 460 -1 462 -1
4 5.7812500000e+04 6.2500000000e+01 463 944 943 462 461 -1 463 -1
4 5.7937500000e+04 6.2500000000e+01 464 945 944 463 462 -1 464 -1
4 5.8062500000e+04 6.2500000000e+01 465 946 945 464 463 -1 465 -1
4 5.8187500000e+04 6.2500000000e+01 466 947 946 465 464 -1 466 -1
4 5.8312500000e+04 6.2500000000e+01 467 948 947 466 465 -1 467 -1
4 5.8437500000e+04 6.2500000000e+01 468 949 948 467 466 -1 468 -1
4 5.8562500000e+04 6.2500000000e+01 469 950 949 468 467 -1 469 -1
4 5.8687500000e+04 6.2500000000e+01 470 951 950 469 468 -1 470 -1
4 5.8812500000e+04 6.2500000000e+01 471 952 951 470 469 -1 471 -1
4 5.8937500000e+04 6.2500000000e+01 472 953 952 471 470 -1 472 -1
4 5.9062500000e+04 6.2500000000e+01 473 954 953 472 471 -1 473 -1
4 5.9187500000e+04 6.2500000000e+01 474 955 954 473 472 -1 474 -1
4 5.9312500000e+04 6.2500000000e+01 475 956 955 474 473 -1 475 -1
4 5.9437500000e+04 6.2500000000e+01 476 957 956 475 474 -1 476 -1
4 5.9562500000e+04 6.2500000000e+01 477 958 957 476 475 -1 477 -1
4 5.9687500000e+04 6.2500000000e+01 478 959 958 477 476 -1 478 -1
4 5.9812500000e+04 6.2500000000e+01 479 960 959 478 477 -1 479 -1
4 5.9937500000e+04 6.2500000000e+01 480 961 960 479 478 -1 -1 -1
