0.0000000000e+00 0.0000000000e+00 0
1.2500000000e+02 0.0000000000e+00 0
2.5000000000e+02 0.0000000000e+00 0
3.7500000000e+02 0.0000000000e+00 0
5.0000000000e+02 0.0000000000e+00 0
6.2500000000e+02 0.0000000000e+00 0
7.5000000000e+02 0.0000000000e+00 0
8.7500000000e+02 0.0000000000e+00 0
1.0000000000e+03 0.0000000000e+00 0
1.1250000000e+03 0.0000000000e+00 0
1.2500000000e+03 0.0000000000e+00 0
1.3750000000e+03 0.0000000000e+00 0
1.5000000000e+03 0.0000000000e+00 0
1.6250000000e+03 0.0000000000e+00 0
1.7500000000e+03 0.0000000000e+00 0
1.8750000000e+03 0.0000000000e+00 0
2.0000000000e+03 0.0000000000e+00 0
2.1250000000e+03 0.0000000000e+00 0
2.2500000000e+03 0.0000000000e+00 0
2.3750000000e+03 0.0000000000e+00 0
2.5000000000e+03 0.0000000000e+00 0
2.6250000000e+03 0.0000000000e+00 0
2.7500000000e+03 0.0000000000e+00 0
2.8750000000e+03 0.0000000000e+00 0
3.0000000000e+03 0.0000000000e+00 0
3.1250000000e+03 0.0000000000e+00 0
3.2500000000e+03 0.0000000000e+00 0
3.3750000000e+03 0.0000000000e+00 0
3.5000000000e+03 0.0000000000e+00 0
3.6250000000e+03 0.0000000000e+00 0
3.7500000000e+03 0.0000000000e+00 0
3.8750000000e+03 0.0000000000e+00 0
4.0000000000e+03 0.0000000000e+00 0
4.1250000000e+03 0.0000000000e+00 0
4.2500000000e+03 0.0000000000e+00 0
4.3750000000e+03 0.0000000000e+00 0
4.5000000000e+03 0.0000000000e+00 0
4.6250000000e+03 0.0000000000e+00 0
4.7500000000e+03 0.0000000000e+00 0
4.8750000000e+03 0.0000000000e+00 0
5.0000000000e+03 0.0000000000e+00 0
5.1250000000e+03 0.0000000000e+00 0
5.2500000000e+03 0.0000000000e+00 0
5.3750000000e+03 0.0000000000e+00 0
5.5000000000e+03 0.0000000000e+00 0
5.6250000000e+03 0.0000000000e+00 0
5.7500000000e+03 0.0000000000e+00 0
5.8750000000e+03 0.0000000000e+00 0
6.0000000000e+03 0.0000000000e+00 0
6.1250000000e+03 0.0000000000e+00 0
6.2500000000e+03 0.0000000000e+00 0
6.3750000000e+03 0.0000000000e+00 0
6.5000000000e+03 0.0000000000e+00 0
6.6250000000e+03 0.0000000000e+00 0
6.7500000000e+03 0.0000000000e+00 0
6.8750000000e+03 0.0000000000e+00 0
7.0000000000e+03 0.0000000000e+00 0
7.1250000000e+03 0.0000000000e+00 0
7.2500000000e+03 0.0000000000e+00 0
7.3750000000e+03 0.0000000000e+00 0
7.5000000000e+03 0.0000000000e+00 0
7.6250000000e+03 0.0000000000e+00 0
7.7500000000e+03 0.0000000000e+00 0
7.8750000000e+03 0.0000000000e+00 0
8.0000000000e+03 0.0000000000e+00 0
8.1250000000e+03 0.0000000000e+00 0
8.2500000000e+03 0.0000000000e+00 0
8.3750000000e+03 0.0000000000e+00 0
8.5000000000e+03 0.0000000000e+00 0
8.6250000000e+03 0.0000000000e+00 0
8.7500000000e+03 0.0000000000e+00 0
8.8750000000e+03 0.0000000000e+00 0
9.0000000000e+03 0.0000000000e+00 0
9.1250000000e+03 0.0000000000e+00 0
9.2500000000e+03 0.0000000000e+00 0
9.3750000000e+03 0.0000000000e+00 0
9.5000000000e+03 0.0000000000e+00 0
9.6250000000e+03 0.0000000000e+00 0
9.7500000000e+03 0.0000000000e+00 0
9.8750000000e+03 0.0000000000e+00 0
1.0000000000e+04 0.0000000000e+00 0
1.0125000000e+04 0.0000000000e+00 0
1.0250000000e+04 0.0000000000e+00 0
1.0375000000e+04 0.0000000000e+00 0
1.0500000000e+04 0.0000000000e+00 0
1.0625000000e+04 0.0000000000e+00 0
1.0750000000e+04 0.0000000000e+00 0
1.0875000000e+04 0.0000000000e+00 0
1.1000000000e+04 0.0000000000e+00 0
1.1125000000e+04 0.0000000000e+00 0
1.1250000000e+04 0.0000000000e+00 0
1.1375000000e+04 0.0000000000e+00 0
1.1500000000e+04 0.0000000000e+00 0
1.1625000000e+04 0.0000000000e+00 0
1.1750000000e+04 0.0000000000e+00 0
1.1875000000e+04 0.0000000000e+00 0
1.2000000000e+04 0.0000000000e+00 0
1.2125000000e+04 0.0000000000e+00 0
1.2250000000e+04 0.0000000000e+00 0
1.2375000000e+04 0.0000000000e+00 0
1.2500000000e+04 0.0000000000e+00 0
1.2625000000e+04 0.0000000000e+00 0
1.2750000000e+04 0.0000000000e+00 0
1.2875000000e+04 0.0000000000e+00 0
1.3000000000e+04 0.0000000000e+00 0
1.3125000000e+04 0.0000000000e+00 0
1.3250000000e+04 0.0000000000e+00 0
1.3375000000e+04 0.0000000000e+00 0
1.3500000000e+04 0.0000000000e+00 0
1.3625000000e+04 0.0000000000e+00 0
1.3750000000e+04 0.0000000000e+00 0
1.3875000000e+04 0.0000000000e+00 0
1.4000000000e+04 0.0000000000e+00 0
1.4125000000e+04 0.0000000000e+00 0
1.4250000000e+04 0.0000000000e+00 0
1.4375000000e+04 0.0000000000e+00 0
1.4500000000e+04 0.0000000000e+00 0
1.4625000000e+04 0.0000000000e+00 0
1.4750000000e+04 0.0000000000e+00 0
1.4875000000e+04 0.0000000000e+00 0
1.5000000000e+04 0.0000000000e+00 0
1.5125000000e+04 0.0000000000e+00 0
1.5250000000e+04 0.0000000000e+00 0
1.5375000000e+04 0.0000000000e+00 0
1.5500000000e+04 0.0000000000e+00 0
1.5625000000e+04 0.0000000000e+00 0
1.5750000000e+04 0.0000000000e+00 0
1.5875000000e+04 0.0000000000e+00 0
1.6000000000e+04 0.0000000000e+00 0
1.6125000000e+04 0.0000000000e+00 0
1.6250000000e+04 0.0000000000e+00 0
1.6375000000e+04 0.0000000000e+00 0
1.6500000000e+04 0.0000000000e+00 0
1.6625000000e+04 0.0000000000e+00 0
1.6750000000e+04 0.0000000000e+00 0
1.6875000000e+04 0.0000000000e+00 0
1.7000000000e+04 0.0000000000e+00 0
1.7125000000e+04 0.0000000000e+00 0
1.7250000000e+04 0.0000000000e+00 0
1.7375000000e+04 0.0000000000e+00 0
1.7500000000e+04 0.0000000000e+00 0
1.7625000000e+04 0.0000000000e+00 0
1.7750000000e+04 0.0000000000e+00 0
1.7875000000e+04 0.0000000000e+00 0
1.8000000000e+04 0.0000000000e+00 0
1.8125000000e+04 0.0000000000e+00 0
1.8250000000e+04 0.0000000000e+00 0
1.8375000000e+04 0.0000000000e+00 0
1.8500000000e+04 0.0000000000e+00 0
1.8625000000e+04 0.0000000000e+00 0
1.8750000000e+04 0.0000000000e+00 0
1.8875000000e+04 0.0000000000e+00 0
1.9000000000e+04 0.0000000000e+00 0
1.9125000000e+04 0.0000000000e+00 0
1.9250000000e+04 0.0000000000e+00 0
1.9375000000e+04 0.0000000000e+00 0
1.9500000000e+04 0.0000000000e+00 0
1.9625000000e+04 0.0000000000e+00 0
1.9750000000e+04 0.0000000000e+00 0
1.9875000000e+04 0.0000000000e+00 0
2.0000000000e+04 0.0000000000e+00 0
2.0125000000e+04 0.0000000000e+00 0
2.0250000000e+04 0.0000000000e+00 0
2.0375000000e+04 0.0000000000e+00 0
2.0500000000e+04 0.0000000000e+00 0
2.0625000000e+04 0.0000000000e+00 0
2.0750000000e+04 0.0000000000e+00 0
2.0875000000e+04 0.0000000000e+00 0
2.1000000000e+04 0.0000000000e+00 0
2.1125000000e+04 0.0000000000e+00 0
2.1250000000e+04 0.0000000000e+00 0
2.1375000000e+04 0.0000000000e+00 0
2.1500000000e+04 0.0000000000e+00 0
2.1625000000e+04 0.0000000000e+00 0
2.1750000000e+04 0.0000000000e+00 0
2.1875000000e+04 0.0000000000e+00 0
2.2000000000e+04 0.0000000000e+00 0
2.2125000000e+04 0.0000000000e+00 0
2.2250000000e+04 0.0000000000e+00 0
2.2375000000e+04 0.0000000000e+00 0
2.2500000000e+04 0.0000000000e+00 0
2.2625000000e+04 0.0000000000e+00 0
2.2750000000e+04 0.0000000000e+00 0
2.2875000000e+04 0.0000000000e+00 0
2.3000000000e+04 0.0000000000e+00 0
2.3125000000e+04 0.0000000000e+00 0
2.3250000000e+04 0.0000000000e+00 0
2.3375000000e+04 0.0000000000e+00 0
2.3500000000e+04 0.0000000000e+00 0
2.3625000000e+04 0.0000000000e+00 0
2.3750000000e+04 0.0000000000e+00 0
2.3875000000e+04 0.0000000000e+00 0
2.4000000000e+04 0.0000000000e+00 0
2.4125000000e+04 0.0000000000e+00 0
2.4250000000e+04 0.0000000000e+00 0
2.4375000000e+04 0.0000000000e+00 0
2.4500000000e+04 0.0000000000e+00 0
2.4625000000e+04 0.0000000000e+00 0
2.4750000000e+04 0.0000000000e+00 0
2.4875000000e+04 0.0000000000e+00 0
2.5000000000e+04 0.0000000000e+00 0
2.5125000000e+04 0.0000000000e+00 0
2.5250000000e+04 0.0000000000e+00 0
2.5375000000e+04 0.0000000000e+00 0
2.5500000000e+04 0.0000000000e+00 0
2.5625000000e+04 0.0000000000e+00 0
2.5750000000e+04 0.0000000000e+00 0
2.5875000000e+04 0.0000000000e+00 0
2.6000000000e+04 0.0000000000e+00 0
2.6125000000e+04 0.0000000000e+00 0
2.6250000000e+04 0.0000000000e+00 0
2.6375000000e+04 0.0000000000e+00 0
2.6500000000e+04 0.0000000000e+00 0
2.6625000000e+04 0.0000000000e+00 0
2.6750000000e+04 0.0000000000e+00 0
2.6875000000e+04 0.0000000000e+00 0
2.7000000000e+04 0.0000000000e+00 0
2.7125000000e+04 0.0000000000e+00 0
2.7250000000e+04 0.0000000000e+00 0
2.7375000000e+04 0.0000000000e+00 0
2.7500000000e+04 0.0000000000e+00 0
2.7625000000e+04 0.0000000000e+00 0
2.7750000000e+04 0.0000000000e+00 0
2.7875000000e+04 0.0000000000e+00 0
2.8000000000e+04 0.0000000000e+00 0
2.8125000000e+04 0.0000000000e+00 0
2.8250000000e+04 0.0000000000e+00 0
2.8375000000e+04 0.0000000000e+00 0
2.8500000000e+04 0.0000000000e+00 0
2.8625000000e+04 0.0000000000e+00 0
2.8750000000e+04 0.0000000000e+00 0
2.8875000000e+04 0.0000000000e+00 0
2.9000000000e+04 0.0000000000e+00 0
2.9125000000e+04 0.0000000000e+00 0
2.9250000000e+04 0.0000000000e+00 0
2.9375000000e+04 0.0000000000e+00 0
2.9500000000e+04 0.0000000000e+00 0
2.9625000000e+04 0.0000000000e+00 0
2.9750000000e+04 0.0000000000e+00 0
2.9875000000e+04 0.0000000000e+00 0
3.0000000000e+04 0.0000000000e+00 0
3.0125000000e+04 0.0000000000e+00 0
3.0250000000e+04 0.0000000000e+00 0
3.0375000000e+04 0.0000000000e+00 0
3.0500000000e+04 0.0000000000e+00 0
3.0625000000e+04 0.0000000000e+00 0
3.0750000000e+04 0.0000000000e+00 0
3.0875000000e+04 0.0000000000e+00 0
3.1000000000e+04 0.0000000000e+00 0
3.1125000000e+04 0.0000000000e+00 0
3.1250000000e+04 0.0000000000e+00 0
3.1375000000e+04 0.0000000000e+00 0
3.1500000000e+04 0.0000000000e+00 0
3.1625000000e+04 0.0000000000e+00 0
3.1750000000e+04 0.0000000000e+00 0
3.1875000000e+04 0.0000000000e+00 0
3.2000000000e+04 0.0000000000e+00 0
3.2125000000e+04 0.0000000000e+00 0
3.2250000000e+04 0.0000000000e+00 0
3.2375000000e+04 0.0000000000e+00 0
3.2500000000e+04 0.0000000000e+00 0
3.2625000000e+04 0.0000000000e+00 0
3.2750000000e+04 0.0000000000e+00 0
3.2875000000e+04 0.0000000000e+00 0
3.3000000000e+04 0.0000000000e+00 0
3.3125000000e+04 0.0000000000e+00 0
3.3250000000e+04 0.0000000000e+00 0
3.3375000000e+04 0.0000000000e+00 0
3.3500000000e+04 0.0000000000e+00 0
3.3625000000e+04 0.0000000000e+00 0
3.3750000000e+04 0.0000000000e+00 0
3.3875000000e+04 0.0000000000e+00 0
3.4000000000e+04 0.0000000000e+00 0
3.4125000000e+04 0.0000000000e+00 0
3.4250000000e+04 0.0000000000e+00 0
3.4375000000e+04 0.0000000000e+00 0
3.4500000000e+04 0.0000000000e+00 0
3.4625000000e+04 0.0000000000e+00 0
3.4750000000e+04 0.0000000000e+00 0
3.4875000000e+04 0.0000000000e+00 0
3.5000000000e+04 0.0000000000e+00 0
3.5125000000e+04 0.0000000000e+00 0
3.5250000000e+04 0.0000000000e+00 0
3.5375000000e+04 0.0000000000e+00 0
3.5500000000e+04 0.0000000000e+00 0
3.5625000000e+04 0.0000000000e+00 0
3.5750000000e+04 0.0000000000e+00 0
3.5875000000e+04 0.0000000000e+00 0
3.6000000000e+04 0.0000000000e+00 0
3.6125000000e+04 0.0000000000e+00 0
3.6250000000e+04 0.0000000000e+00 0
3.6375000000e+04 0.0000000000e+00 0
3.6500000000e+04 0.0000000000e+00 0
3.6625000000e+04 0.0000000000e+00 0
3.6750000000e+04 0.0000000000e+00 0
3.6875000000e+04 0.0000000000e+00 0
3.7000000000e+04 0.0000000000e+00 0
3.7125000000e+04 0.0000000000e+00 0
3.7250000000e+04 0.0000000000e+00 0
3.7375000000e+04 0.0000000000e+00 0
3.7500000000e+04 0.0000000000e+00 0
3.7625000000e+04 0.0000000000e+00 0
3.7750000000e+04 0.0000000000e+00 0
3.7875000000e+04 0.0000000000e+00 0
3.8000000000e+04 0.0000000000e+00 0
3.8125000000e+04 0.0000000000e+00 0
3.8250000000e+04 0.0000000000e+00 0
3.8375000000e+04 0.0000000000e+00 0
3.8500000000e+04 0.0000000000e+00 0
3.8625000000e+04 0.0000000000e+00 0
3.8750000000e+04 0.0000000000e+00 0
3.8875000000e+04 0.0000000000e+00 0
3.9000000000e+04 0.0000000000e+00 0
3.9125000000e+04 0.0000000000e+00 0
3.9250000000e+04 0.0000000000e+00 0
3.9375000000e+04 0.0000000000e+00 0
3.9500000000e+04 0.0000000000e+00 0
3.9625000000e+04 0.0000000000e+00 0
3.9750000000e+04 0.0000000000e+00 0
3.9875000000e+04 0.0000000000e+00 0
4.0000000000e+04 0.0000000000e+00 0
4.0125000000e+04 0.0000000000e+00 0
4.0250000000e+04 0.0000000000e+00 0
4.0375000000e+04 0.0000000000e+00 0
4.0500000000e+04 0.0000000000e+00 0
4.0625000000e+04 0.0000000000e+00 0
4.0750000000e+04 0.0000000000e+00 0
4.0875000000e+04 0.0000000000e+00 0
4.1000000000e+04 0.0000000000e+00 0
4.1125000000e+04 0.0000000000e+00 0
4.1250000000e+04 0.0000000000e+00 0
4.1375000000e+04 0.0000000000e+00 0
4.1500000000e+04 0.0000000000e+00 0
4.1625000000e+04 0.0000000000e+00 0
4.1750000000e+04 0.0000000000e+00 0
4.1875000000e+04 0.0000000000e+00 0
4.2000000000e+04 0.0000000000e+00 0
4.2125000000e+04 0.0000000000e+00 0
4.2250000000e+04 0.0000000000e+00 0
4.2375000000e+04 0.0000000000e+00 0
4.2500000000e+04 0.0000000000e+00 0
4.2625000000e+04 0.0000000000e+00 0
4.2750000000e+04 0.0000000000e+00 0
4.2875000000e+04 0.0000000000e+00 0
4.3000000000e+04 0.0000000000e+00 0
4.3125000000e+04 0.0000000000e+00 0
4.3250000000e+04 0.0000000000e+00 0
4.3375000000e+04 0.0000000000e+00 0
4.3500000000e+04 0.0000000000e+00 0
4.3625000000e+04 0.0000000000e+00 0
4.3750000000e+04 0.0000000000e+00 0
4.3875000000e+04 0.0000000000e+00 0
4.4000000000e+04 0.0000000000e+00 0
4.4125000000e+04 0.0000000000e+00 0
4.4250000000e+04 0.0000000000e+00 0
4.4375000000e+04 0.0000000000e+00 0
4.4500000000e+04 0.0000000000e+00 0
4.4625000000e+04 0.0000000000e+00 0
4.4750000000e+04 0.0000000000e+00 0
4.4875000000e+04 0.0000000000e+00 0
4.5000000000e+04 0.0000000000e+00 0
4.5125000000e+04 0.0000000000e+00 0
4.5250000000e+04 0.0000000000e+00 0
4.5375000000e+04 0.0000000000e+00 0
4.5500000000e+04 0.0000000000e+00 0
4.5625000000e+04 0.0000000000e+00 0
4.5750000000e+04 0.0000000000e+00 0
4.5875000000e+04 0.0000000000e+00 0
4.6000000000e+04 0.0000000000e+00 0
4.6125000000e+04 0.0000000000e+00 0
4.6250000000e+04 0.0000000000e+00 0
4.6375000000e+04 0.0000000000e+00 0
4.6500000000e+04 0.0000000000e+00 0
4.6625000000e+04 0.0000000000e+00 0
4.6750000000e+04 0.0000000000e+00 0
4.6875000000e+04 0.0000000000e+00 0
4.7000000000e+04 0.0000000000e+00 0
4.7125000000e+04 0.0000000000e+00 0
4.7250000000e+04 0.0000000000e+00 0
4.7375000000e+04 0.0000000000e+00 0
4.7500000000e+04 0.0000000000e+00 0
4.7625000000e+04 0.0000000000e+00 0
4.7750000000e+04 0.0000000000e+00 0
4.7875000000e+04 0.0000000000e+00 0
4.8000000000e+04 0.0000000000e+00 0
4.8125000000e+04 0.0000000000e+00 0
4.8250000000e+04 0.0000000000e+00 0
4.8375000000e+04 0.0000000000e+00 0
4.8500000000e+04 0.0000000000e+00 0
4.8625000000e+04 0.0000000000e+00 0
4.8750000000e+04 0.0000000000e+00 0
4.8875000000e+04 0.0000000000e+00 0
4.9000000000e+04 0.0000000000e+00 0
4.9125000000e+04 0.0000000000e+00 0
4.9250000000e+04 0.0000000000e+00 0
4.9375000000e+04 0.0000000000e+00 0
4.9500000000e+04 0.0000000000e+00 0
4.9625000000e+04 0.0000000000e+00 0
4.9750000000e+04 0.0000000000e+00 0
4.9875000000e+04 0.0000000000e+00 0
5.0000000000e+04 0.0000000000e+00 0
5.0125000000e+04 0.0000000000e+00 0
5.0250000000e+04 0.0000000000e+00 0
5.0375000000e+04 0.0000000000e+00 0
5.0500000000e+04 0.0000000000e+00 0
5.0625000000e+04 0.0000000000e+00 0
5.0750000000e+04 0.0000000000e+00 0
5.0875000000e+04 0.0000000000e+00 0
5.1000000000e+04 0.0000000000e+00 0
5.1125000000e+04 0.0000000000e+00 0
5.1250000000e+04 0.0000000000e+00 0
5.1375000000e+04 0.0000000000e+00 0
5.1500000000e+04 0.0000000000e+00 0
5.1625000000e+04 0.0000000000e+00 0
5.1750000000e+04 0.0000000000e+00 0
5.1875000000e+04 0.0000000000e+00 0
5.2000000000e+04 0.0000000000e+00 0
5.2125000000e+04 0.0000000000e+00 0
5.2250000000e+04 0.0000000000e+00 0
5.2375000000e+04 0.0000000000e+00 0
5.2500000000e+04 0.0000000000e+00 0
5.2625000000e+04 0.0000000000e+00 0
5.2750000000e+04 0.0000000000e+00 0
5.2875000000e+04 0.0000000000e+00 0
5.3000000000e+04 0.0000000000e+00 0
5.3125000000e+04 0.0000000000e+00 0
5.3250000000e+04 0.0000000000e+00 0
5.3375000000e+04 0.0000000000e+00 0
5.3500000000e+04 0.0000000000e+00 0
5.3625000000e+04 0.0000000000e+00 0
5.3750000000e+04 0.0000000000e+00 0
5.3875000000e+04 0.0000000000e+00 0
5.4000000000e+04 0.0000000000e+00 0
5.4125000000e+04 0.0000000000e+00 0
5.4250000000e+04 0.0000000000e+00 0
5.4375000000e+04 0.0000000000e+00 0
5.4500000000e+04 0.0000000000e+00 0
5.4625000000e+04 0.0000000000e+00 0
5.4750000000e+04 0.0000000000e+00 0
5.4875000000e+04 0.0000000000e+00 0
5.5000000000e+04 0.0000000000e+00 0
5.5125000000e+04 0.0000000000e+00 0
5.5250000000e+04 0.0000000000e+00 0
5.5375000000e+04 0.0000000000e+00 0
5.5500000000e+04 0.0000000000e+00 0
5.5625000000e+04 0.0000000000e+00 0
5.5750000000e+04 0.0000000000e+00 0
5.5875000000e+04 0.0000000000e+00 0
5.6000000000e+04 0.0000000000e+00 0
5.6125000000e+04 0.0000000000e+00 0
5.6250000000e+04 0.0000000000e+00 0
5.6375000000e+04 0.0000000000e+00 0
5.6500000000e+04 0.0000000000e+00 0
5.6625000000e+04 0.0000000000e+00 0
5.6750000000e+04 0.0000000000e+00 0
5.6875000000e+04 0.0000000000e+00 0
5.7000000000e+04 0.0000000000e+00 0
5.7125000000e+04 0.0000000000e+00 0
5.7250000000e+04 0.0000000000e+00 0
5.7375000000e+04 0.0000000000e+00 0
5.7500000000e+04 0.0000000000e+00 0
5.7625000000e+04 0.0000000000e+00 0
5.7750000000e+04 0.0000000000e+00 0
5.7875000000e+04 0.0000000000e+00 0
5.8000000000e+04 0.0000000000e+00 0
5.8125000000e+04 0.0000000000e+00 0
5.8250000000e+04 0.0000000000e+00 0
5.8375000000e+04 0.0000000000e+00 0
5.8500000000e+04 0.0000000000e+00 0
5.8625000000e+04 0.0000000000e+00 0
5.8750000000e+04 0.0000000000e+00 0
5.8875000000e+04 0.0000000000e+00 0
5.9000000000e+04 0.0000000000e+00 0
5.9125000000e+04 0.0000000000e+00 0
5.9250000000e+04 0.0000000000e+00 0
5.9375000000e+04 0.0000000000e+00 0
5.9500000000e+04 0.0000000000e+00 0
5.9625000000e+04 0.0000000000e+00 0
5.9750000000e+04 0.0000000000e+00 0
5.9875000000e+04 0.0000000000e+00 0
6.0000000000e+04 0.0000000000e+00 0
0.0000000000e+00 1.2500000000e+02 0
1.2500000000e+02 1.2500000000e+02 0
2.5000000000e+02 1.2500000000e+02 0
3.7500000000e+02 1.2500000000e+02 0
5.0000000000e+02 1.2500000000e+02 0
6.2500000000e+02 1.2500000000e+02 0
7.5000000000e+02 1.2500000000e+02 0
8.7500000000e+02 1.2500000000e+02 0
1.0000000000e+03 1.2500000000e+02 0
1.1250000000e+03 1.2500000000e+02 0
1.2500000000e+03 1.2500000000e+02 0
1.3750000000e+03 1.2500000000e+02 0
1.5000000000e+03 1.2500000000e+02 0
1.6250000000e+03 1.2500000000e+02 0
1.7500000000e+03 1.2500000000e+02 0
1.8750000000e+03 1.2500000000e+02 0
2.0000000000e+03 1.2500000000e+02 0
2.1250000000e+03 1.2500000000e+02 0
2.2500000000e+03 1.2500000000e+02 0
2.3750000000e+03 1.2500000000e+02 0
2.5000000000e+03 1.2500000000e+02 0
2.6250000000e+03 1.2500000000e+02 0
2.7500000000e+03 1.2500000000e+02 0
2.8750000000e+03 1.2500000000e+02 0
3.0000000000e+03 1.2500000000e+02 0
3.1250000000e+03 1.2500000000e+02 0
3.2500000000e+03 1.2500000000e+02 0
3.3750000000e+03 1.2500000000e+02 0
3.5000000000e+03 1.2500000000e+02 0
3.6250000000e+03 1.2500000000e+02 0
3.7500000000e+03 1.2500000000e+02 0
3.8750000000e+03 1.2500000000e+02 0
4.0000000000e+03 1.2500000000e+02 0
4.1250000000e+03 1.2500000000e+02 0
4.2500000000e+03 1.2500000000e+02 0
4.3750000000e+03 1.2500000000e+02 0
4.5000000000e+03 1.2500000000e+02 0
4.6250000000e+03 1.2500000000e+02 0
4.7500000000e+03 1.2500000000e+02 0
4.8750000000e+03 1.2500000000e+02 0
5.0000000000e+03 1.2500000000e+02 0
5.1250000000e+03 1.2500000000e+02 0
5.2500000000e+03 1.2500000000e+02 0
5.3750000000e+03 1.2500000000e+02 0
5.5000000000e+03 1.2500000000e+02 0
5.6250000000e+03 1.2500000000e+02 0
5.7500000000e+03 1.2500000000e+02 0
5.8750000000e+03 1.2500000000e+02 0
6.0000000000e+03 1.2500000000e+02 0
6.1250000000e+03 1.2500000000e+02 0
6.2500000000e+03 1.2500000000e+02 0
6.3750000000e+03 1.2500000000e+02 0
6.5000000000e+03 1.2500000000e+02 0
6.6250000000e+03 1.2500000000e+02 0
6.7500000000e+03 1.2500000000e+02 0
6.8750000000e+03 1.2500000000e+02 0
7.0000000000e+03 1.2500000000e+02 0
7.1250000000e+03 1.2500000000e+02 0
7.2500000000e+03 1.2500000000e+02 0
7.3750000000e+03 1.2500000000e+02 0
7.5000000000e+03 1.2500000000e+02 0
7.6250000000e+03 1.2500000000e+02 0
7.7500000000e+03 1.2500000000e+02 0
7.8750000000e+03 1.2500000000e+02 0
8.0000000000e+03 1.2500000000e+02 0
8.1250000000e+03 1.2500000000e+02 0
8.2500000000e+03 1.2500000000e+02 0
8.3750000000e+03 1.2500000000e+02 0
8.5000000000e+03 1.2500000000e+02 0
8.6250000000e+03 1.2500000000e+02 0
8.7500000000e+03 1.2500000000e+02 0
8.8750000000e+03 1.2500000000e+02 0
9.0000000000e+03 1.2500000000e+02 0
9.1250000000e+03 1.2500000000e+02 0
9.2500000000e+03 1.2500000000e+02 0
9.3750000000e+03 1.2500000000e+02 0
9.5000000000e+03 1.2500000000e+02 0
9.6250000000e+03 1.2500000000e+02 0
9.7500000000e+03 1.2500000000e+02 0
9.8750000000e+03 1.2500000000e+02 0
1.0000000000e+04 1.2500000000e+02 0
1.0125000000e+04 1.2500000000e+02 0
1.0250000000e+04 1.2500000000e+02 0
1.0375000000e+04 1.2500000000e+02 0
1.0500000000e+04 1.2500000000e+02 0
1.0625000000e+04 1.2500000000e+02 0
1.0750000000e+04 1.2500000000e+02 0
1.0875000000e+04 1.2500000000e+02 0
1.1000000000e+04 1.2500000000e+02 0
1.1125000000e+04 1.2500000000e+02 0
1.1250000000e+04 1.2500000000e+02 0
1.1375000000e+04 1.2500000000e+02 0
1.1500000000e+04 1.2500000000e+02 0
1.1625000000e+04 1.2500000000e+02 0
1.1750000000e+04 1.2500000000e+02 0
1.1875000000e+04 1.2500000000e+02 0
1.2000000000e+04 1.2500000000e+02 0
1.2125000000e+04 1.2500000000e+02 0
1.2250000000e+04 1.2500000000e+02 0
1.2375000000e+04 1.2500000000e+02 0
1.2500000000e+04 1.2500000000e+02 0
1.2625000000e+04 1.2500000000e+02 0
1.2750000000e+04 1.2500000000e+02 0
1.2875000000e+04 1.2500000000e+02 0
1.3000000000e+04 1.2500000000e+02 0
1.3125000000e+04 1.2500000000e+02 0
1.3250000000e+04 1.2500000000e+02 0
1.3375000000e+04 1.2500000000e+02 0
1.3500000000e+04 1.2500000000e+02 0
1.3625000000e+04 1.2500000000e+02 0
1.3750000000e+04 1.2500000000e+02 0
1.3875000000e+04 1.2500000000e+02 0
1.4000000000e+04 1.2500000000e+02 0
1.4125000000e+04 1.2500000000e+02 0
1.4250000000e+04 1.2500000000e+02 0
1.4375000000e+04 1.2500000000e+02 0
1.4500000000e+04 1.2500000000e+02 0
1.4625000000e+04 1.2500000000e+02 0
1.4750000000e+04 1.2500000000e+02 0
1.4875000000e+04 1.2500000000e+02 0
1.5000000000e+04 1.2500000000e+02 0
1.5125000000e+04 1.2500000000e+02 0
1.5250000000e+04 1.2500000000e+02 0
1.5375000000e+04 1.2500000000e+02 0
1.5500000000e+04 1.2500000000e+02 0
1.5625000000e+04 1.2500000000e+02 0
1.5750000000e+04 1.2500000000e+02 0
1.5875000000e+04 1.2500000000e+02 0
1.6000000000e+04 1.2500000000e+02 0
1.6125000000e+04 1.2500000000e+02 0
1.6250000000e+04 1.2500000000e+02 0
1.6375000000e+04 1.2500000000e+02 0
1.6500000000e+04 1.2500000000e+02 0
1.6625000000e+04 1.2500000000e+02 0
1.6750000000e+04 1.2500000000e+02 0
1.6875000000e+04 1.2500000000e+02 0
1.7000000000e+04 1.2500000000e+02 0
1.7125000000e+04 1.2500000000e+02 0
1.7250000000e+04 1.2500000000e+02 0
1.7375000000e+04 1.2500000000e+02 0
1.7500000000e+04 1.2500000000e+02 0
1.7625000000e+04 1.2500000000e+02 0
1.7750000000e+04 1.2500000000e+02 0
1.7875000000e+04 1.2500000000e+02 0
1.8000000000e+04 1.2500000000e+02 0
1.8125000000e+04 1.2500000000e+02 0
1.8250000000e+04 1.2500000000e+02 0
1.8375000000e+04 1.2500000000e+02 0
1.8500000000e+04 1.2500000000e+02 0
1.8625000000e+04 1.2500000000e+02 0
1.8750000000e+04 1.2500000000e+02 0
1.8875000000e+04 1.2500000000e+02 0
1.9000000000e+04 1.2500000000e+02 0
1.9125000000e+04 1.2500000000e+02 0
1.9250000000e+04 1.2500000000e+02 0
1.9375000000e+04 1.2500000000e+02 0
1.9500000000e+04 1.2500000000e+02 0
1.9625000000e+04 1.2500000000e+02 0
1.9750000000e+04 1.2500000000e+02 0
1.9875000000e+04 1.2500000000e+02 0
2.0000000000e+04 1.2500000000e+02 0
2.0125000000e+04 1.2500000000e+02 0
2.0250000000e+04 1.2500000000e+02 0
2.0375000000e+04 1.2500000000e+02 0
2.0500000000e+04 1.2500000000e+02 0
2.0625000000e+04 1.2500000000e+02 0
2.0750000000e+04 1.2500000000e+02 0
2.0875000000e+04 1.2500000000e+02 0
2.1000000000e+04 1.2500000000e+02 0
2.1125000000e+04 1.2500000000e+02 0
2.1250000000e+04 1.2500000000e+02 0
2.1375000000e+04 1.2500000000e+02 0
2.1500000000e+04 1.2500000000e+02 0
2.1625000000e+04 1.2500000000e+02 0
2.1750000000e+04 1.2500000000e+02 0
2.1875000000e+04 1.2500000000e+02 0
2.2000000000e+04 1.2500000000e+02 0
2.2125000000e+04 1.2500000000e+02 0
2.2250000000e+04 1.2500000000e+02 0
2.2375000000e+04 1.2500000000e+02 0
2.2500000000e+04 1.2500000000e+02 0
2.2625000000e+04 1.2500000000e+02 0
2.2750000000e+04 1.2500000000e+02 0
2.2875000000e+04 1.2500000000e+02 0
2.3000000000e+04 1.2500000000e+02 0
2.3125000000e+04 1.2500000000e+02 0
2.3250000000e+04 1.2500000000e+02 0
2.3375000000e+04 1.2500000000e+02 0
2.3500000000e+04 1.2500000000e+02 0
2.3625000000e+04 1.2500000000e+02 0
2.3750000000e+04 1.2500000000e+02 0
2.3875000000e+04 1.2500000000e+02 0
2.4000000000e+04 1.2500000000e+02 0
2.4125000000e+04 1.2500000000e+02 0
2.4250000000e+04 1.2500000000e+02 0
2.4375000000e+04 1.2500000000e+02 0
2.4500000000e+04 1.2500000000e+02 0
2.4625000000e+04 1.2500000000e+02 0
2.4750000000e+04 1.2500000000e+02 0
2.4875000000e+04 1.2500000000e+02 0
2.5000000000e+04 1.2500000000e+02 0
2.5125000000e+04 1.2500000000e+02 0
2.5250000000e+04 1.2500000000e+02 0
2.5375000000e+04 1.2500000000e+02 0
2.5500000000e+04 1.2500000000e+02 0
2.5625000000e+04 1.2500000000e+02 0
2.5750000000e+04 1.2500000000e+02 0
2.5875000000e+04 1.2500000000e+02 0
2.6000000000e+04 1.2500000000e+02 0
2.6125000000e+04 1.2500000000e+02 0
2.6250000000e+04 1.2500000000e+02 0
2.6375000000e+04 1.2500000000e+02 0
2.6500000000e+04 1.2500000000e+02 0
2.6625000000e+04 1.2500000000e+02 0
2.6750000000e+04 1.2500000000e+02 0
2.6875000000e+04 1.2500000000e+02 0
2.7000000000e+04 1.2500000000e+02 0
2.7125000000e+04 1.2500000000e+02 0
2.7250000000e+04 1.2500000000e+02 0
2.7375000000e+04 1.2500000000e+02 0
2.7500000000e+04 1.2500000000e+02 0
2.7625000000e+04 1.2500000000e+02 0
2.7750000000e+04 1.2500000000e+02 0
2.7875000000e+04 1.2500000000e+02 0
2.8000000000e+04 1.2500000000e+02 0
2.8125000000e+04 1.2500000000e+02 0
2.8250000000e+04 1.2500000000e+02 0
2.8375000000e+04 1.2500000000e+02 0
2.8500000000e+04 1.2500000000e+02 0
2.8625000000e+04 1.2500000000e+02 0
2.8750000000e+04 1.2500000000e+02 0
2.8875000000e+04 1.2500000000e+02 0
2.9000000000e+04 1.2500000000e+02 0
2.9125000000e+04 1.2500000000e+02 0
2.9250000000e+04 1.2500000000e+02 0
2.9375000000e+04 1.2500000000e+02 0
2.9500000000e+04 1.2500000000e+02 0
2.9625000000e+04 1.2500000000e+02 0
2.9750000000e+04 1.2500000000e+02 0
2.9875000000e+04 1.2500000000e+02 0
3.0000000000e+04 1.2500000000e+02 0
3.0125000000e+04 1.2500000000e+02 0
3.0250000000e+04 1.2500000000e+02 0
3.0375000000e+04 1.2500000000e+02 0
3.0500000000e+04 1.2500000000e+02 0
3.0625000000e+04 1.2500000000e+02 0
3.0750000000e+04 1.2500000000e+02 0
3.0875000000e+04 1.2500000000e+02 0
3.1000000000e+04 1.2500000000e+02 0
3.1125000000e+04 1.2500000000e+02 0
3.1250000000e+04 1.2500000000e+02 0
3.1375000000e+04 1.2500000000e+02 0
3.1500000000e+04 1.2500000000e+02 0
3.1625000000e+04 1.2500000000e+02 0
3.1750000000e+04 1.2500000000e+02 0
3.1875000000e+04 1.2500000000e+02 0
3.2000000000e+04 1.2500000000e+02 0
3.2125000000e+04 1.2500000000e+02 0
3.2250000000e+04 1.2500000000e+02 0
3.2375000000e+04 1.2500000000e+02 0
3.2500000000e+04 1.2500000000e+02 0
3.2625000000e+04 1.2500000000e+02 0
3.2750000000e+04 1.2500000000e+02 0
3.2875000000e+04 1.2500000000e+02 0
3.3000000000e+04 1.2500000000e+02 0
3.3125000000e+04 1.2500000000e+02 0
3.3250000000e+04 1.2500000000e+02 0
3.3375000000e+04 1.2500000000e+02 0
3.3500000000e+04 1.2500000000e+02 0
3.3625000000e+04 1.2500000000e+02 0
3.3750000000e+04 1.2500000000e+02 0
3.3875000000e+04 1.2500000000e+02 0
3.4000000000e+04 1.2500000000e+02 0
3.4125000000e+04 1.2500000000e+02 0
3.4250000000e+04 1.2500000000e+02 0
3.4375000000e+04 1.2500000000e+02 0
3.4500000000e+04 1.2500000000e+02 0
3.4625000000e+04 1.2500000000e+02 0
3.4750000000e+04 1.2500000000e+02 0
3.4875000000e+04 1.2500000000e+02 0
3.5000000000e+04 1.2500000000e+02 0
3.5125000000e+04 1.2500000000e+02 0
3.5250000000e+04 1.2500000000e+02 0
3.5375000000e+04 1.2500000000e+02 0
3.5500000000e+04 1.2500000000e+02 0
3.5625000000e+04 1.2500000000e+02 0
3.5750000000e+04 1.2500000000e+02 0
3.5875000000e+04 1.2500000000e+02 0
3.6000000000e+04 1.2500000000e+02 0
3.6125000000e+04 1.2500000000e+02 0
3.6250000000e+04 1.2500000000e+02 0
3.6375000000e+04 1.2500000000e+02 0
3.6500000000e+04 1.2500000000e+02 0
3.6625000000e+04 1.2500000000e+02 0
3.6750000000e+04 1.2500000000e+02 0
3.6875000000e+04 1.2500000000e+02 0
3.7000000000e+04 1.2500000000e+02 0
3.7125000000e+04 1.2500000000e+02 0
3.7250000000e+04 1.2500000000e+02 0
3.7375000000e+04 1.2500000000e+02 0
3.7500000000e+04 1.2500000000e+02 0
3.7625000000e+04 1.2500000000e+02 0
3.7750000000e+04 1.2500000000e+02 0
3.7875000000e+04 1.2500000000e+02 0
3.8000000000e+04 1.2500000000e+02 0
3.8125000000e+04 1.2500000000e+02 0
3.8250000000e+04 1.2500000000e+02 0
3.8375000000e+04 1.2500000000e+02 0
3.8500000000e+04 1.2500000000e+02 0
3.8625000000e+04 1.2500000000e+02 0
3.8750000000e+04 1.2500000000e+02 0
3.8875000000e+04 1.2500000000e+02 0
3.9000000000e+04 1.2500000000e+02 0
3.9125000000e+04 1.2500000000e+02 0
3.9250000000e+04 1.2500000000e+02 0
3.9375000000e+04 1.2500000000e+02 0
3.9500000000e+04 1.2500000000e+02 0
3.9625000000e+04 1.2500000000e+02 0
3.9750000000e+04 1.2500000000e+02 0
3.9875000000e+04 1.2500000000e+02 0
4.0000000000e+04 1.2500000000e+02 0
4.0125000000e+04 1.2500000000e+02 0
4.0250000000e+04 1.2500000000e+02 0
4.0375000000e+04 1.2500000000e+02 0
4.0500000000e+04 1.2500000000e+02 0
4.0625000000e+04 1.2500000000e+02 0
4.0750000000e+04 1.2500000000e+02 0
4.0875000000e+04 1.2500000000e+02 0
4.1000000000e+04 1.2500000000e+02 0
4.1125000000e+04 1.2500000000e+02 0
4.1250000000e+04 1.2500000000e+02 0
4.1375000000e+04 1.2500000000e+02 0
4.1500000000e+04 1.2500000000e+02 0
4.1625000000e+04 1.2500000000e+02 0
4.1750000000e+04 1.2500000000e+02 0
4.1875000000e+04 1.2500000000e+02 0
4.2000000000e+04 1.2500000000e+02 0
4.2125000000e+04 1.2500000000e+02 0
4.2250000000e+04 1.2500000000e+02 0
4.2375000000e+04 1.2500000000e+02 0
4.2500000000e+04 1.2500000000e+02 0
4.2625000000e+04 1.2500000000e+02 0
4.2750000000e+04 1.2500000000e+02 0
4.2875000000e+04 1.2500000000e+02 0
4.3000000000e+04 1.2500000000e+02 0
4.3125000000e+04 1.2500000000e+02 0
4.3250000000e+04 1.2500000000e+02 0
4.3375000000e+04 1.2500000000e+02 0
4.3500000000e+04 1.2500000000e+02 0
4.3625000000e+04 1.2500000000e+02 0
4.3750000000e+04 1.2500000000e+02 0
4.3875000000e+04 1.2500000000e+02 0
4.4000000000e+04 1.2500000000e+02 0
4.4125000000e+04 1.2500000000e+02 0
4.4250000000e+04 1.2500000000e+02 0
4.4375000000e+04 1.2500000000e+02 0
4.4500000000e+04 1.2500000000e+02 0
4.4625000000e+04 1.2500000000e+02 0
4.4750000000e+04 1.2500000000e+02 0
4.4875000000e+04 1.2500000000e+02 0
4.5000000000e+04 1.2500000000e+02 0
4.5125000000e+04 1.2500000000e+02 0
4.5250000000e+04 1.2500000000e+02 0
4.5375000000e+04 1.2500000000e+02 0
4.5500000000e+04 1.2500000000e+02 0
4.5625000000e+04 1.2500000000e+02 0
4.5750000000e+04 1.2500000000e+02 0
4.5875000000e+04 1.2500000000e+02 0
4.6000000000e+04 1.2500000000e+02 0
4.6125000000e+04 1.2500000000e+02 0
4.6250000000e+04 1.2500000000e+02 0
4.6375000000e+04 1.2500000000e+02 0
4.6500000000e+04 1.2500000000e+02 0
4.6625000000e+04 1.2500000000e+02 0
4.6750000000e+04 1.2500000000e+02 0
4.6875000000e+04 1.2500000000e+02 0
4.7000000000e+04 1.2500000000e+02 0
4.7125000000e+04 1.2500000000e+02 0
4.7250000000e+04 1.2500000000e+02 0
4.7375000000e+04 1.2500000000e+02 0
4.7500000000e+04 1.2500000000e+02 0
4.7625000000e+04 1.2500000000e+02 0
4.7750000000e+04 1.2500000000e+02 0
4.7875000000e+04 1.2500000000e+02 0
4.8000000000e+04 1.2500000000e+02 0
4.8125000000e+04 1.2500000000e+02 0
4.8250000000e+04 1.2500000000e+02 0
4.8375000000e+04 1.2500000000e+02 0
4.8500000000e+04 1.2500000000e+02 0
4.8625000000e+04 1.2500000000e+02 0
4.8750000000e+04 1.2500000000e+02 0
4.8875000000e+04 1.2500000000e+02 0
4.9000000000e+04 1.2500000000e+02 0
4.9125000000e+04 1.2500000000e+02 0
4.9250000000e+04 1.2500000000e+02 0
4.9375000000e+04 1.2500000000e+02 0
4.9500000000e+04 1.2500000000e+02 0
4.9625000000e+04 1.2500000000e+02 0
4.9750000000e+04 1.2500000000e+02 0
4.9875000000e+04 1.2500000000e+02 0
5.0000000000e+04 1.2500000000e+02 0
5.0125000000e+04 1.2500000000e+02 0
5.0250000000e+04 1.2500000000e+02 0
5.0375000000e+04 1.2500000000e+02 0
5.0500000000e+04 1.2500000000e+02 0
5.0625000000e+04 1.2500000000e+02 0
5.0750000000e+04 1.2500000000e+02 0
5.0875000000e+04 1.2500000000e+02 0
5.1000000000e+04 1.2500000000e+02 0
5.1125000000e+04 1.2500000000e+02 0
5.1250000000e+04 1.2500000000e+02 0
5.1375000000e+04 1.2500000000e+02 0
5.1500000000e+04 1.2500000000e+02 0
5.1625000000e+04 1.2500000000e+02 0
5.1750000000e+04 1.2500000000e+02 0
5.1875000000e+04 1.2500000000e+02 0
5.2000000000e+04 1.2500000000e+02 0
5.2125000000e+04 1.2500000000e+02 0
5.2250000000e+04 1.2500000000e+02 0
5.2375000000e+04 1.2500000000e+02 0
5.2500000000e+04 1.2500000000e+02 0
5.2625000000e+04 1.2500000000e+02 0
5.2750000000e+04 1.2500000000e+02 0
5.2875000000e+04 1.2500000000e+02 0
5.3000000000e+04 1.2500000000e+02 0
5.3125000000e+04 1.2500000000e+02 0
5.3250000000e+04 1.2500000000e+02 0
5.3375000000e+04 1.2500000000e+02 0
5.3500000000e+04 1.2500000000e+02 0
5.3625000000e+04 1.2500000000e+02 0
5.3750000000e+04 1.2500000000e+02 0
5.3875000000e+04 1.2500000000e+02 0
5.4000000000e+04 1.2500000000e+02 0
5.4125000000e+04 1.2500000000e+02 0
5.4250000000e+04 1.2500000000e+02 0
5.4375000000e+04 1.2500000000e+02 0
5.4500000000e+04 1.2500000000e+02 0
5.4625000000e+04 1.2500000000e+02 0
5.4750000000e+04 1.2500000000e+02 0
5.4875000000e+04 1.2500000000e+02 0
5.5000000000e+04 1.2500000000e+02 0
5.5125000000e+04 1.2500000000e+02 0
5.5250000000e+04 1.2500000000e+02 0
5.5375000000e+04 1.2500000000e+02 0
5.5500000000e+04 1.2500000000e+02 0
5.5625000000e+04 1.2500000000e+02 0
5.5750000000e+04 1.2500000000e+02 0
5.5875000000e+04 1.2500000000e+02 0
5.6000000000e+04 1.2500000000e+02 0
5.6125000000e+04 1.2500000000e+02 0
5.6250000000e+04 1.2500000000e+02 0
5.6375000000e+04 1.2500000000e+02 0
5.6500000000e+04 1.2500000000e+02 0
5.6625000000e+04 1.2500000000e+02 0
5.6750000000e+04 1.2500000000e+02 0
5.6875000000e+04 1.2500000000e+02 0
5.7000000000e+04 1.2500000000e+02 0
5.7125000000e+04 1.2500000000e+02 0
5.7250000000e+04 1.2500000000e+02 0
5.7375000000e+04 1.2500000000e+02 0
5.7500000000e+04 1.2500000000e+02 0
5.7625000000e+04 1.2500000000e+02 0
5.7750000000e+04 1.2500000000e+02 0
5.7875000000e+04 1.2500000000e+02 0
5.8000000000e+04 1.2500000000e+02 0
5.8125000000e+04 1.2500000000e+02 0
5.8250000000e+04 1.2500000000e+02 0
5.8375000000e+04 1.2500000000e+02 0
5.8500000000e+04 1.2500000000e+02 0
5.8625000000e+04 1.2500000000e+02 0
5.8750000000e+04 1.2500000000e+02 0
5.8875000000e+04 1.2500000000e+02 0
5.9000000000e+04 1.2500000000e+02 0
5.9125000000e+04 1.2500000000e+02 0
5.9250000000e+04 1.2500000000e+02 0
5.9375000000e+04 1.2500000000e+02 0
5.9500000000e+04 1.2500000000e+02 0
5.9625000000e+04 1.2500000000e+02 0
5.9750000000e+04 1.2500000000e+02 0
5.9875000000e+04 1.2500000000e+02 0
6.0000000000e+04 1.2500000000e+02 0
