4 5.0000000000e+02 5.0000000000e+02 1 102 101 0 100 -1 -1 1
4 1.5000000000e+03 5.0000000000e+02 2 103 102 1 101 0 -1 2
4 2.5000000000e+03 5.0000000000e+02 3 104 103 2 102 1 -1 3
4 3.5000000000e+03 5.0000000000e+02 4 105 104 3 103 2 -1 4
4 4.5000000000e+03 5.0000000000e+02 5 106 105 4 104 3 -1 5
4 5.5000000000e+03 5.0000000000e+02 6 107 106 5 105 4 -1 6
4 6.5000000000e+03 5.0000000000e+02 7 108 107 6 106 5 -1 7
4 7.5381491458e+03 5.3814914583e+02 8 109 108 7 107 6 -1 8
4 8.4979277046e+03 5.0175706013e+02 9 110 109 8 108 7 -1 9
4 9.5524103345e+03 5.5241033453e+02 10 111 110 9 109 8 -1 10
4 1.0484655877e+04 5.1220619482e+02 11 112 111 10 110 9 -1 11
4 1.1506693980e+04 5.0669397956e+02 12 113 112 11 111 10 -1 12
4 1.2528853393e+04 4.7176944629e+02 13 114 113 12 112 11 -1 13
4 1.3500000000e+04 5.0000000000e+02 14 115 114 13 113 12 -1 14
4 1.4500000000e+04 5.0000000000e+02 15 116 115 14 114 13 -1 15
4 1.5500000000e+04 5.0000000000e+02 16 117 116 15 115 14 -1 16
4 1.6500000000e+04 5.0000000000e+02 17 118 117 16 116 15 -1 17
4 1.7500000000e+04 5.0000000000e+02 18 119 118 17 117 16 -1 18
4 1.8500000000e+04 5.0000000000e+02 19 120 119 18 118 17 -1 19
4 1.9500000000e+04 5.0000000000e+02 20 121 120 19 119 18 -1 20
4 2.0500000000e+04 5.0000000000e+02 21 122 121 20 120 19 -1 21
4 2.1557262472e+04 5.5726247171e+02 22 123 122 21 121 20 -1 22
4 2.2503532890e+04 4.9727951704e+02 23 124 123 22 122 21 -1 23
4 2.3500000000e+04 5.0000000000e+02 24 125 124 23 123 22 -1 24
4 2.4416899676e+04 4.1689967644e+02 25 126 125 24 124 23 -1 25
4 2.5459645001e+04 5.5290354933e+02 26 127 126 25 125 24 -1 26
4 2.6491287567e+04 4.9128756742e+02 27 128 127 26 126 25 -1 27
4 2.7446979884e+04 5.5586283962e+02 28 129 128 27 127 26 -1 28
4 2.8500000000e+04 5.0000000000e+02 29 130 129 28 128 27 -1 29
4 2.9500000000e+04 5.0000000000e+02 30 131 130 29 129 28 -1 30
4 3.0518757978e+04 5.1875797777e+02 31 132 131 30 130 29 -1 31
4 3.1455584174e+04 5.4190195959e+02 32 133 132 31 131 30 -1 32
4 3.2460935447e+04 4.6093544703e+02 33 134 133 32 132 31 -1 33
4 3.3567393491e+04 4.1458137553e+02 34 135 134 33 133 32 -1 34
4 3.4543578897e+04 5.4357889680e+02 35 136 135 34 134 33 -1 35
4 3.5523193608e+04 4.8091118255e+02 36 137 136 35 135 34 -1 36
4 3.6500000000e+04 5.0000000000e+02 37 138 137 36 136 35 -1 37
4 3.7500000000e+04 5.0000000000e+02 38 139 138 37 137 36 -1 38
4 3.8500000000e+04 5.0000000000e+02 39 140 139 38 138 37 -1 39
4 3.9436936070e+04 4.3693606959e+02 40 141 140 39 139 38 -1 40
4 4.0461562413e+04 5.4772407605e+02 41 142 141 40 140 39 -1 41
4 4.1500000000e+04 5.0000000000e+02 42 143 142 41 141 40 -1 42
4 4.2500000000e+04 5.0000000000e+02 43 144 143 42 142 41 -1 43
4 4.3500000000e+04 5.0000000000e+02 44 145 144 43 143 42 -1 44
4 4.4500000000e+04 5.0000000000e+02 45 146 145 44 144 43 -1 45
4 4.5500000000e+04 5.0000000000e+02 46 147 146 45 145 44 -1 46
4 4.6500000000e+04 5.0000000000e+02 47 148 147 46 146 45 -1 47
4 4.7500000000e+04 5.0000000000e+02 48 149 148 47 147 46 -1 48
4 4.8500000000e+04 5.0000000000e+02 49 150 149 48 148 47 -1 49
4 4.9500000000e+04 5.0000000000e+02 50 151 150 49 149 48 -1 50
4 5.0500000000e+04 5.0000000000e+02 51 152 151 50 150 49 -1 51
4 5.1512836375e+04 5.1283637456e+02 52 153 152 51 151 50 -1 52
4 5.2409933770e+04 5.9123690000e+02 53 154 153 52 152 51 -1 53
4 5.3500000000e+04 5.0000000000e+02 54 155 154 53 153 52 -1 54
4 5.4511345611e+04 5.1134561139e+02 55 156 155 54 154 53 -1 55
4 5.5506587972e+04 4.9371253021e+02 56 157 156 55 155 54 -1 56
4 5.6405939636e+04 4.0593963595e+02 57 158 157 56 156 55 -1 57
4 5.7438125173e+04 5.1117415943e+02 58 159 158 57 157 56 -1 58
4 5.8447953170e+04 5.5900536623e+02 59 160 159 58 158 57 -1 59
4 5.9500000000e+04 5.0000000000e+02 60 161 160 59 159 58 -1 60
4 6.0500000000e+04 5.0000000000e+02 61 162 161 60 160 59 -1 61
4 6.1500000000e+04 5.0000000000e+02 62 163 162 61 161 60 -1 62
4 6.2500000000e+04 5.0000000000e+02 63 164 163 62 162 61 -1 63
4 6.3500000000e+04 5.0000000000e+02 64 165 164 63 163 62 -1 64
4 6.4401940698e+04 4.0194069754e+02 65 166 165 64 164 63 -1 65
4 6.5451720822e+04 5.6569684556e+02 66 167 166 65 165 64 -1 66
4 6.6500000000e+04 5.0000000000e+02 67 168 167 66 166 65 -1 67
4 6.7500000000e+04 5.0000000000e+02 68 169 168 67 167 66 -1 68
4 6.8458168962e+04 4.5816896241e+02 69 170 169 68 168 67 -1 69
4 6.9442595686e+04 5.6750970613e+02 70 171 170 69 169 68 -1 70
4 7.0584670812e+04 5.8467081240e+02 71 172 171 70 170 69 -1 71
4 7.1432255004e+04 5.4729235224e+02 72 173 172 71 171 70 -1 72
4 7.2500000000e+04 5.0000000000e+02 73 174 173 72 172 71 -1 73
4 7.3500000000e+04 5.0000000000e+02 74 175 174 73 173 72 -1 74
4 7.4500000000e+04 5.0000000000e+02 75 176 175 74 174 73 -1 75
4 7.5500000000e+04 5.0000000000e+02 76 177 176 75 175 74 -1 76
4 7.6559880287e+04 5.5988028675e+02 77 178 177 76 176 75 -1 77
4 7.7516501573e+04 4.8750645835e+02 78 179 178 77 177 76 -1 78
4 7.8500000000e+04 5.0000000000e+02 79 180 179 78 178 77 -1 79
4 7.9480342800e+04 4.8034280012e+02 80 181 180 79 179 78 -1 80
4 8.0430075078e+04 5.7751501520e+02 81 182 181 80 180 79 -1 81
4 8.1500000000e+04 5.0000000000e+02 82 183 182 81 181 80 -1 82
4 8.2535267044e+04 5.3526704386e+02 83 184 183 82 182 81 -1 83
4 8.3465695788e+04 5.2993556800e+02 84 185 184 83 183 82 -1 84
4 8.4490220204e+04 4.9022020432e+02 85 186 185 84 184 83 -1 85
4 8.5409828074e+04 5.9895675320e+02 86 187 186 85 185 84 -1 86
4 8.6500000000e+04 5.0000000000e+02 87 188 187 86 186 85 -1 87
4 8.7472857936e+04 4.7285793574e+02 88 189 188 87 187 86 -1 88
4 8.8466714582e+04 5.3696167871e+02 89 190 189 88 188 87 -1 89
4 8.9500000000e+04 5.0000000000e+02 90 191 190 89 189 88 -1 90
4 9.0480883553e+04 4.8088355255e+02 91 192 191 90 190 89 -1 91
4 9.1533065419e+04 4.6381703713e+02 92 193 192 91 191 90 -1 92
4 9.2502341135e+04 5.0234113487e+02 93 194 193 92 192 91 -1 93
4 9.3531917242e+04 4.6812487941e+02 94 195 194 93 193 92 -1 94
4 9.4500000000e+04 5.0000000000e+02 95 196 195 94 194 93 -1 95
4 9.5461507031e+04 4.6150703087e+02 96 197 196 95 195 94 -1 96
4 9.6481810368e+04 5.2092207925e+02 97 198 197 96 196 95 -1 97
4 9.7473459642e+04 4.7345964174e+02 98 199 198 97 197 96 -1 98
4 9.8467328541e+04 5.3619984358e+02 99 200 199 98 198 97 -1 99
4 9.9500000000e+04 5.0000000000e+02 100 201 200 99 199 98 -1 -1
4 5.0000000000e+02 1.5000000000e+03 102 203 202 101 200 -1 0 101
4 1.5000000000e+03 1.5000000000e+03 103 204 203 102 201 100 1 102
4 2.3526972130e+03 1.3526972130e+03 104 205 204 103 202 101 2 103
4 3.4969941702e+03 1.5047510860e+03 105 206 205 104 203 102 3 104
4 4.5000000000e+03 1.5000000000e+03 106 207 206 105 204 103 4 105
4 5.5000000000e+03 1.5000000000e+03 107 208 207 106 205 104 5 106
4 6.5000000000e+03 1.5000000000e+03 108 209 208 107 206 105 6 107
4 7.5044693362e+03 1.4947339604e+03 109 210 209 108 207 106 7 108
4 8.5450634761e+03 1.5450634761e+03 110 211 210 109 208 107 8 109
4 9.4997723899e+03 1.5002880107e+03 111 212 211 110 209 108 9 110
4 1.0566293610e+04 1.5662936103e+03 112 213 212 111 210 109 10 111
4 1.1528368703e+04 1.4710737899e+03 113 214 213 112 211 110 11 112
4 1.2503527834e+04 1.5035278343e+03 114 215 214 113 212 111 12 113
4 1.3500000000e+04 1.5000000000e+03 115 216 215 114 213 112 13 114
4 1.4470907298e+04 1.4709072978e+03 116 217 216 115 214 113 14 115
4 1.5525707161e+04 1.4709072978e+03 117 218 217 116 215 114 15 116
4 1.6543999896e+04 1.5439998955e+03 118 219 218 117 216 115 16 117
4 1.7497640489e+04 1.5019456363e+03 119 220 219 118 217 116 17 118
4 1.8500000000e+04 1.5000000000e+03 120 221 220 119 218 117 18 119
4 1.9500000000e+04 1.5000000000e+03 121 222 221 120 219 118 19 120
4 2.0500000000e+04 1.5000000000e+03 122 223 222 121 220 119 20 121
4 2.1517083291e+04 1.4780731400e+03 123 224 223 122 221 120 21 122
4 2.2573947966e+04 1.5739479665e+03 124 225 224 123 222 121 22 123
4 2.3500000000e+04 1.5000000000e+03 125 226 225 124 223 122 23 124
4 2.4470558898e+04 1.5215177429e+03 126 227 226 125 224 123 24 125
4 2.5433922715e+04 1.4339227148e+03 127 228 227 126 225 124 25 126
4 2.6444647113e+04 1.5518750856e+03 128 229 228 127 226 125 26 127
4 2.7480412508e+04 1.4804125084e+03 129 230 229 128 227 126 27 128
4 2.8496577804e+04 1.4965778044e+03 130 231 230 129 228 127 28 129
4 2.9579365066e+04 1.4135665925e+03 131 232 231 130 229 128 29 130
4 3.0459290903e+04 1.5436233598e+03 132 233 232 131 230 129 30 131
4 3.1512451671e+04 1.5124516705e+03 133 234 233 132 231 130 31 132
4 3.2586772487e+04 1.4158126008e+03 134 235 234 133 232 131 32 133
4 3.3387857118e+04 1.4787299125e+03 135 236 235 134 233 132 33 134
4 3.4527080178e+04 1.4677140935e+03 136 237 236 135 234 133 34 135
4 3.5549693785e+04 1.5496937851e+03 137 238 237 136 235 134 35 136
4 3.6516210909e+04 1.5162109089e+03 138 239 238 137 236 135 36 137
4 3.7534156202e+04 1.4679005395e+03 139 240 239 138 237 136 37 138
4 3.8524190790e+04 1.5241907901e+03 140 241 240 139 238 137 38 139
4 3.9494679519e+04 1.4977050045e+03 141 242 241 140 239 138 39 140
4 4.0409601469e+04 1.4096014695e+03 142 243 242 141 240 139 40 141
4 4.1470098580e+04 1.5341398884e+03 143 244 243 142 241 140 41 142
4 4.2503577459e+04 1.5035774590e+03 144 245 244 143 242 141 42 143
4 4.3534023884e+04 1.4661638911e+03 145 246 245 144 243 142 43 144
4 4.4500000000e+04 1.5000000000e+03 146 247 246 145 244 143 44 145
4 4.5495145121e+04 1.4951451209e+03 147 248 247 146 245 144 45 146
4 4.6456607651e+04 1.5448029667e+03 148 249 248 147 246 145 46 147
4 4.7550495580e+04 1.5504955801e+03 149 250 249 148 247 146 47 148
4 4.8515009586e+04 1.4880635227e+03 150 251 250 149 248 147 48 149
4 4.9500000000e+04 1.5000000000e+03 151 252 251 150 249 148 49 150
4 5.0500000000e+04 1.5000000000e+03 152 253 252 151 250 149 50 151
4 5.1408560542e+04 1.5897515335e+03 153 254 253 152 251 150 51 152
4 5.2497533330e+04 1.4975333295e+03 154 255 254 153 252 151 52 153
4 5.3386743383e+04 1.4638798591e+03 155 256 255 154 253 152 53 154
4 5.4465001394e+04 1.5439605434e+03 156 257 256 155 254 153 54 155
4 5.5542907807e+04 1.5429078071e+03 157 258 257 156 255 154 55 156
4 5.6512097892e+04 1.4795567902e+03 158 259 258 157 256 155 56 157
4 5.7375449434e+04 1.4870132022e+03 159 260 259 158 257 156 57 158
4 5.8480245295e+04 1.4802452948e+03 160 261 260 159 258 157 58 159
4 5.9557424495e+04 1.4455997463e+03 161 262 261 160 259 158 59 160
4 6.0548624892e+04 1.5486248924e+03 162 263 262 161 260 159 60 161
4 6.1579834895e+04 1.4344586122e+03 163 264 263 162 261 160 61 162
4 6.2500000000e+04 1.5000000000e+03 164 265 264 163 262 161 62 163
4 6.3500000000e+04 1.5000000000e+03 165 266 265 164 263 162 63 164
4 6.4424922748e+04 1.4952407000e+03 166 267 266 165 264 163 64 165
4 6.5477719461e+04 1.3482275396e+03 167 268 267 166 265 164 65 166
4 6.6523134773e+04 1.5231347727e+03 168 269 268 167 266 165 66 167
4 6.7554447568e+04 1.4498919420e+03 169 270 269 168 267 166 67 168
4 6.8500781056e+04 1.5982014934e+03 170 271 270 169 268 167 68 169
4 6.9541131969e+04 1.3914719670e+03 171 272 271 170 269 168 69 170
4 7.0484439343e+04 1.5237140935e+03 172 273 272 171 270 169 70 171
4 7.1620658353e+04 1.6206583526e+03 173 274 273 172 271 170 71 172
4 7.2389288674e+04 1.3892886738e+03 174 275 274 173 272 171 72 173
4 7.3446225428e+04 1.5753414318e+03 175 276 275 174 273 172 73 174
4 7.4396707474e+04 1.3967074738e+03 176 277 276 175 274 173 74 175
4 7.5513575905e+04 1.6513729356e+03 177 278 277 176 275 174 75 176
4 7.6429797908e+04 1.5001943521e+03 178 279 278 177 276 175 76 177
4 7.7576203717e+04 1.5762037171e+03 179 280 279 178 277 176 77 178
4 7.8500000000e+04 1.5000000000e+03 180 281 280 179 278 177 78 179
4 7.9424846569e+04 1.5654777545e+03 181 282 281 180 279 178 79 180
4 8.0456101640e+04 1.4561016402e+03 182 283 282 181 280 179 80 181
4 8.1552488158e+04 1.4444556803e+03 183 284 283 182 281 180 81 182
4 8.2418430964e+04 1.4628788797e+03 184 285 284 183 282 181 82 183
4 8.3510806575e+04 1.5965721207e+03 185 286 285 184 283 182 83 184
4 8.4402363775e+04 1.5856095213e+03 186 287 286 185 284 183 84 185
4 8.5509696487e+04 1.3759271315e+03 187 288 287 186 285 184 85 186
4 8.6440272482e+04 1.4402724822e+03 188 289 288 187 286 185 86 187
4 8.7453632516e+04 1.5391708390e+03 189 290 289 188 287 186 87 188
4 8.8512007740e+04 1.5120077400e+03 190 291 290 189 288 187 88 189
4 8.9602777236e+04 1.4827528974e+03 191 292 291 190 289 188 89 190
4 9.0519979344e+04 1.4752217282e+03 192 293 292 191 290 189 90 191
4 9.1468352123e+04 1.4683521229e+03 193 294 293 192 291 190 91 192
4 9.2494409616e+04 1.5091359889e+03 194 295 294 193 292 191 92 193
4 9.3493534129e+04 1.4935341289e+03 195 296 295 194 293 192 93 194
4 9.4451899197e+04 1.5497946301e+03 196 297 296 195 294 193 94 195
4 9.5473688780e+04 1.5038432325e+03 197 298 297 196 295 194 95 196
4 9.6425017614e+04 1.5038432325e+03 198 299 298 197 296 195 96 197
4 9.7466703186e+04 1.5296188031e+03 199 300 299 198 297 196 97 198
4 9.8489379851e+04 1.4893798506e+03 200 301 300 199 298 197 98 199
4 9.9446948341e+04 1.5506943928e+03 201 302 301 200 299 198 99 -1
4 5.0000000000e+02 2.5000000000e+03 203 304 303 202 300 -1 100 201
4 1.5000000000e+03 2.5000000000e+03 204 305 304 203 301 200 101 202
4 2.5541576383e+03 2.4644331555e+03 205 306 305 204 302 201 102 203
4 3.4172366481e+03 2.4172366481e+03 206 307 306 205 303 202 103 204
4 4.4700974769e+03 2.5290242480e+03 207 308 307 206 304 203 104 205
4 5.5363955168e+03 2.5363955168e+03 208 309 308 207 305 204 105 206
4 6.5902375441e+03 2.4195797310e+03 209 310 309 208 306 205 106 207
4 7.4907263585e+03 2.4907263585e+03 210 311 310 209 307 206 107 208
4 8.4358191855e+03 2.5683677594e+03 211 312 311 210 308 207 108 209
4 9.4362338157e+03 2.4362338157e+03 212 313 312 211 309 208 109 210
4 1.0492692308e+04 2.5091346154e+03 213 314 313 212 310 209 110 211
4 1.1500000000e+04 2.5000000000e+03 214 315 314 213 311 210 111 212
4 1.2553678895e+04 2.5536788955e+03 215 316 315 214 312 211 112 213
4 1.3519977991e+04 2.4843795003e+03 216 317 316 215 313 212 113 214
4 1.4532478243e+04 2.4709072978e+03 217 318 317 216 314 213 114 215
4 1.5470907298e+04 2.4709072978e+03 218 319 318 217 315 214 115 216
4 1.6506408489e+04 2.4922430870e+03 219 320 319 218 316 215 116 217
4 1.7553473325e+04 2.5534733247e+03 220 321 320 219 317 216 117 218
4 1.8500000000e+04 2.5000000000e+03 221 322 321 220 318 217 118 219
4 1.9515601504e+04 2.5156015038e+03 222 323 322 221 319 218 119 220
4 2.0572045455e+04 2.4298672566e+03 223 324 323 222 320 219 120 221
4 2.1500000000e+04 2.5000000000e+03 224 325 324 223 321 220 121 222
4 2.2500000000e+04 2.5000000000e+03 225 326 325 224 322 221 122 223
4 2.3543814930e+04 2.5438149301e+03 226 327 326 225 323 222 123 224
4 2.4521481510e+04 2.4823410880e+03 227 328 327 226 324 223 124 225
4 2.5500000000e+04 2.5000000000e+03 228 329 328 227 325 224 125 226
4 2.6505281305e+04 2.5052813055e+03 229 330 329 228 326 225 126 227
4 2.7567223898e+04 2.4315020750e+03 230 331 330 229 327 226 127 228
4 2.8586683640e+04 2.4184361235e+03 231 332 331 230 328 227 128 229
4 2.9469811186e+04 2.4698111858e+03 232 333 332 231 329 228 129 230
4 3.0525888872e+04 2.5258888719e+03 233 334 333 232 330 229 130 231
4 3.1522332673e+04 2.4799918618e+03 234 335 334 233 331 230 131 232
4 3.2451964483e+04 2.5447896707e+03 235 336 335 234 332 231 132 233
4 3.3480489986e+04 2.4804899862e+03 236 337 336 235 333 232 133 234
4 3.4462650945e+04 2.4626509447e+03 237 338 337 236 334 233 134 235
4 3.5458534928e+04 2.5477282701e+03 238 339 338 237 335 234 135 236
4 3.6524339564e+04 2.4559272810e+03 239 340 339 238 336 235 136 237
4 3.7557657363e+04 2.4698814746e+03 240 341 340 239 337 236 137 238
4 3.8569775973e+04 2.5130670043e+03 241 342 341 240 338 237 138 239
4 3.9456527604e+04 2.5787227520e+03 242 343 342 241 339 238 139 240
4 4.0470880923e+04 2.5250811178e+03 243 344 343 242 340 239 140 241
4 4.1465573768e+04 2.4655737675e+03 244 345 344 243 341 240 141 242
4 4.2533854648e+04 2.4659814124e+03 245 346 345 244 342 241 142 243
4 4.3537027057e+04 2.5370270565e+03 246 347 346 245 343 242 143 244
4 4.4540998582e+04 2.4652105334e+03 247 348 347 246 344 243 144 245
4 4.5381006618e+04 2.4713850287e+03 248 349 348 247 345 244 145 246
4 4.6460312706e+04 2.5260157057e+03 249 350 349 248 346 245 146 247
4 4.7522909576e+04 2.4716883743e+03 250 351 350 249 347 246 147 248
4 4.8578292109e+04 2.5782921091e+03 251 352 351 250 348 247 148 249
4 4.9509369047e+04 2.5508811064e+03 252 353 352 251 349 248 149 250
4 5.0498622989e+04 2.5012192313e+03 253 354 353 252 350 249 150 251
4 5.1500000000e+04 2.5000000000e+03 254 355 354 253 351 250 151 252
4 5.2465708329e+04 2.5366640714e+03 255 356 355 254 352 251 152 253
4 5.3481296754e+04 2.5440488842e+03 256 357 356 255 353 252 153 254
4 5.4424290427e+04 2.4242904272e+03 257 358 357 256 354 253 154 255
4 5.5493613445e+04 2.5038845123e+03 258 359 358 257 355 254 155 256
4 5.6530369268e+04 2.5303692682e+03 259 360 359 258 356 255 156 257
4 5.7480949030e+04 2.4809490304e+03 260 361 360 259 357 256 157 258
4 5.8599347316e+04 2.4009274083e+03 261 362 361 260 358 257 158 259
4 5.9467135115e+04 2.4671351154e+03 262 363 362 261 359 258 159 260
4 6.0540972767e+04 2.4599096021e+03 263 364 363 262 360 259 160 261
4 6.1531955618e+04 2.5319556180e+03 264 365 364 263 361 260 161 262
4 6.2456493086e+04 2.4564930860e+03 265 366 365 264 362 261 162 263
4 6.3458973210e+04 2.5481246693e+03 266 367 366 265 363 262 163 264
4 6.4572733791e+04 2.4399526543e+03 267 368 367 266 364 263 164 265
4 6.5445096151e+04 2.4450961512e+03 268 369 368 267 365 264 165 266
4 6.6551840920e+04 2.4445593078e+03 269 370 369 268 366 265 166 267
4 6.7582527873e+04 2.5825278733e+03 270 371 370 269 367 266 167 268
4 6.8584841310e+04 2.3758897534e+03 271 372 371 270 368 267 168 269
4 6.9601641299e+04 2.6016412986e+03 272 373 372 271 369 268 169 270
4 7.0510005230e+04 2.4925245838e+03 273 374 373 272 370 269 170 271
4 7.1525191167e+04 2.5251911673e+03 274 375 374 273 371 270 171 272
4 7.2499277177e+04 2.4832090424e+03 275 376 375 274 372 271 172 273
4 7.3417496228e+04 2.4174962282e+03 276 377 376 275 373 272 173 274
4 7.4536259252e+04 2.5684495562e+03 277 378 377 276 374 273 174 275
4 7.5406375153e+04 2.4949200510e+03 278 379 378 277 375 274 175 276
4 7.6643163971e+04 2.6431639711e+03 279 380 379 278 376 275 176 277
4 7.7590905130e+04 2.4195880523e+03 280 381 380 279 377 276 177 278
4 7.8529951969e+04 2.5299519686e+03 281 382 381 280 378 277 178 279
4 7.9546430903e+04 2.5006864806e+03 282 383 382 281 379 278 179 280
4 8.0590873883e+04 2.4085063161e+03 283 384 383 282 380 279 180 281
4 8.1508654495e+04 2.5086544946e+03 284 385 384 283 381 280 181 282
4 8.2489519277e+04 2.5056977068e+03 285 386 385 284 382 281 182 283
4 8.3382329721e+04 2.3823297208e+03 286 387 386 285 383 282 183 284
4 8.4556193265e+04 2.4795561182e+03 287 388 387 286 384 283 184 285
4 8.5468559898e+04 2.4685598976e+03 288 389 388 287 385 284 185 286
4 8.6500531308e+04 2.4995710410e+03 289 390 389 288 386 285 186 287
4 8.7520313630e+04 2.5203136297e+03 290 391 390 289 387 286 187 288
4 8.8532693869e+04 2.4302522555e+03 291 392 391 290 388 287 188 289
4 8.9518049349e+04 2.5368384253e+03 292 393 392 291 389 288 189 290
4 9.0544923391e+04 2.5449233912e+03 293 394 393 292 390 289 190 291
4 9.1460311219e+04 2.5376586189e+03 294 395 394 293 391 290 191 292
4 9.2485282103e+04 2.4852821029e+03 295 396 395 294 392 291 192 293
4 9.3450387043e+04 2.5475680287e+03 296 397 396 295 393 292 193 294
4 9.4486095958e+04 2.4860959575e+03 297 398 397 296 394 293 194 295
4 9.5459255136e+04 2.5384896245e+03 298 399 398 297 395 294 195 296
4 9.6510103258e+04 2.5101032583e+03 299 400 399 298 396 295 196 297
4 9.7515252602e+04 2.4863442639e+03 300 401 400 299 397 296 197 298
4 9.8450181011e+04 2.5526835823e+03 301 402 401 300 398 297 198 299
4 9.9507265215e+04 2.5072652149e+03 302 403 402 301 399 298 199 -1
4 5.0000000000e+02 3.5000000000e+03 304 405 404 303 400 -1 200 301
4 1.5000000000e+03 3.5000000000e+03 305 406 405 304 401 300 201 302
4 2.5000000000e+03 3.5000000000e+03 306 407 406 305 402 301 202 303
4 3.4712745164e+03 3.5297049354e+03 307 408 407 306 403 302 203 304
4 4.5062404092e+03 3.5062404092e+03 308 409 408 307 404 303 204 305
4 5.5839735122e+03 3.4089244335e+03 309 410 409 308 405 304 205 306
4 6.5085370884e+03 3.5085370884e+03 310 411 410 309 406 305 206 307
4 7.4323066211e+03 3.5623441898e+03 311 412 411 310 407 306 207 308
4 8.4746850060e+03 3.4746850060e+03 312 413 412 311 408 307 208 309
4 9.5048662207e+03 3.4961137821e+03 313 414 413 312 409 308 209 310
4 1.0449310595e+04 3.4493105951e+03 314 415 414 313 410 309 210 311
4 1.1500000000e+04 3.5000000000e+03 315 416 415 314 411 310 211 312
4 1.2528002216e+04 3.4650120303e+03 316 417 416 315 412 311 212 313
4 1.3565425939e+04 3.5654259392e+03 317 418 417 316 413 312 213 314
4 1.4500000000e+04 3.5000000000e+03 318 419 418 317 414 313 214 315
4 1.5500000000e+04 3.5000000000e+03 319 420 419 318 415 314 215 316
4 1.6500000000e+04 3.5000000000e+03 320 421 420 319 416 315 216 317
4 1.7500000000e+04 3.5000000000e+03 321 422 421 320 417 316 217 318
4 1.8500000000e+04 3.5000000000e+03 322 423 422 321 418 317 218 319
4 1.9570500000e+04 3.4280612245e+03 323 424 423 322 419 318 219 320
4 2.0495472441e+04 3.4954724409e+03 324 425 424 323 420 319 220 321
4 2.1572297548e+04 3.5722975483e+03 325 426 425 324 421 320 221 322
4 2.2566605228e+04 3.4527685361e+03 326 427 426 325 422 321 222 323
4 2.3525764215e+04 3.4692175962e+03 327 428 427 326 423 322 223 324
4 2.4550400451e+04 3.5504004509e+03 328 429 428 327 424 323 224 325
4 2.5500000000e+04 3.5000000000e+03 329 430 429 328 425 324 225 326
4 2.6568410606e+04 3.4325597170e+03 330 431 430 329 426 325 226 327
4 2.7486904437e+04 3.4869044373e+03 331 432 431 330 427 326 227 328
4 2.8513681638e+04 3.5136816377e+03 332 433 432 331 428 327 228 329
4 2.9535894394e+04 3.4658475166e+03 333 434 433 332 429 328 229 330
4 3.0522720832e+04 3.4748792874e+03 334 435 434 333 430 329 230 331
4 3.1526611975e+04 3.5266119746e+03 335 436 435 334 431 330 231 332
4 3.2512445004e+04 3.5124450038e+03 336 437 436 335 432 331 232 333
4 3.3566132226e+04 3.4350795393e+03 337 438 437 336 433 332 233 334
4 3.4457962438e+04 3.5355940696e+03 338 439 438 337 434 333 234 335
4 3.5461453584e+04 3.4614535844e+03 339 440 439 338 435 334 235 336
4 3.6545183018e+04 3.4562428600e+03 340 441 440 339 436 335 236 337
4 3.7487624902e+04 3.4876249023e+03 341 442 441 340 437 336 237 338
4 3.8487095182e+04 3.6101501191e+03 342 443 442 341 438 337 238 339
4 3.9506478498e+04 3.5405803098e+03 343 444 443 342 439 338 239 340
4 4.0523669576e+04 3.5236695758e+03 344 445 444 343 440 339 240 341
4 4.1571852960e+04 3.4329485400e+03 345 446 445 344 441 340 241 342
4 4.2500000000e+04 3.5000000000e+03 346 447 446 345 442 341 242 343
4 4.3606369157e+04 3.5291156151e+03 347 448 447 346 443 342 243 344
4 4.4495051939e+04 3.5612313599e+03 348 449 448 347 444 343 244 345
4 4.5505740924e+04 3.5302839769e+03 349 450 449 348 445 344 245 346
4 4.6409209574e+04 3.5066892325e+03 350 451 450 349 446 345 246 347
4 4.7480233520e+04 3.5181526924e+03 351 452 451 350 447 346 247 348
4 4.8480062685e+04 3.5213561492e+03 352 453 452 351 448 347 248 349
4 4.9516484073e+04 3.5135198039e+03 353 454 453 352 449 348 249 350
4 5.0532449241e+04 3.5324492413e+03 354 455 454 353 450 349 250 351
4 5.1419616990e+04 3.4196169903e+03 355 456 455 354 451 350 251 352
4 5.2458572915e+04 3.5539290848e+03 356 457 456 355 452 351 252 353
4 5.3500000000e+04 3.5000000000e+03 357 458 457 356 453 352 253 354
4 5.4459159718e+04 3.5368185587e+03 358 459 458 357 454 353 254 355
4 5.5474296641e+04 3.4742966413e+03 359 460 459 358 455 354 255 356
4 5.6426899529e+04 3.4268995292e+03 360 461 460 359 456 355 256 357
4 5.7532937167e+04 3.4931911657e+03 361 462 461 360 457 356 257 358
4 5.8475230118e+04 3.4752301177e+03 362 463 462 361 458 357 258 359
4 5.9464242202e+04 3.5303248485e+03 363 464 463 362 459 358 259 360
4 6.0462131218e+04 3.4621312184e+03 364 465 464 363 460 359 260 361
4 6.1500000000e+04 3.5000000000e+03 365 466 465 364 461 360 261 362
4 6.2459362547e+04 3.5336684361e+03 366 467 466 365 462 361 262 363
4 6.3457253068e+04 3.4572530682e+03 367 468 467 366 463 362 263 364
4 6.4500000000e+04 3.5000000000e+03 368 469 468 367 464 363 264 365
4 6.5423154473e+04 3.4231544729e+03 369 470 469 368 465 364 265 366
4 6.6539758302e+04 3.4448291810e+03 370 471 470 369 466 365 266 367
4 6.7532886633e+04 3.4557787361e+03 371 472 471 370 467 366 267 368
4 6.8592699692e+04 3.5926996918e+03 372 473 472 371 468 367 268 369
4 6.9524680889e+04 3.4676601534e+03 373 474 473 372 469 368 269 370
4 7.0582154915e+04 3.5821549145e+03 374 475 474 373 470 369 270 371
4 7.1538396269e+04 3.4581181780e+03 375 476 475 374 471 370 271 372
4 7.2614287214e+04 3.6142872140e+03 376 477 476 375 472 371 272 373
4 7.3447602384e+04 3.5341692092e+03 377 478 477 376 473 372 273 374
4 7.4511333394e+04 3.4845277795e+03 378 479 478 377 474 373 274 375
4 7.5594713828e+04 3.5947138280e+03 379 480 479 378 475 374 275 376
4 7.6584341610e+04 3.4080580550e+03 380 481 480 379 476 375 276 377
4 7.7586600022e+04 3.5866000222e+03 381 482 481 380 477 376 277 378
4 7.8506698807e+04 3.4754336339e+03 382 483 482 381 478 377 278 379
4 7.9569840010e+04 3.4957482691e+03 383 484 483 382 479 378 279 380
4 8.0567437913e+04 3.5674379127e+03 384 485 484 383 480 379 280 381
4 8.1475346167e+04 3.5056792149e+03 385 486 485 384 481 380 281 382
4 8.2527975968e+04 3.5279759678e+03 386 487 486 385 482 381 282 383
4 8.3484740917e+04 3.5118975711e+03 387 488 487 386 483 382 283 384
4 8.4445668630e+04 3.4456686300e+03 388 489 488 387 484 383 284 385
4 8.5548029210e+04 3.5480292100e+03 389 490 489 388 485 384 285 386
4 8.6512116573e+04 3.4902391425e+03 390 491 490 389 486 385 286 387
4 8.7511708601e+04 3.4839966403e+03 391 492 491 390 487 386 287 388
4 8.8595241917e+04 3.5952419170e+03 392 493 492 391 488 387 288 389
4 8.9474987649e+04 3.4749876489e+03 393 494 493 392 489 388 289 390
4 9.0480411229e+04 3.5215293352e+03 394 495 494 393 490 389 290 391
4 9.1487035548e+04 3.4870355484e+03 395 496 495 394 491 390 291 392
4 9.2537289545e+04 3.4600804459e+03 396 497 496 395 492 391 292 393
4 9.3528902344e+04 3.5289023445e+03 397 498 497 396 493 392 293 394
4 9.4509375432e+04 3.4917193478e+03 398 499 498 397 494 393 294 395
4 9.5482994930e+04 3.4829949298e+03 399 500 499 398 495 394 295 396
4 9.6504639852e+04 3.4941914304e+03 400 501 500 399 496 395 296 397
4 9.7527778172e+04 3.5277781720e+03 401 502 501 400 497 396 297 398
4 9.8503281034e+04 3.5032810335e+03 402 503 502 401 498 397 298 399
4 9.9482958317e+04 3.5168627480e+03 403 504 503 402 499 398 299 -1
4 5.0000000000e+02 4.5000000000e+03 405 506 505 404 -1 -1 300 401
4 1.5000000000e+03 4.5000000000e+03 406 507 506 405 -1 400 301 402
4 2.5000000000e+03 4.5000000000e+03 407 508 507 406 -1 401 302 403
4 3.5000000000e+03 4.5000000000e+03 408 509 508 407 -1 402 303 404
4 4.5000000000e+03 4.5000000000e+03 409 510 509 408 -1 403 304 405
4 5.5000000000e+03 4.5000000000e+03 410 511 510 409 -1 404 305 406
4 6.5000000000e+03 4.5000000000e+03 411 512 511 410 -1 405 306 407
4 7.5000000000e+03 4.5000000000e+03 412 513 512 411 -1 406 307 408
4 8.5000000000e+03 4.5000000000e+03 413 514 513 412 -1 407 308 409
4 9.5000000000e+03 4.5000000000e+03 414 515 514 413 -1 408 309 410
4 1.0500000000e+04 4.5000000000e+03 415 516 515 414 -1 409 310 411
4 1.1500000000e+04 4.5000000000e+03 416 517 516 415 -1 410 311 412
4 1.2500000000e+04 4.5000000000e+03 417 518 517 416 -1 411 312 413
4 1.3500000000e+04 4.5000000000e+03 418 519 518 417 -1 412 313 414
4 1.4500000000e+04 4.5000000000e+03 419 520 519 418 -1 413 314 415
4 1.5500000000e+04 4.5000000000e+03 420 521 520 419 -1 414 315 416
4 1.6500000000e+04 4.5000000000e+03 421 522 521 420 -1 415 316 417
4 1.7500000000e+04 4.5000000000e+03 422 523 522 421 -1 416 317 418
4 1.8500000000e+04 4.5000000000e+03 423 524 523 422 -1 417 318 419
4 1.9500000000e+04 4.5000000000e+03 424 525 524 423 -1 418 319 420
4 2.0500000000e+04 4.5000000000e+03 425 526 525 424 -1 419 320 421
4 2.1568450150e+04 4.4111746109e+03 426 527 526 425 -1 420 321 422
4 2.2575868529e+04 4.5758685286e+03 427 528 527 426 -1 421 322 423
4 2.3500000000e+04 4.5000000000e+03 428 529 528 427 -1 422 323 424
4 2.4500000000e+04 4.5000000000e+03 429 530 529 428 -1 423 324 425
4 2.5500000000e+04 4.5000000000e+03 430 531 530 429 -1 424 325 426
4 2.6500000000e+04 4.5000000000e+03 431 532 531 430 -1 425 326 427
4 2.7500000000e+04 4.5000000000e+03 432 533 532 431 -1 426 327 428
4 2.8534787621e+04 4.4636771794e+03 433 534 533 432 -1 427 328 429
4 2.9509225010e+04 4.5092250105e+03 434 535 534 433 -1 428 329 430
4 3.0500000000e+04 4.5000000000e+03 435 536 535 434 -1 429 330 431
4 3.1500000000e+04 4.5000000000e+03 436 537 536 435 -1 430 331 432
4 3.2565123857e+04 4.4339444062e+03 437 538 537 436 -1 431 332 433
4 3.3495313782e+04 4.4953137820e+03 438 539 538 437 -1 432 333 434
4 3.4500000000e+04 4.5000000000e+03 439 540 539 438 -1 433 334 435
4 3.5500000000e+04 4.5000000000e+03 440 541 540 439 -1 434 335 436
4 3.6500000000e+04 4.5000000000e+03 441 542 541 440 -1 435 336 437
4 3.7500000000e+04 4.5000000000e+03 442 543 542 441 -1 436 337 438
4 3.8492651760e+04 4.5091550291e+03 443 544 543 442 -1 437 338 439
4 3.9559907281e+04 4.5599072807e+03 444 545 544 443 -1 438 339 440
4 4.0568484344e+04 4.4278465219e+03 445 546 545 444 -1 439 340 441
4 4.1504952963e+04 4.5049529633e+03 446 547 546 445 -1 440 341 442
4 4.2500000000e+04 4.5000000000e+03 447 548 547 446 -1 441 342 443
4 4.3483213993e+04 4.5222464989e+03 448 549 548 447 -1 442 343 444
4 4.4575622331e+04 4.5756223307e+03 449 550 549 448 -1 443 344 445
4 4.5456612511e+04 4.5475674596e+03 450 551 550 449 -1 444 345 446
4 4.6500283052e+04 4.5358953306e+03 451 552 551 450 -1 445 346 447
4 4.7522401107e+04 4.5224011074e+03 452 553 552 451 -1 446 347 448
4 4.8500000000e+04 4.5000000000e+03 453 554 553 452 -1 447 348 449
4 4.9500000000e+04 4.5000000000e+03 454 555 554 453 -1 448 349 450
4 5.0500000000e+04 4.5000000000e+03 455 556 555 454 -1 449 350 451
4 5.1468294584e+04 4.5233176397e+03 456 557 556 455 -1 450 351 452
4 5.2435057367e+04 4.4350573674e+03 457 558 557 456 -1 451 352 453
4 5.3500000000e+04 4.5000000000e+03 458 559 558 457 -1 452 353 454
4 5.4500000000e+04 4.5000000000e+03 459 560 559 458 -1 453 354 455
4 5.5500000000e+04 4.5000000000e+03 460 561 560 459 -1 454 355 456
4 5.6490366908e+04 4.5074064822e+03 461 562 561 460 -1 455 356 457
4 5.7442764861e+04 4.4427648614e+03 462 563 562 461 -1 456 357 458
4 5.8500000000e+04 4.5000000000e+03 463 564 563 462 -1 457 358 459
4 5.9500000000e+04 4.5000000000e+03 464 565 564 463 -1 458 359 460
4 6.0500000000e+04 4.5000000000e+03 465 566 565 464 -1 459 360 461
4 6.1500000000e+04 4.5000000000e+03 466 567 566 465 -1 460 361 462
4 6.2500000000e+04 4.5000000000e+03 467 568 567 466 -1 461 362 463
4 6.3500000000e+04 4.5000000000e+03 468 569 568 467 -1 462 363 464
4 6.4500000000e+04 4.5000000000e+03 469 570 569 468 -1 463 364 465
4 6.5577014713e+04 4.4405454787e+03 470 571 570 469 -1 464 365 466
4 6.6431019696e+04 4.4310196962e+03 471 572 571 470 -1 465 366 467
4 6.7500000000e+04 4.5000000000e+03 472 573 572 471 -1 466 367 468
4 6.8500000000e+04 4.5000000000e+03 473 574 573 472 -1 467 368 469
4 6.9500000000e+04 4.5000000000e+03 474 575 574 473 -1 468 369 470
4 7.0500000000e+04 4.5000000000e+03 475 576 575 474 -1 469 370 471
4 7.1500000000e+04 4.5000000000e+03 476 577 576 475 -1 470 371 472
4 7.2505184719e+04 4.4917763953e+03 477 578 577 476 -1 471 372 473
4 7.3650254089e+04 4.6502540890e+03 478 579 578 477 -1 472 373 474
4 7.4500000000e+04 4.5000000000e+03 479 580 579 478 -1 473 374 475
4 7.5500000000e+04 4.5000000000e+03 480 581 580 479 -1 474 375 476
4 7.6500000000e+04 4.5000000000e+03 481 582 581 480 -1 475 376 477
4 7.7518577547e+04 4.4736005309e+03 482 583 582 481 -1 476 377 478
4 7.8611912062e+04 4.6119120616e+03 483 584 583 482 -1 477 378 479
4 7.9500000000e+04 4.5000000000e+03 484 585 584 483 -1 478 379 480
4 8.0476470482e+04 4.5291725103e+03 485 586 585 484 -1 479 380 481
4 8.1554000676e+04 4.5540006758e+03 486 587 586 485 -1 480 381 482
4 8.2500000000e+04 4.5000000000e+03 487 588 587 486 -1 481 382 483
4 8.3500000000e+04 4.5000000000e+03 488 589 588 487 -1 482 383 484
4 8.4500000000e+04 4.5000000000e+03 489 590 589 488 -1 483 384 485
4 8.5519684355e+04 4.4759009194e+03 490 591 590 489 -1 484 385 486
4 8.6558239400e+04 4.5582393996e+03 491 592 591 490 -1 485 386 487
4 8.7500000000e+04 4.5000000000e+03 492 593 592 491 -1 486 387 488
4 8.8500000000e+04 4.5000000000e+03 493 594 593 492 -1 487 388 489
4 8.9480920515e+04 4.5172279458e+03 494 595 594 493 -1 488 389 490
4 9.0475900885e+04 4.4759008854e+03 495 596 595 494 -1 489 390 491
4 9.1540738202e+04 4.4615674839e+03 496 597 596 495 -1 490 391 492
4 9.2481887674e+04 4.4818876736e+03 497 598 597 496 -1 491 392 493
4 9.3511778289e+04 4.4867337284e+03 498 599 598 497 -1 492 393 494
4 9.4532177017e+04 4.5321770168e+03 499 600 599 498 -1 493 394 495
4 9.5488643680e+04 4.5106057639e+03 500 601 600 499 -1 494 395 496
4 9.6483579622e+04 4.4835796217e+03 501 602 601 500 -1 495 396 497
4 9.7500000000e+04 4.5000000000e+03 502 603 602 501 -1 496 397 498
4 9.8483173097e+04 4.5170180500e+03 503 604 603 502 -1 497 398 499
4 9.9502163178e+04 4.5021631782e+03 504 605 604 503 -1 498 399 -1
