4 1.0000000000e+02 5.0000000000e-01 1 302 301 0 -1 -1 1 -1
4 3.0000000000e+02 5.0000000000e-01 2 303 302 1 0 -1 2 -1
4 5.0000000000e+02 5.0000000000e-01 3 304 303 2 1 -1 3 -1
4 7.0000000000e+02 5.0000000000e-01 4 305 304 3 2 -1 4 -1
4 9.0000000000e+02 5.0000000000e-01 5 306 305 4 3 -1 5 -1
4 1.1000000000e+03 5.0000000000e-01 6 307 306 5 4 -1 6 -1
4 1.3000000000e+03 5.0000000000e-01 7 308 307 6 5 -1 7 -1
4 1.5000000000e+03 5.0000000000e-01 8 309 308 7 6 -1 8 -1
4 1.7000000000e+03 5.0000000000e-01 9 310 309 8 7 -1 9 -1
4 1.9000000000e+03 5.0000000000e-01 10 311 310 9 8 -1 10 -1
4 2.1000000000e+03 5.0000000000e-01 11 312 311 10 9 -1 11 -1
4 2.3000000000e+03 5.0000000000e-01 12 313 312 11 10 -1 12 -1
4 2.5000000000e+03 5.0000000000e-01 13 314 313 12 11 -1 13 -1
4 2.7000000000e+03 5.0000000000e-01 14 315 314 13 12 -1 14 -1
4 2.9000000000e+03 5.0000000000e-01 15 316 315 14 13 -1 15 -1
4 3.1000000000e+03 5.0000000000e-01 16 317 316 15 14 -1 16 -1
4 3.3000000000e+03 5.0000000000e-01 17 318 317 16 15 -1 17 -1
4 3.5000000000e+03 5.0000000000e-01 18 319 318 17 16 -1 18 -1
4 3.7000000000e+03 5.0000000000e-01 19 320 319 18 17 -1 19 -1
4 3.9000000000e+03 5.0000000000e-01 20 321 320 19 18 -1 20 -1
4 4.1000000000e+03 5.0000000000e-01 21 322 321 20 19 -1 21 -1
4 4.3000000000e+03 5.0000000000e-01 22 323 322 21 20 -1 22 -1
4 4.5000000000e+03 5.0000000000e-01 23 324 323 22 21 -1 23 -1
4 4.7000000000e+03 5.0000000000e-01 24 325 324 23 22 -1 24 -1
4 4.9000000000e+03 5.0000000000e-01 25 326 325 24 23 -1 25 -1
4 5.1000000000e+03 5.0000000000e-01 26 327 326 25 24 -1 26 -1
4 5.3000000000e+03 5.0000000000e-01 27 328 327 26 25 -1 27 -1
4 5.5000000000e+03 5.0000000000e-01 28 329 328 27 26 -1 28 -1
4 5.7000000000e+03 5.0000000000e-01 29 330 329 28 27 -1 29 -1
4 5.9000000000e+03 5.0000000000e-01 30 331 330 29 28 -1 30 -1
4 6.1000000000e+03 5.0000000000e-01 31 332 331 30 29 -1 31 -1
4 6.3000000000e+03 5.0000000000e-01 32 333 332 31 30 -1 32 -1
4 6.5000000000e+03 5.0000000000e-01 33 334 333 32 31 -1 33 -1
4 6.7000000000e+03 5.0000000000e-01 34 335 334 33 32 -1 34 -1
4 6.9000000000e+03 5.0000000000e-01 35 336 335 34 33 -1 35 -1
4 7.1000000000e+03 5.0000000000e-01 36 337 336 35 34 -1 36 -1
4 7.3000000000e+03 5.0000000000e-01 37 338 337 36 35 -1 37 -1
4 7.5000000000e+03 5.0000000000e-01 38 339 338 37 36 -1 38 -1
4 7.7000000000e+03 5.0000000000e-01 39 340 339 38 37 -1 39 -1
4 7.9000000000e+03 5.0000000000e-01 40 341 340 39 38 -1 40 -1
4 8.1000000000e+03 5.0000000000e-01 41 342 341 40 39 -1 41 -1
4 8.3000000000e+03 5.0000000000e-01 42 343 342 41 40 -1 42 -1
4 8.5000000000e+03 5.0000000000e-01 43 344 343 42 41 -1 43 -1
4 8.7000000000e+03 5.0000000000e-01 44 345 344 43 42 -1 44 -1
4 8.9000000000e+03 5.0000000000e-01 45 346 345 44 43 -1 45 -1
4 9.1000000000e+03 5.0000000000e-01 46 347 346 45 44 -1 46 -1
4 9.3000000000e+03 5.0000000000e-01 47 348 347 46 45 -1 47 -1
4 9.5000000000e+03 5.0000000000e-01 48 349 348 47 46 -1 48 -1
4 9.7000000000e+03 5.0000000000e-01 49 350 349 48 47 -1 49 -1
4 9.9000000000e+03 5.0000000000e-01 50 351 350 49 48 -1 50 -1
4 1.0100000000e+04 5.0000000000e-01 51 352 351 50 49 -1 51 -1
4 1.0300000000e+04 5.0000000000e-01 52 353 352 51 50 -1 52 -1
4 1.0500000000e+04 5.0000000000e-01 53 354 353 52 51 -1 53 -1
4 1.0700000000e+04 5.0000000000e-01 54 355 354 53 52 -1 54 -1
4 1.0900000000e+04 5.0000000000e-01 55 356 355 54 53 -1 55 -1
4 1.1100000000e+04 5.0000000000e-01 56 357 356 55 54 -1 56 -1
4 1.1300000000e+04 5.0000000000e-01 57 358 357 56 55 -1 57 -1
4 1.1500000000e+04 5.0000000000e-01 58 359 358 57 56 -1 58 -1
4 1.1700000000e+04 5.0000000000e-01 59 360 359 58 57 -1 59 -1
4 1.1900000000e+04 5.0000000000e-01 60 361 360 59 58 -1 60 -1
4 1.2100000000e+04 5.0000000000e-01 61 362 361 60 59 -1 61 -1
4 1.2300000000e+04 5.0000000000e-01 62 363 362 61 60 -1 62 -1
4 1.2500000000e+04 5.0000000000e-01 63 364 363 62 61 -1 63 -1
4 1.2700000000e+04 5.0000000000e-01 64 365 364 63 62 -1 64 -1
4 1.2900000000e+04 5.0000000000e-01 65 366 365 64 63 -1 65 -1
4 1.3100000000e+04 5.0000000000e-01 66 367 366 65 64 -1 66 -1
4 1.3300000000e+04 5.0000000000e-01 67 368 367 66 65 -1 67 -1
4 1.3500000000e+04 5.0000000000e-01 68 369 368 67 66 -1 68 -1
4 1.3700000000e+04 5.0000000000e-01 69 370 369 68 67 -1 69 -1
4 1.3900000000e+04 5.0000000000e-01 70 371 370 69 68 -1 70 -1
4 1.4100000000e+04 5.0000000000e-01 71 372 371 70 69 -1 71 -1
4 1.4300000000e+04 5.0000000000e-01 72 373 372 71 70 -1 72 -1
4 1.4500000000e+04 5.0000000000e-01 73 374 373 72 71 -1 73 -1
4 1.4700000000e+04 5.0000000000e-01 74 375 374 73 72 -1 74 -1
4 1.4900000000e+04 5.0000000000e-01 75 376 375 74 73 -1 75 -1
4 1.5100000000e+04 5.0000000000e-01 76 377 376 75 74 -1 76 -1
4 1.5300000000e+04 5.0000000000e-01 77 378 377 76 75 -1 77 -1
4 1.5500000000e+04 5.0000000000e-01 78 379 378 77 76 -1 78 -1
4 1.5700000000e+04 5.0000000000e-01 79 380 379 78 77 -1 79 -1
4 1.5900000000e+04 5.0000000000e-01 80 381 380 79 78 -1 80 -1
4 1.6100000000e+04 5.0000000000e-01 81 382 381 80 79 -1 81 -1
4 1.6300000000e+04 5.0000000000e-01 82 383 382 81 80 -1 82 -1
4 1.6500000000e+04 5.0000000000e-01 83 384 383 82 81 -1 83 -1
4 1.6700000000e+04 5.0000000000e-01 84 385 384 83 82 -1 84 -1
4 1.6900000000e+04 5.0000000000e-01 85 386 385 84 83 -1 85 -1
4 1.7100000000e+04 5.0000000000e-01 86 387 386 85 84 -1 86 -1
4 1.7300000000e+04 5.0000000000e-01 87 388 387 86 85 -1 87 -1
4 1.7500000000e+04 5.0000000000e-01 88 389 388 87 86 -1 88 -1
4 1.7700000000e+04 5.0000000000e-01 89 390 389 88 87 -1 89 -1
4 1.7900000000e+04 5.0000000000e-01 90 391 390 89 88 -1 90 -1
4 1.8100000000e+04 5.0000000000e-01 91 392 391 90 89 -1 91 -1
4 1.8300000000e+04 5.0000000000e-01 92 393 392 91 90 -1 92 -1
4 1.8500000000e+04 5.0000000000e-01 93 394 393 92 91 -1 93 -1
4 1.8700000000e+04 5.0000000000e-01 94 395 394 93 92 -1 94 -1
4 1.8900000000e+04 5.0000000000e-01 95 396 395 94 93 -1 95 -1
4 1.9100000000e+04 5.0000000000e-01 96 397 396 95 94 -1 96 -1
4 1.9300000000e+04 5.0000000000e-01 97 398 397 96 95 -1 97 -1
4 1.9500000000e+04 5.0000000000e-01 98 399 398 97 96 -1 98 -1
4 1.9700000000e+04 5.0000000000e-01 99 400 399 98 97 -1 99 -1
4 1.9900000000e+04 5.0000000000e-01 100 401 400 99 98 -1 100 -1
4 2.0100000000e+04 5.0000000000e-01 101 402 401 100 99 -1 101 -1
4 2.0300000000e+04 5.0000000000e-01 102 403 402 101 100 -1 102 -1
4 2.0500000000e+04 5.0000000000e-01 103 404 403 102 101 -1 103 -1
4 2.0700000000e+04 5.0000000000e-01 104 405 404 103 102 -1 104 -1
4 2.0900000000e+04 5.0000000000e-01 105 406 405 104 103 -1 105 -1
4 2.1100000000e+04 5.0000000000e-01 106 407 406 105 104 -1 106 -1
4 2.1300000000e+04 5.0000000000e-01 107 408 407 106 105 -1 107 -1
4 2.1500000000e+04 5.0000000000e-01 108 409 408 107 106 -1 108 -1
4 2.1700000000e+04 5.0000000000e-01 109 410 409 108 107 -1 109 -1
4 2.1900000000e+04 5.0000000000e-01 110 411 410 109 108 -1 110 -1
4 2.2100000000e+04 5.0000000000e-01 111 412 411 110 109 -1 111 -1
4 2.2300000000e+04 5.0000000000e-01 112 413 412 111 110 -1 112 -1
4 2.2500000000e+04 5.0000000000e-01 113 414 413 112 111 -1 113 -1
4 2.2700000000e+04 5.0000000000e-01 114 415 414 113 112 -1 114 -1
4 2.2900000000e+04 5.0000000000e-01 115 416 415 114 113 -1 115 -1
4 2.3100000000e+04 5.0000000000e-01 116 417 416 115 114 -1 116 -1
4 2.3300000000e+04 5.0000000000e-01 117 418 417 116 115 -1 117 -1
4 2.3500000000e+04 5.0000000000e-01 118 419 418 117 116 -1 118 -1
4 2.3700000000e+04 5.0000000000e-01 119 420 419 118 117 -1 119 -1
4 2.3900000000e+04 5.0000000000e-01 120 421 420 119 118 -1 120 -1
4 2.4100000000e+04 5.0000000000e-01 121 422 421 120 119 -1 121 -1
4 2.4300000000e+04 5.0000000000e-01 122 423 422 121 120 -1 122 -1
4 2.4500000000e+04 5.0000000000e-01 123 424 423 122 121 -1 123 -1
4 2.4700000000e+04 5.0000000000e-01 124 425 424 123 122 -1 124 -1
4 2.4900000000e+04 5.0000000000e-01 125 426 425 124 123 -1 125 -1
4 2.5100000000e+04 5.0000000000e-01 126 427 426 125 124 -1 126 -1
4 2.5300000000e+04 5.0000000000e-01 127 428 427 126 125 -1 127 -1
4 2.5500000000e+04 5.0000000000e-01 128 429 428 127 126 -1 128 -1
4 2.5700000000e+04 5.0000000000e-01 129 430 429 128 127 -1 129 -1
4 2.5900000000e+04 5.0000000000e-01 130 431 430 129 128 -1 130 -1
4 2.6100000000e+04 5.0000000000e-01 131 432 431 130 129 -1 131 -1
4 2.6300000000e+04 5.0000000000e-01 132 433 432 131 130 -1 132 -1
4 2.6500000000e+04 5.0000000000e-01 133 434 433 132 131 -1 133 -1
4 2.6700000000e+04 5.0000000000e-01 134 435 434 133 132 -1 134 -1
4 2.6900000000e+04 5.0000000000e-01 135 436 435 134 133 -1 135 -1
4 2.7100000000e+04 5.0000000000e-01 136 437 436 135 134 -1 136 -1
4 2.7300000000e+04 5.0000000000e-01 137 438 437 136 135 -1 137 -1
4 2.7500000000e+04 5.0000000000e-01 138 439 438 137 136 -1 138 -1
4 2.7700000000e+04 5.0000000000e-01 139 440 439 138 137 -1 139 -1
4 2.7900000000e+04 5.0000000000e-01 140 441 440 139 138 -1 140 -1
4 2.8100000000e+04 5.0000000000e-01 141 442 441 140 139 -1 141 -1
4 2.8300000000e+04 5.0000000000e-01 142 443 442 141 140 -1 142 -1
4 2.8500000000e+04 5.0000000000e-01 143 444 443 142 141 -1 143 -1
4 2.8700000000e+04 5.0000000000e-01 144 445 444 143 142 -1 144 -1
4 2.8900000000e+04 5.0000000000e-01 145 446 445 144 143 -1 145 -1
4 2.9100000000e+04 5.0000000000e-01 146 447 446 145 144 -1 146 -1
4 2.9300000000e+04 5.0000000000e-01 147 448 447 146 145 -1 147 -1
4 2.9500000000e+04 5.0000000000e-01 148 449 448 147 146 -1 148 -1
4 2.9700000000e+04 5.0000000000e-01 149 450 449 148 147 -1 149 -1
4 2.9900000000e+04 5.0000000000e-01 150 451 450 149 148 -1 150 -1
4 3.0100000000e+04 5.0000000000e-01 151 452 451 150 149 -1 151 -1
4 3.0300000000e+04 5.0000000000e-01 152 453 452 151 150 -1 152 -1
4 3.0500000000e+04 5.0000000000e-01 153 454 453 152 151 -1 153 -1
4 3.0700000000e+04 5.0000000000e-01 154 455 454 153 152 -1 154 -1
4 3.0900000000e+04 5.0000000000e-01 155 456 455 154 153 -1 155 -1
4 3.1100000000e+04 5.0000000000e-01 156 457 456 155 154 -1 156 -1
4 3.1300000000e+04 5.0000000000e-01 157 458 457 156 155 -1 157 -1
4 3.1500000000e+04 5.0000000000e-01 158 459 458 157 156 -1 158 -1
4 3.1700000000e+04 5.0000000000e-01 159 460 459 158 157 -1 159 -1
4 3.1900000000e+04 5.0000000000e-01 160 461 460 159 158 -1 160 -1
4 3.2100000000e+04 5.0000000000e-01 161 462 461 160 159 -1 161 -1
4 3.2300000000e+04 5.0000000000e-01 162 463 462 161 160 -1 162 -1
4 3.2500000000e+04 5.0000000000e-01 163 464 463 162 161 -1 163 -1
4 3.2700000000e+04 5.0000000000e-01 164 465 464 163 162 -1 164 -1
4 3.2900000000e+04 5.0000000000e-01 165 466 465 164 163 -1 165 -1
4 3.3100000000e+04 5.0000000000e-01 166 467 466 165 164 -1 166 -1
4 3.3300000000e+04 5.0000000000e-01 167 468 467 166 165 -1 167 -1
4 3.3500000000e+04 5.0000000000e-01 168 469 468 167 166 -1 168 -1
4 3.3700000000e+04 5.0000000000e-01 169 470 469 168 167 -1 169 -1
4 3.3900000000e+04 5.0000000000e-01 170 471 470 169 168 -1 170 -1
4 3.4100000000e+04 5.0000000000e-01 171 472 471 170 169 -1 171 -1
4 3.4300000000e+04 5.0000000000e-01 172 473 472 171 170 -1 172 -1
4 3.4500000000e+04 5.0000000000e-01 173 474 473 172 171 -1 173 -1
4 3.4700000000e+04 5.0000000000e-01 174 475 474 173 172 -1 174 -1
4 3.4900000000e+04 5.0000000000e-01 175 476 475 174 173 -1 175 -1
4 3.5100000000e+04 5.0000000000e-01 176 477 476 175 174 -1 176 -1
4 3.5300000000e+04 5.0000000000e-01 177 478 477 176 175 -1 177 -1
4 3.5500000000e+04 5.0000000000e-01 178 479 478 177 176 -1 178 -1
4 3.5700000000e+04 5.0000000000e-01 179 480 479 178 177 -1 179 -1
4 3.5900000000e+04 5.0000000000e-01 180 481 480 179 178 -1 180 -1
4 3.6100000000e+04 5.0000000000e-01 181 482 481 180 179 -1 181 -1
4 3.6300000000e+04 5.0000000000e-01 182 483 482 181 180 -1 182 -1
4 3.6500000000e+04 5.0000000000e-01 183 484 483 182 181 -1 183 -1
4 3.6700000000e+04 5.0000000000e-01 184 485 484 183 182 -1 184 -1
4 3.6900000000e+04 5.0000000000e-01 185 486 485 184 183 -1 185 -1
4 3.7100000000e+04 5.0000000000e-01 186 487 486 185 184 -1 186 -1
4 3.7300000000e+04 5.0000000000e-01 187 488 487 186 185 -1 187 -1
4 3.7500000000e+04 5.0000000000e-01 188 489 488 187 186 -1 188 -1
4 3.7700000000e+04 5.0000000000e-01 189 490 489 188 187 -1 189 -1
4 3.7900000000e+04 5.0000000000e-01 190 491 490 189 188 -1 190 -1
4 3.8100000000e+04 5.0000000000e-01 191 492 491 190 189 -1 191 -1
4 3.8300000000e+04 5.0000000000e-01 192 493 492 191 190 -1 192 -1
4 3.8500000000e+04 5.0000000000e-01 193 494 493 192 191 -1 193 -1
4 3.8700000000e+04 5.0000000000e-01 194 495 494 193 192 -1 194 -1
4 3.8900000000e+04 5.0000000000e-01 195 496 495 194 193 -1 195 -1
4 3.9100000000e+04 5.0000000000e-01 196 497 496 195 194 -1 196 -1
4 3.9300000000e+04 5.0000000000e-01 197 498 497 196 195 -1 197 -1
4 3.9500000000e+04 5.0000000000e-01 198 499 498 197 196 -1 198 -1
4 3.9700000000e+04 5.0000000000e-01 199 500 499 198 197 -1 199 -1
4 3.9900000000e+04 5.0000000000e-01 200 501 500 199 198 -1 200 -1
4 4.0100000000e+04 5.0000000000e-01 201 502 501 200 199 -1 201 -1
4 4.0300000000e+04 5.0000000000e-01 202 503 502 201 200 -1 202 -1
4 4.0500000000e+04 5.0000000000e-01 203 504 503 202 201 -1 203 -1
4 4.0700000000e+04 5.0000000000e-01 204 505 504 203 202 -1 204 -1
4 4.0900000000e+04 5.0000000000e-01 205 506 505 204 203 -1 205 -1
4 4.1100000000e+04 5.0000000000e-01 206 507 506 205 204 -1 206 -1
4 4.1300000000e+04 5.0000000000e-01 207 508 507 206 205 -1 207 -1
4 4.1500000000e+04 5.0000000000e-01 208 509 508 207 206 -1 208 -1
4 4.1700000000e+04 5.0000000000e-01 209 510 509 208 207 -1 209 -1
4 4.1900000000e+04 5.0000000000e-01 210 511 510 209 208 -1 210 -1
4 4.2100000000e+04 5.0000000000e-01 211 512 511 210 209 -1 211 -1
4 4.2300000000e+04 5.0000000000e-01 212 513 512 211 210 -1 212 -1
4 4.2500000000e+04 5.0000000000e-01 213 514 513 212 211 -1 213 -1
4 4.2700000000e+04 5.0000000000e-01 214 515 514 213 212 -1 214 -1
4 4.2900000000e+04 5.0000000000e-01 215 516 515 214 213 -1 215 -1
4 4.3100000000e+04 5.0000000000e-01 216 517 516 215 214 -1 216 -1
4 4.3300000000e+04 5.0000000000e-01 217 518 517 216 215 -1 217 -1
4 4.3500000000e+04 5.0000000000e-01 218 519 518 217 216 -1 218 -1
4 4.3700000000e+04 5.0000000000e-01 219 520 519 218 217 -1 219 -1
4 4.3900000000e+04 5.0000000000e-01 220 521 520 219 218 -1 220 -1
4 4.4100000000e+04 5.0000000000e-01 221 522 521 220 219 -1 221 -1
4 4.4300000000e+04 5.0000000000e-01 222 523 522 221 220 -1 222 -1
4 4.4500000000e+04 5.0000000000e-01 223 524 523 222 221 -1 223 -1
4 4.4700000000e+04 5.0000000000e-01 224 525 524 223 222 -1 224 -1
4 4.4900000000e+04 5.0000000000e-01 225 526 525 224 223 -1 225 -1
4 4.5100000000e+04 5.0000000000e-01 226 527 526 225 224 -1 226 -1
4 4.5300000000e+04 5.0000000000e-01 227 528 527 226 225 -1 227 -1
4 4.5500000000e+04 5.0000000000e-01 228 529 528 227 226 -1 228 -1
4 4.5700000000e+04 5.0000000000e-01 229 530 529 228 227 -1 229 -1
4 4.5900000000e+04 5.0000000000e-01 230 531 530 229 228 -1 230 -1
4 4.6100000000e+04 5.0000000000e-01 231 532 531 230 229 -1 231 -1
4 4.6300000000e+04 5.0000000000e-01 232 533 532 231 230 -1 232 -1
4 4.6500000000e+04 5.0000000000e-01 233 534 533 232 231 -1 233 -1
4 4.6700000000e+04 5.0000000000e-01 234 535 534 233 232 -1 234 -1
4 4.6900000000e+04 5.0000000000e-01 235 536 535 234 233 -1 235 -1
4 4.7100000000e+04 5.0000000000e-01 236 537 536 235 234 -1 236 -1
4 4.7300000000e+04 5.0000000000e-01 237 538 537 236 235 -1 237 -1
4 4.7500000000e+04 5.0000000000e-01 238 539 538 237 236 -1 238 -1
4 4.7700000000e+04 5.0000000000e-01 239 540 539 238 237 -1 239 -1
4 4.7900000000e+04 5.0000000000e-01 240 541 540 239 238 -1 240 -1
4 4.8100000000e+04 5.0000000000e-01 241 542 541 240 239 -1 241 -1
4 4.8300000000e+04 5.0000000000e-01 242 543 542 241 240 -1 242 -1
4 4.8500000000e+04 5.0000000000e-01 243 544 543 242 241 -1 243 -1
4 4.8700000000e+04 5.0000000000e-01 244 545 544 243 242 -1 244 -1
4 4.8900000000e+04 5.0000000000e-01 245 546 545 244 243 -1 245 -1
4 4.9100000000e+04 5.0000000000e-01 246 547 546 245 244 -1 246 -1
4 4.9300000000e+04 5.0000000000e-01 247 548 547 246 245 -1 247 -1
4 4.9500000000e+04 5.0000000000e-01 248 549 548 247 246 -1 248 -1
4 4.9700000000e+04 5.0000000000e-01 249 550 549 248 247 -1 249 -1
4 4.9900000000e+04 5.0000000000e-01 250 551 550 249 248 -1 250 -1
4 5.0100000000e+04 5.0000000000e-01 251 552 551 250 249 -1 251 -1
4 5.0300000000e+04 5.0000000000e-01 252 553 552 251 250 -1 252 -1
4 5.0500000000e+04 5.0000000000e-01 253 554 553 252 251 -1 253 -1
4 5.0700000000e+04 5.0000000000e-01 254 555 554 253 252 -1 254 -1
4 5.0900000000e+04 5.0000000000e-01 255 556 555 254 253 -1 255 -1
4 5.1100000000e+04 5.0000000000e-01 256 557 556 255 254 -1 256 -1
4 5.1300000000e+04 5.0000000000e-01 257 558 557 256 255 -1 257 -1
4 5.1500000000e+04 5.0000000000e-01 258 559 558 257 256 -1 258 -1
4 5.1700000000e+04 5.0000000000e-01 259 560 559 258 257 -1 259 -1
4 5.1900000000e+04 5.0000000000e-01 260 561 560 259 258 -1 260 -1
4 5.2100000000e+04 5.0000000000e-01 261 562 561 260 259 -1 261 -1
4 5.2300000000e+04 5.0000000000e-01 262 563 562 261 260 -1 262 -1
4 5.2500000000e+04 5.0000000000e-01 263 564 563 262 261 -1 263 -1
4 5.2700000000e+04 5.0000000000e-01 264 565 564 263 262 -1 264 -1
4 5.2900000000e+04 5.0000000000e-01 265 566 565 264 263 -1 265 -1
4 5.3100000000e+04 5.0000000000e-01 266 567 566 265 264 -1 266 -1
4 5.3300000000e+04 5.0000000000e-01 267 568 567 266 265 -1 267 -1
4 5.3500000000e+04 5.0000000000e-01 268 569 568 267 266 -1 268 -1
4 5.3700000000e+04 5.0000000000e-01 269 570 569 268 267 -1 269 -1
4 5.3900000000e+04 5.0000000000e-01 270 571 570 269 268 -1 270 -1
4 5.4100000000e+04 5.0000000000e-01 271 572 571 270 269 -1 271 -1
4 5.4300000000e+04 5.0000000000e-01 272 573 572 271 270 -1 272 -1
4 5.4500000000e+04 5.0000000000e-01 273 574 573 272 271 -1 273 -1
4 5.4700000000e+04 5.0000000000e-01 274 575 574 273 272 -1 274 -1
4 5.4900000000e+04 5.0000000000e-01 275 576 575 274 273 -1 275 -1
4 5.5100000000e+04 5.0000000000e-01 276 577 576 275 274 -1 276 -1
4 5.5300000000e+04 5.0000000000e-01 277 578 577 276 275 -1 277 -1
4 5.5500000000e+04 5.0000000000e-01 278 579 578 277 276 -1 278 -1
4 5.5700000000e+04 5.0000000000e-01 279 580 579 278 277 -1 279 -1
4 5.5900000000e+04 5.0000000000e-01 280 581 580 279 278 -1 280 -1
4 5.6100000000e+04 5.0000000000e-01 281 582 581 280 279 -1 281 -1
4 5.6300000000e+04 5.0000000000e-01 282 583 582 281 280 -1 282 -1
4 5.6500000000e+04 5.0000000000e-01 283 584 583 282 281 -1 283 -1
4 5.6700000000e+04 5.0000000000e-01 284 585 584 283 282 -1 284 -1
4 5.6900000000e+04 5.0000000000e-01 285 586 585 284 283 -1 285 -1
4 5.7100000000e+04 5.0000000000e-01 286 587 586 285 284 -1 286 -1
4 5.7300000000e+04 5.0000000000e-01 287 588 587 286 285 -1 287 -1
4 5.7500000000e+04 5.0000000000e-01 288 589 588 287 286 -1 288 -1
4 5.7700000000e+04 5.0000000000e-01 289 590 589 288 287 -1 289 -1
4 5.7900000000e+04 5.0000000000e-01 290 591 590 289 288 -1 290 -1
4 5.8100000000e+04 5.0000000000e-01 291 592 591 290 289 -1 291 -1
4 5.8300000000e+04 5.0000000000e-01 292 593 592 291 290 -1 292 -1
4 5.8500000000e+04 5.0000000000e-01 293 594 593 292 291 -1 293 -1
4 5.8700000000e+04 5.0000000000e-01 294 595 594 293 292 -1 294 -1
4 5.8900000000e+04 5.0000000000e-01 295 596 595 294 293 -1 295 -1
4 5.9100000000e+04 5.0000000000e-01 296 597 596 295 294 -1 296 -1
4 5.9300000000e+04 5.0000000000e-01 297 598 597 296 295 -1 297 -1
4 5.9500000000e+04 5.0000000000e-01 298 599 598 297 296 -1 298 -1
4 5.9700000000e+04 5.0000000000e-01 299 600 599 298 297 -1 299 -1
4 5.9900000000e+04 5.0000000000e-01 300 601 600 299 298 -1 -1 -1
