4 5.0000000000e+00 5.0000000000e+02 0 801 802 1 799 -1 1 -1
4 1.5000000000e+01 5.0000000000e+02 1 802 803 2 0 -1 2 -1
4 2.5000000000e+01 5.0000000000e+02 2 803 804 3 1 -1 3 -1
4 3.5000000000e+01 5.0000000000e+02 3 804 805 4 2 -1 4 -1
4 4.5000000000e+01 5.0000000000e+02 4 805 806 5 3 -1 5 -1
4 5.5000000000e+01 5.0000000000e+02 5 806 807 6 4 -1 6 -1
4 6.5000000000e+01 5.0000000000e+02 6 807 808 7 5 -1 7 -1
4 7.5000000000e+01 5.0000000000e+02 7 808 809 8 6 -1 8 -1
4 8.5000000000e+01 5.0000000000e+02 8 809 810 9 7 -1 9 -1
4 9.5000000000e+01 5.0000000000e+02 9 810 811 10 8 -1 10 -1
4 1.0500000000e+02 5.0000000000e+02 10 811 812 11 9 -1 11 -1
4 1.1500000000e+02 5.0000000000e+02 11 812 813 12 10 -1 12 -1
4 1.2500000000e+02 5.0000000000e+02 12 813 814 13 11 -1 13 -1
4 1.3500000000e+02 5.0000000000e+02 13 814 815 14 12 -1 14 -1
4 1.4500000000e+02 5.0000000000e+02 14 815 816 15 13 -1 15 -1
4 1.5500000000e+02 5.0000000000e+02 15 816 817 16 14 -1 16 -1
4 1.6500000000e+02 5.0000000000e+02 16 817 818 17 15 -1 17 -1
4 1.7500000000e+02 5.0000000000e+02 17 818 819 18 16 -1 18 -1
4 1.8500000000e+02 5.0000000000e+02 18 819 820 19 17 -1 19 -1
4 1.9500000000e+02 5.0000000000e+02 19 820 821 20 18 -1 20 -1
4 2.0500000000e+02 5.0000000000e+02 20 821 822 21 19 -1 21 -1
4 2.1500000000e+02 5.0000000000e+02 21 822 823 22 20 -1 22 -1
4 2.2500000000e+02 5.0000000000e+02 22 823 824 23 21 -1 23 -1
4 2.3500000000e+02 5.0000000000e+02 23 824 825 24 22 -1 24 -1
4 2.4500000000e+02 5.0000000000e+02 24 825 826 25 23 -1 25 -1
4 2.5500000000e+02 5.0000000000e+02 25 826 827 26 24 -1 26 -1
4 2.6500000000e+02 5.0000000000e+02 26 827 828 27 25 -1 27 -1
4 2.7500000000e+02 5.0000000000e+02 27 828 829 28 26 -1 28 -1
4 2.8500000000e+02 5.0000000000e+02 28 829 830 29 27 -1 29 -1
4 2.9500000000e+02 5.0000000000e+02 29 830 831 30 28 -1 30 -1
4 3.0500000000e+02 5.0000000000e+02 30 831 832 31 29 -1 31 -1
4 3.1500000000e+02 5.0000000000e+02 31 832 833 32 30 -1 32 -1
4 3.2500000000e+02 5.0000000000e+02 32 833 834 33 31 -1 33 -1
4 3.3500000000e+02 5.0000000000e+02 33 834 835 34 32 -1 34 -1
4 3.4500000000e+02 5.0000000000e+02 34 835 836 35 33 -1 35 -1
4 3.5500000000e+02 5.0000000000e+02 35 836 837 36 34 -1 36 -1
4 3.6500000000e+02 5.0000000000e+02 36 837 838 37 35 -1 37 -1
4 3.7500000000e+02 5.0000000000e+02 37 838 839 38 36 -1 38 -1
4 3.8500000000e+02 5.0000000000e+02 38 839 840 39 37 -1 39 -1
4 3.9500000000e+02 5.0000000000e+02 39 840 841 40 38 -1 40 -1
4 4.0500000000e+02 5.0000000000e+02 40 841 842 41 39 -1 41 -1
4 4.1500000000e+02 5.0000000000e+02 41 842 843 42 40 -1 42 -1
4 4.2500000000e+02 5.0000000000e+02 42 843 844 43 41 -1 43 -1
4 4.3500000000e+02 5.0000000000e+02 43 844 845 44 42 -1 44 -1
4 4.4500000000e+02 5.0000000000e+02 44 845 846 45 43 -1 45 -1
4 4.5500000000e+02 5.0000000000e+02 45 846 847 46 44 -1 46 -1
4 4.6500000000e+02 5.0000000000e+02 46 847 848 47 45 -1 47 -1
4 4.7500000000e+02 5.0000000000e+02 47 848 849 48 46 -1 48 -1
4 4.8500000000e+02 5.0000000000e+02 48 849 850 49 47 -1 49 -1
4 4.9500000000e+02 5.0000000000e+02 49 850 851 50 48 -1 50 -1
4 5.0500000000e+02 5.0000000000e+02 50 851 852 51 49 -1 51 -1
4 5.1500000000e+02 5.0000000000e+02 51 852 853 52 50 -1 52 -1
4 5.2500000000e+02 5.0000000000e+02 52 853 854 53 51 -1 53 -1
4 5.3500000000e+02 5.0000000000e+02 53 854 855 54 52 -1 54 -1
4 5.4500000000e+02 5.0000000000e+02 54 855 856 55 53 -1 55 -1
4 5.5500000000e+02 5.0000000000e+02 55 856 857 56 54 -1 56 -1
4 5.6500000000e+02 5.0000000000e+02 56 857 858 57 55 -1 57 -1
4 5.7500000000e+02 5.0000000000e+02 57 858 859 58 56 -1 58 -1
4 5.8500000000e+02 5.0000000000e+02 58 859 860 59 57 -1 59 -1
4 5.9500000000e+02 5.0000000000e+02 59 860 861 60 58 -1 60 -1
4 6.0500000000e+02 5.0000000000e+02 60 861 862 61 59 -1 61 -1
4 6.1500000000e+02 5.0000000000e+02 61 862 863 62 60 -1 62 -1
4 6.2500000000e+02 5.0000000000e+02 62 863 864 63 61 -1 63 -1
4 6.3500000000e+02 5.0000000000e+02 63 864 865 64 62 -1 64 -1
4 6.4500000000e+02 5.0000000000e+02 64 865 866 65 63 -1 65 -1
4 6.5500000000e+02 5.0000000000e+02 65 866 867 66 64 -1 66 -1
4 6.6500000000e+02 5.0000000000e+02 66 867 868 67 65 -1 67 -1
4 6.7500000000e+02 5.0000000000e+02 67 868 869 68 66 -1 68 -1
4 6.8500000000e+02 5.0000000000e+02 68 869 870 69 67 -1 69 -1
4 6.9500000000e+02 5.0000000000e+02 69 870 871 70 68 -1 70 -1
4 7.0500000000e+02 5.0000000000e+02 70 871 872 71 69 -1 71 -1
4 7.1500000000e+02 5.0000000000e+02 71 872 873 72 70 -1 72 -1
4 7.2500000000e+02 5.0000000000e+02 72 873 874 73 71 -1 73 -1
4 7.3500000000e+02 5.0000000000e+02 73 874 875 74 72 -1 74 -1
4 7.4500000000e+02 5.0000000000e+02 74 875 876 75 73 -1 75 -1
4 7.5500000000e+02 5.0000000000e+02 75 876 877 76 74 -1 76 -1
4 7.6500000000e+02 5.0000000000e+02 76 877 878 77 75 -1 77 -1
4 7.7500000000e+02 5.0000000000e+02 77 878 879 78 76 -1 78 -1
4 7.8500000000e+02 5.0000000000e+02 78 879 880 79 77 -1 79 -1
4 7.9500000000e+02 5.0000000000e+02 79 880 881 80 78 -1 80 -1
4 8.0500000000e+02 5.0000000000e+02 80 881 882 81 79 -1 81 -1
4 8.1500000000e+02 5.0000000000e+02 81 882 883 82 80 -1 82 -1
4 8.2500000000e+02 5.0000000000e+02 82 883 884 83 81 -1 83 -1
4 8.3500000000e+02 5.0000000000e+02 83 884 885 84 82 -1 84 -1
4 8.4500000000e+02 5.0000000000e+02 84 885 886 85 83 -1 85 -1
4 8.5500000000e+02 5.0000000000e+02 85 886 887 86 84 -1 86 -1
4 8.6500000000e+02 5.0000000000e+02 86 887 888 87 85 -1 87 -1
4 8.7500000000e+02 5.0000000000e+02 87 888 889 88 86 -1 88 -1
4 8.8500000000e+02 5.0000000000e+02 88 889 890 89 87 -1 89 -1
4 8.9500000000e+02 5.0000000000e+02 89 890 891 90 88 -1 90 -1
4 9.0500000000e+02 5.0000000000e+02 90 891 892 91 89 -1 91 -1
4 9.1500000000e+02 5.0000000000e+02 91 892 893 92 90 -1 92 -1
4 9.2500000000e+02 5.0000000000e+02 92 893 894 93 91 -1 93 -1
4 9.3500000000e+02 5.0000000000e+02 93 894 895 94 92 -1 94 -1
4 9.4500000000e+02 5.0000000000e+02 94 895 896 95 93 -1 95 -1
4 9.5500000000e+02 5.0000000000e+02 95 896 897 96 94 -1 96 -1
4 9.6500000000e+02 5.0000000000e+02 96 897 898 97 95 -1 97 -1
4 9.7500000000e+02 5.0000000000e+02 97 898 899 98 96 -1 98 -1
4 9.8500000000e+02 5.0000000000e+02 98 899 900 99 97 -1 99 -1
4 9.9500000000e+02 5.0000000000e+02 99 900 901 100 98 -1 100 -1
4 1.0050000000e+03 5.0000000000e+02 100 901 902 101 99 -1 101 -1
4 1.0150000000e+03 5.0000000000e+02 101 902 903 102 100 -1 102 -1
4 1.0250000000e+03 5.0000000000e+02 102 903 904 103 101 -1 103 -1
4 1.0350000000e+03 5.0000000000e+02 103 904 905 104 102 -1 104 -1
4 1.0450000000e+03 5.0000000000e+02 104 905 906 105 103 -1 105 -1
4 1.0550000000e+03 5.0000000000e+02 105 906 907 106 104 -1 106 -1
4 1.0650000000e+03 5.0000000000e+02 106 907 908 107 105 -1 107 -1
4 1.0750000000e+03 5.0000000000e+02 107 908 909 108 106 -1 108 -1
4 1.0850000000e+03 5.0000000000e+02 108 909 910 109 107 -1 109 -1
4 1.0950000000e+03 5.0000000000e+02 109 910 911 110 108 -1 110 -1
4 1.1050000000e+03 5.0000000000e+02 110 911 912 111 109 -1 111 -1
4 1.1150000000e+03 5.0000000000e+02 111 912 913 112 110 -1 112 -1
4 1.1250000000e+03 5.0000000000e+02 112 913 914 113 111 -1 113 -1
4 1.1350000000e+03 5.0000000000e+02 113 914 915 114 112 -1 114 -1
4 1.1450000000e+03 5.0000000000e+02 114 915 916 115 113 -1 115 -1
4 1.1550000000e+03 5.0000000000e+02 115 916 917 116 114 -1 116 -1
4 1.1650000000e+03 5.0000000000e+02 116 917 918 117 115 -1 117 -1
4 1.1750000000e+03 5.0000000000e+02 117 918 919 118 116 -1 118 -1
4 1.1850000000e+03 5.0000000000e+02 118 919 920 119 117 -1 119 -1
4 1.1950000000e+03 5.0000000000e+02 119 920 921 120 118 -1 120 -1
4 1.2050000000e+03 5.0000000000e+02 120 921 922 121 119 -1 121 -1
4 1.2150000000e+03 5.0000000000e+02 121 922 923 122 120 -1 122 -1
4 1.2250000000e+03 5.0000000000e+02 122 923 924 123 121 -1 123 -1
4 1.2350000000e+03 5.0000000000e+02 123 924 925 124 122 -1 124 -1
4 1.2450000000e+03 5.0000000000e+02 124 925 926 125 123 -1 125 -1
4 1.2550000000e+03 5.0000000000e+02 125 926 927 126 124 -1 126 -1
4 1.2650000000e+03 5.0000000000e+02 126 927 928 127 125 -1 127 -1
4 1.2750000000e+03 5.0000000000e+02 127 928 929 128 126 -1 128 -1
4 1.2850000000e+03 5.0000000000e+02 128 929 930 129 127 -1 129 -1
4 1.2950000000e+03 5.0000000000e+02 129 930 931 130 128 -1 130 -1
4 1.3050000000e+03 5.0000000000e+02 130 931 932 131 129 -1 131 -1
4 1.3150000000e+03 5.0000000000e+02 131 932 933 132 130 -1 132 -1
4 1.3250000000e+03 5.0000000000e+02 132 933 934 133 131 -1 133 -1
4 1.3350000000e+03 5.0000000000e+02 133 934 935 134 132 -1 134 -1
4 1.3450000000e+03 5.0000000000e+02 134 935 936 135 133 -1 135 -1
4 1.3550000000e+03 5.0000000000e+02 135 936 937 136 134 -1 136 -1
4 1.3650000000e+03 5.0000000000e+02 136 937 938 137 135 -1 137 -1
4 1.3750000000e+03 5.0000000000e+02 137 938 939 138 136 -1 138 -1
4 1.3850000000e+03 5.0000000000e+02 138 939 940 139 137 -1 139 -1
4 1.3950000000e+03 5.0000000000e+02 139 940 941 140 138 -1 140 -1
4 1.4050000000e+03 5.0000000000e+02 140 941 942 141 139 -1 141 -1
4 1.4150000000e+03 5.0000000000e+02 141 942 943 142 140 -1 142 -1
4 1.4250000000e+03 5.0000000000e+02 142 943 944 143 141 -1 143 -1
4 1.4350000000e+03 5.0000000000e+02 143 944 945 144 142 -1 144 -1
4 1.4450000000e+03 5.0000000000e+02 144 945 946 145 143 -1 145 -1
4 1.4550000000e+03 5.0000000000e+02 145 946 947 146 144 -1 146 -1
4 1.4650000000e+03 5.0000000000e+02 146 947 948 147 145 -1 147 -1
4 1.4750000000e+03 5.0000000000e+02 147 948 949 148 146 -1 148 -1
4 1.4850000000e+03 5.0000000000e+02 148 949 950 149 147 -1 149 -1
4 1.4950000000e+03 5.0000000000e+02 149 950 951 150 148 -1 150 -1
4 1.5050000000e+03 5.0000000000e+02 150 951 952 151 149 -1 151 -1
4 1.5150000000e+03 5.0000000000e+02 151 952 953 152 150 -1 152 -1
4 1.5250000000e+03 5.0000000000e+02 152 953 954 153 151 -1 153 -1
4 1.5350000000e+03 5.0000000000e+02 153 954 955 154 152 -1 154 -1
4 1.5450000000e+03 5.0000000000e+02 154 955 956 155 153 -1 155 -1
4 1.5550000000e+03 5.0000000000e+02 155 956 957 156 154 -1 156 -1
4 1.5650000000e+03 5.0000000000e+02 156 957 958 157 155 -1 157 -1
4 1.5750000000e+03 5.0000000000e+02 157 958 959 158 156 -1 158 -1
4 1.5850000000e+03 5.0000000000e+02 158 959 960 159 157 -1 159 -1
4 1.5950000000e+03 5.0000000000e+02 159 960 961 160 158 -1 160 -1
4 1.6050000000e+03 5.0000000000e+02 160 961 962 161 159 -1 161 -1
4 1.6150000000e+03 5.0000000000e+02 161 962 963 162 160 -1 162 -1
4 1.6250000000e+03 5.0000000000e+02 162 963 964 163 161 -1 163 -1
4 1.6350000000e+03 5.0000000000e+02 163 964 965 164 162 -1 164 -1
4 1.6450000000e+03 5.0000000000e+02 164 965 966 165 163 -1 165 -1
4 1.6550000000e+03 5.0000000000e+02 165 966 967 166 164 -1 166 -1
4 1.6650000000e+03 5.0000000000e+02 166 967 968 167 165 -1 167 -1
4 1.6750000000e+03 5.0000000000e+02 167 968 969 168 166 -1 168 -1
4 1.6850000000e+03 5.0000000000e+02 168 969 970 169 167 -1 169 -1
4 1.6950000000e+03 5.0000000000e+02 169 970 971 170 168 -1 170 -1
4 1.7050000000e+03 5.0000000000e+02 170 971 972 171 169 -1 171 -1
4 1.7150000000e+03 5.0000000000e+02 171 972 973 172 170 -1 172 -1
4 1.7250000000e+03 5.0000000000e+02 172 973 974 173 171 -1 173 -1
4 1.7350000000e+03 5.0000000000e+02 173 974 975 174 172 -1 174 -1
4 1.7450000000e+03 5.0000000000e+02 174 975 976 175 173 -1 175 -1
4 1.7550000000e+03 5.0000000000e+02 175 976 977 176 174 -1 176 -1
4 1.7650000000e+03 5.0000000000e+02 176 977 978 177 175 -1 177 -1
4 1.7750000000e+03 5.0000000000e+02 177 978 979 178 176 -1 178 -1
4 1.7850000000e+03 5.0000000000e+02 178 979 980 179 177 -1 179 -1
4 1.7950000000e+03 5.0000000000e+02 179 980 981 180 178 -1 180 -1
4 1.8050000000e+03 5.0000000000e+02 180 981 982 181 179 -1 181 -1
4 1.8150000000e+03 5.0000000000e+02 181 982 983 182 180 -1 182 -1
4 1.8250000000e+03 5.0000000000e+02 182 983 984 183 181 -1 183 -1
4 1.8350000000e+03 5.0000000000e+02 183 984 985 184 182 -1 184 -1
4 1.8450000000e+03 5.0000000000e+02 184 985 986 185 183 -1 185 -1
4 1.8550000000e+03 5.0000000000e+02 185 986 987 186 184 -1 186 -1
4 1.8650000000e+03 5.0000000000e+02 186 987 988 187 185 -1 187 -1
4 1.8750000000e+03 5.0000000000e+02 187 988 989 188 186 -1 188 -1
4 1.8850000000e+03 5.0000000000e+02 188 989 990 189 187 -1 189 -1
4 1.8950000000e+03 5.0000000000e+02 189 990 991 190 188 -1 190 -1
4 1.9050000000e+03 5.0000000000e+02 190 991 992 191 189 -1 191 -1
4 1.9150000000e+03 5.0000000000e+02 191 992 993 192 190 -1 192 -1
4 1.9250000000e+03 5.0000000000e+02 192 993 994 193 191 -1 193 -1
4 1.9350000000e+03 5.0000000000e+02 193 994 995 194 192 -1 194 -1
4 1.9450000000e+03 5.0000000000e+02 194 995 996 195 193 -1 195 -1
4 1.9550000000e+03 5.0000000000e+02 195 996 997 196 194 -1 196 -1
4 1.9650000000e+03 5.0000000000e+02 196 997 998 197 195 -1 197 -1
4 1.9750000000e+03 5.0000000000e+02 197 998 999 198 196 -1 198 -1
4 1.9850000000e+03 5.0000000000e+02 198 999 1000 199 197 -1 199 -1
4 1.9950000000e+03 5.0000000000e+02 199 1000 1001 200 198 -1 200 -1
4 2.0050000000e+03 5.0000000000e+02 200 1001 1002 201 199 -1 201 -1
4 2.0150000000e+03 5.0000000000e+02 201 1002 1003 202 200 -1 202 -1
4 2.0250000000e+03 5.0000000000e+02 202 1003 1004 203 201 -1 203 -1
4 2.0350000000e+03 5.0000000000e+02 203 1004 1005 204 202 -1 204 -1
4 2.0450000000e+03 5.0000000000e+02 204 1005 1006 205 203 -1 205 -1
4 2.0550000000e+03 5.0000000000e+02 205 1006 1007 206 204 -1 206 -1
4 2.0650000000e+03 5.0000000000e+02 206 1007 1008 207 205 -1 207 -1
4 2.0750000000e+03 5.0000000000e+02 207 1008 1009 208 206 -1 208 -1
4 2.0850000000e+03 5.0000000000e+02 208 1009 1010 209 207 -1 209 -1
4 2.0950000000e+03 5.0000000000e+02 209 1010 1011 210 208 -1 210 -1
4 2.1050000000e+03 5.0000000000e+02 210 1011 1012 211 209 -1 211 -1
4 2.1150000000e+03 5.0000000000e+02 211 1012 1013 212 210 -1 212 -1
4 2.1250000000e+03 5.0000000000e+02 212 1013 1014 213 211 -1 213 -1
4 2.1350000000e+03 5.0000000000e+02 213 1014 1015 214 212 -1 214 -1
4 2.1450000000e+03 5.0000000000e+02 214 1015 1016 215 213 -1 215 -1
4 2.1550000000e+03 5.0000000000e+02 215 1016 1017 216 214 -1 216 -1
4 2.1650000000e+03 5.0000000000e+02 216 1017 1018 217 215 -1 217 -1
4 2.1750000000e+03 5.0000000000e+02 217 1018 1019 218 216 -1 218 -1
4 2.1850000000e+03 5.0000000000e+02 218 1019 1020 219 217 -1 219 -1
4 2.1950000000e+03 5.0000000000e+02 219 1020 1021 220 218 -1 220 -1
4 2.2050000000e+03 5.0000000000e+02 220 1021 1022 221 219 -1 221 -1
4 2.2150000000e+03 5.0000000000e+02 221 1022 1023 222 220 -1 222 -1
4 2.2250000000e+03 5.0000000000e+02 222 1023 1024 223 221 -1 223 -1
4 2.2350000000e+03 5.0000000000e+02 223 1024 1025 224 222 -1 224 -1
4 2.2450000000e+03 5.0000000000e+02 224 1025 1026 225 223 -1 225 -1
4 2.2550000000e+03 5.0000000000e+02 225 1026 1027 226 224 -1 226 -1
4 2.2650000000e+03 5.0000000000e+02 226 1027 1028 227 225 -1 227 -1
4 2.2750000000e+03 5.0000000000e+02 227 1028 1029 228 226 -1 228 -1
4 2.2850000000e+03 5.0000000000e+02 228 1029 1030 229 227 -1 229 -1
4 2.2950000000e+03 5.0000000000e+02 229 1030 1031 230 228 -1 230 -1
4 2.3050000000e+03 5.0000000000e+02 230 1031 1032 231 229 -1 231 -1
4 2.3150000000e+03 5.0000000000e+02 231 1032 1033 232 230 -1 232 -1
4 2.3250000000e+03 5.0000000000e+02 232 1033 1034 233 231 -1 233 -1
4 2.3350000000e+03 5.0000000000e+02 233 1034 1035 234 232 -1 234 -1
4 2.3450000000e+03 5.0000000000e+02 234 1035 1036 235 233 -1 235 -1
4 2.3550000000e+03 5.0000000000e+02 235 1036 1037 236 234 -1 236 -1
4 2.3650000000e+03 5.0000000000e+02 236 1037 1038 237 235 -1 237 -1
4 2.3750000000e+03 5.0000000000e+02 237 1038 1039 238 236 -1 238 -1
4 2.3850000000e+03 5.0000000000e+02 238 1039 1040 239 237 -1 239 -1
4 2.3950000000e+03 5.0000000000e+02 239 1040 1041 240 238 -1 240 -1
4 2.4050000000e+03 5.0000000000e+02 240 1041 1042 241 239 -1 241 -1
4 2.4150000000e+03 5.0000000000e+02 241 1042 1043 242 240 -1 242 -1
4 2.4250000000e+03 5.0000000000e+02 242 1043 1044 243 241 -1 243 -1
4 2.4350000000e+03 5.0000000000e+02 243 1044 1045 244 242 -1 244 -1
4 2.4450000000e+03 5.0000000000e+02 244 1045 1046 245 243 -1 245 -1
4 2.4550000000e+03 5.0000000000e+02 245 1046 1047 246 244 -1 246 -1
4 2.4650000000e+03 5.0000000000e+02 246 1047 1048 247 245 -1 247 -1
4 2.4750000000e+03 5.0000000000e+02 247 1048 1049 248 246 -1 248 -1
4 2.4850000000e+03 5.0000000000e+02 248 1049 1050 249 247 -1 249 -1
4 2.4950000000e+03 5.0000000000e+02 249 1050 1051 250 248 -1 250 -1
4 2.5050000000e+03 5.0000000000e+02 250 1051 1052 251 249 -1 251 -1
4 2.5150000000e+03 5.0000000000e+02 251 1052 1053 252 250 -1 252 -1
4 2.5250000000e+03 5.0000000000e+02 252 1053 1054 253 251 -1 253 -1
4 2.5350000000e+03 5.0000000000e+02 253 1054 1055 254 252 -1 254 -1
4 2.5450000000e+03 5.0000000000e+02 254 1055 1056 255 253 -1 255 -1
4 2.5550000000e+03 5.0000000000e+02 255 1056 1057 256 254 -1 256 -1
4 2.5650000000e+03 5.0000000000e+02 256 1057 1058 257 255 -1 257 -1
4 2.5750000000e+03 5.0000000000e+02 257 1058 1059 258 256 -1 258 -1
4 2.5850000000e+03 5.0000000000e+02 258 1059 1060 259 257 -1 259 -1
4 2.5950000000e+03 5.0000000000e+02 259 1060 1061 260 258 -1 260 -1
4 2.6050000000e+03 5.0000000000e+02 260 1061 1062 261 259 -1 261 -1
4 2.6150000000e+03 5.0000000000e+02 261 1062 1063 262 260 -1 262 -1
4 2.6250000000e+03 5.0000000000e+02 262 1063 1064 263 261 -1 263 -1
4 2.6350000000e+03 5.0000000000e+02 263 1064 1065 264 262 -1 264 -1
4 2.6450000000e+03 5.0000000000e+02 264 1065 1066 265 263 -1 265 -1
4 2.6550000000e+03 5.0000000000e+02 265 1066 1067 266 264 -1 266 -1
4 2.6650000000e+03 5.0000000000e+02 266 1067 1068 267 265 -1 267 -1
4 2.6750000000e+03 5.0000000000e+02 267 1068 1069 268 266 -1 268 -1
4 2.6850000000e+03 5.0000000000e+02 268 1069 1070 269 267 -1 269 -1
4 2.6950000000e+03 5.0000000000e+02 269 1070 1071 270 268 -1 270 -1
4 2.7050000000e+03 5.0000000000e+02 270 1071 1072 271 269 -1 271 -1
4 2.7150000000e+03 5.0000000000e+02 271 1072 1073 272 270 -1 272 -1
4 2.7250000000e+03 5.0000000000e+02 272 1073 1074 273 271 -1 273 -1
4 2.7350000000e+03 5.0000000000e+02 273 1074 1075 274 272 -1 274 -1
4 2.7450000000e+03 5.0000000000e+02 274 1075 1076 275 273 -1 275 -1
4 2.7550000000e+03 5.0000000000e+02 275 1076 1077 276 274 -1 276 -1
4 2.7650000000e+03 5.0000000000e+02 276 1077 1078 277 275 -1 277 -1
4 2.7750000000e+03 5.0000000000e+02 277 1078 1079 278 276 -1 278 -1
4 2.7850000000e+03 5.0000000000e+02 278 1079 1080 279 277 -1 279 -1
4 2.7950000000e+03 5.0000000000e+02 279 1080 1081 280 278 -1 280 -1
4 2.8050000000e+03 5.0000000000e+02 280 1081 1082 281 279 -1 281 -1
4 2.8150000000e+03 5.0000000000e+02 281 1082 1083 282 280 -1 282 -1
4 2.8250000000e+03 5.0000000000e+02 282 1083 1084 283 281 -1 283 -1
4 2.8350000000e+03 5.0000000000e+02 283 1084 1085 284 282 -1 284 -1
4 2.8450000000e+03 5.0000000000e+02 284 1085 1086 285 283 -1 285 -1
4 2.8550000000e+03 5.0000000000e+02 285 1086 1087 286 284 -1 286 -1
4 2.8650000000e+03 5.0000000000e+02 286 1087 1088 287 285 -1 287 -1
4 2.8750000000e+03 5.0000000000e+02 287 1088 1089 288 286 -1 288 -1
4 2.8850000000e+03 5.0000000000e+02 288 1089 1090 289 287 -1 289 -1
4 2.8950000000e+03 5.0000000000e+02 289 1090 1091 290 288 -1 290 -1
4 2.9050000000e+03 5.0000000000e+02 290 1091 1092 291 289 -1 291 -1
4 2.9150000000e+03 5.0000000000e+02 291 1092 1093 292 290 -1 292 -1
4 2.9250000000e+03 5.0000000000e+02 292 1093 1094 293 291 -1 293 -1
4 2.9350000000e+03 5.0000000000e+02 293 1094 1095 294 292 -1 294 -1
4 2.9450000000e+03 5.0000000000e+02 294 1095 1096 295 293 -1 295 -1
4 2.9550000000e+03 5.0000000000e+02 295 1096 1097 296 294 -1 296 -1
4 2.9650000000e+03 5.0000000000e+02 296 1097 1098 297 295 -1 297 -1
4 2.9750000000e+03 5.0000000000e+02 297 1098 1099 298 296 -1 298 -1
4 2.9850000000e+03 5.0000000000e+02 298 1099 1100 299 297 -1 299 -1
4 2.9950000000e+03 5.0000000000e+02 299 1100 1101 300 298 -1 300 -1
4 3.0050000000e+03 5.0000000000e+02 300 1101 1102 301 299 -1 301 -1
4 3.0150000000e+03 5.0000000000e+02 301 1102 1103 302 300 -1 302 -1
4 3.0250000000e+03 5.0000000000e+02 302 1103 1104 303 301 -1 303 -1
4 3.0350000000e+03 5.0000000000e+02 303 1104 1105 304 302 -1 304 -1
4 3.0450000000e+03 5.0000000000e+02 304 1105 1106 305 303 -1 305 -1
4 3.0550000000e+03 5.0000000000e+02 305 1106 1107 306 304 -1 306 -1
4 3.0650000000e+03 5.0000000000e+02 306 1107 1108 307 305 -1 307 -1
4 3.0750000000e+03 5.0000000000e+02 307 1108 1109 308 306 -1 308 -1
4 3.0850000000e+03 5.0000000000e+02 308 1109 1110 309 307 -1 309 -1
4 3.0950000000e+03 5.0000000000e+02 309 1110 1111 310 308 -1 310 -1
4 3.1050000000e+03 5.0000000000e+02 310 1111 1112 311 309 -1 311 -1
4 3.1150000000e+03 5.0000000000e+02 311 1112 1113 312 310 -1 312 -1
4 3.1250000000e+03 5.0000000000e+02 312 1113 1114 313 311 -1 313 -1
4 3.1350000000e+03 5.0000000000e+02 313 1114 1115 314 312 -1 314 -1
4 3.1450000000e+03 5.0000000000e+02 314 1115 1116 315 313 -1 315 -1
4 3.1550000000e+03 5.0000000000e+02 315 1116 1117 316 314 -1 316 -1
4 3.1650000000e+03 5.0000000000e+02 316 1117 1118 317 315 -1 317 -1
4 3.1750000000e+03 5.0000000000e+02 317 1118 1119 318 316 -1 318 -1
4 3.1850000000e+03 5.0000000000e+02 318 1119 1120 319 317 -1 319 -1
4 3.1950000000e+03 5.0000000000e+02 319 1120 1121 320 318 -1 320 -1
4 3.2050000000e+03 5.0000000000e+02 320 1121 1122 321 319 -1 321 -1
4 3.2150000000e+03 5.0000000000e+02 321 1122 1123 322 320 -1 322 -1
4 3.2250000000e+03 5.0000000000e+02 322 1123 1124 323 321 -1 323 -1
4 3.2350000000e+03 5.0000000000e+02 323 1124 1125 324 322 -1 324 -1
4 3.2450000000e+03 5.0000000000e+02 324 1125 1126 325 323 -1 325 -1
4 3.2550000000e+03 5.0000000000e+02 325 1126 1127 326 324 -1 326 -1
4 3.2650000000e+03 5.0000000000e+02 326 1127 1128 327 325 -1 327 -1
4 3.2750000000e+03 5.0000000000e+02 327 1128 1129 328 326 -1 328 -1
4 3.2850000000e+03 5.0000000000e+02 328 1129 1130 329 327 -1 329 -1
4 3.2950000000e+03 5.0000000000e+02 329 1130 1131 330 328 -1 330 -1
4 3.3050000000e+03 5.0000000000e+02 330 1131 1132 331 329 -1 331 -1
4 3.3150000000e+03 5.0000000000e+02 331 1132 1133 332 330 -1 332 -1
4 3.3250000000e+03 5.0000000000e+02 332 1133 1134 333 331 -1 333 -1
4 3.3350000000e+03 5.0000000000e+02 333 1134 1135 334 332 -1 334 -1
4 3.3450000000e+03 5.0000000000e+02 334 1135 1136 335 333 -1 335 -1
4 3.3550000000e+03 5.0000000000e+02 335 1136 1137 336 334 -1 336 -1
4 3.3650000000e+03 5.0000000000e+02 336 1137 1138 337 335 -1 337 -1
4 3.3750000000e+03 5.0000000000e+02 337 1138 1139 338 336 -1 338 -1
4 3.3850000000e+03 5.0000000000e+02 338 1139 1140 339 337 -1 339 -1
4 3.3950000000e+03 5.0000000000e+02 339 1140 1141 340 338 -1 340 -1
4 3.4050000000e+03 5.0000000000e+02 340 1141 1142 341 339 -1 341 -1
4 3.4150000000e+03 5.0000000000e+02 341 1142 1143 342 340 -1 342 -1
4 3.4250000000e+03 5.0000000000e+02 342 1143 1144 343 341 -1 343 -1
4 3.4350000000e+03 5.0000000000e+02 343 1144 1145 344 342 -1 344 -1
4 3.4450000000e+03 5.0000000000e+02 344 1145 1146 345 343 -1 345 -1
4 3.4550000000e+03 5.0000000000e+02 345 1146 1147 346 344 -1 346 -1
4 3.4650000000e+03 5.0000000000e+02 346 1147 1148 347 345 -1 347 -1
4 3.4750000000e+03 5.0000000000e+02 347 1148 1149 348 346 -1 348 -1
4 3.4850000000e+03 5.0000000000e+02 348 1149 1150 349 347 -1 349 -1
4 3.4950000000e+03 5.0000000000e+02 349 1150 1151 350 348 -1 350 -1
4 3.5050000000e+03 5.0000000000e+02 350 1151 1152 351 349 -1 351 -1
4 3.5150000000e+03 5.0000000000e+02 351 1152 1153 352 350 -1 352 -1
4 3.5250000000e+03 5.0000000000e+02 352 1153 1154 353 351 -1 353 -1
4 3.5350000000e+03 5.0000000000e+02 353 1154 1155 354 352 -1 354 -1
4 3.5450000000e+03 5.0000000000e+02 354 1155 1156 355 353 -1 355 -1
4 3.5550000000e+03 5.0000000000e+02 355 1156 1157 356 354 -1 356 -1
4 3.5650000000e+03 5.0000000000e+02 356 1157 1158 357 355 -1 357 -1
4 3.5750000000e+03 5.0000000000e+02 357 1158 1159 358 356 -1 358 -1
4 3.5850000000e+03 5.0000000000e+02 358 1159 1160 359 357 -1 359 -1
4 3.5950000000e+03 5.0000000000e+02 359 1160 1161 360 358 -1 360 -1
4 3.6050000000e+03 5.0000000000e+02 360 1161 1162 361 359 -1 361 -1
4 3.6150000000e+03 5.0000000000e+02 361 1162 1163 362 360 -1 362 -1
4 3.6250000000e+03 5.0000000000e+02 362 1163 1164 363 361 -1 363 -1
4 3.6350000000e+03 5.0000000000e+02 363 1164 1165 364 362 -1 364 -1
4 3.6450000000e+03 5.0000000000e+02 364 1165 1166 365 363 -1 365 -1
4 3.6550000000e+03 5.0000000000e+02 365 1166 1167 366 364 -1 366 -1
4 3.6650000000e+03 5.0000000000e+02 366 1167 1168 367 365 -1 367 -1
4 3.6750000000e+03 5.0000000000e+02 367 1168 1169 368 366 -1 368 -1
4 3.6850000000e+03 5.0000000000e+02 368 1169 1170 369 367 -1 369 -1
4 3.6950000000e+03 5.0000000000e+02 369 1170 1171 370 368 -1 370 -1
4 3.7050000000e+03 5.0000000000e+02 370 1171 1172 371 369 -1 371 -1
4 3.7150000000e+03 5.0000000000e+02 371 1172 1173 372 370 -1 372 -1
4 3.7250000000e+03 5.0000000000e+02 372 1173 1174 373 371 -1 373 -1
4 3.7350000000e+03 5.0000000000e+02 373 1174 1175 374 372 -1 374 -1
4 3.7450000000e+03 5.0000000000e+02 374 1175 1176 375 373 -1 375 -1
4 3.7550000000e+03 5.0000000000e+02 375 1176 1177 376 374 -1 376 -1
4 3.7650000000e+03 5.0000000000e+02 376 1177 1178 377 375 -1 377 -1
4 3.7750000000e+03 5.0000000000e+02 377 1178 1179 378 376 -1 378 -1
4 3.7850000000e+03 5.0000000000e+02 378 1179 1180 379 377 -1 379 -1
4 3.7950000000e+03 5.0000000000e+02 379 1180 1181 380 378 -1 380 -1
4 3.8050000000e+03 5.0000000000e+02 380 1181 1182 381 379 -1 381 -1
4 3.8150000000e+03 5.0000000000e+02 381 1182 1183 382 380 -1 382 -1
4 3.8250000000e+03 5.0000000000e+02 382 1183 1184 383 381 -1 383 -1
4 3.8350000000e+03 5.0000000000e+02 383 1184 1185 384 382 -1 384 -1
4 3.8450000000e+03 5.0000000000e+02 384 1185 1186 385 383 -1 385 -1
4 3.8550000000e+03 5.0000000000e+02 385 1186 1187 386 384 -1 386 -1
4 3.8650000000e+03 5.0000000000e+02 386 1187 1188 387 385 -1 387 -1
4 3.8750000000e+03 5.0000000000e+02 387 1188 1189 388 386 -1 388 -1
4 3.8850000000e+03 5.0000000000e+02 388 1189 1190 389 387 -1 389 -1
4 3.8950000000e+03 5.0000000000e+02 389 1190 1191 390 388 -1 390 -1
4 3.9050000000e+03 5.0000000000e+02 390 1191 1192 391 389 -1 391 -1
4 3.9150000000e+03 5.0000000000e+02 391 1192 1193 392 390 -1 392 -1
4 3.9250000000e+03 5.0000000000e+02 392 1193 1194 393 391 -1 393 -1
4 3.9350000000e+03 5.0000000000e+02 393 1194 1195 394 392 -1 394 -1
4 3.9450000000e+03 5.0000000000e+02 394 1195 1196 395 393 -1 395 -1
4 3.9550000000e+03 5.0000000000e+02 395 1196 1197 396 394 -1 396 -1
4 3.9650000000e+03 5.0000000000e+02 396 1197 1198 397 395 -1 397 -1
4 3.9750000000e+03 5.0000000000e+02 397 1198 1199 398 396 -1 398 -1
4 3.9850000000e+03 5.0000000000e+02 398 1199 1200 399 397 -1 399 -1
4 3.9950000000e+03 5.0000000000e+02 399 1200 1201 400 398 -1 400 -1
4 4.0050000000e+03 5.0000000000e+02 400 1201 1202 401 399 -1 401 -1
4 4.0150000000e+03 5.0000000000e+02 401 1202 1203 402 400 -1 402 -1
4 4.0250000000e+03 5.0000000000e+02 402 1203 1204 403 401 -1 403 -1
4 4.0350000000e+03 5.0000000000e+02 403 1204 1205 404 402 -1 404 -1
4 4.0450000000e+03 5.0000000000e+02 404 1205 1206 405 403 -1 405 -1
4 4.0550000000e+03 5.0000000000e+02 405 1206 1207 406 404 -1 406 -1
4 4.0650000000e+03 5.0000000000e+02 406 1207 1208 407 405 -1 407 -1
4 4.0750000000e+03 5.0000000000e+02 407 1208 1209 408 406 -1 408 -1
4 4.0850000000e+03 5.0000000000e+02 408 1209 1210 409 407 -1 409 -1
4 4.0950000000e+03 5.0000000000e+02 409 1210 1211 410 408 -1 410 -1
4 4.1050000000e+03 5.0000000000e+02 410 1211 1212 411 409 -1 411 -1
4 4.1150000000e+03 5.0000000000e+02 411 1212 1213 412 410 -1 412 -1
4 4.1250000000e+03 5.0000000000e+02 412 1213 1214 413 411 -1 413 -1
4 4.1350000000e+03 5.0000000000e+02 413 1214 1215 414 412 -1 414 -1
4 4.1450000000e+03 5.0000000000e+02 414 1215 1216 415 413 -1 415 -1
4 4.1550000000e+03 5.0000000000e+02 415 1216 1217 416 414 -1 416 -1
4 4.1650000000e+03 5.0000000000e+02 416 1217 1218 417 415 -1 417 -1
4 4.1750000000e+03 5.0000000000e+02 417 1218 1219 418 416 -1 418 -1
4 4.1850000000e+03 5.0000000000e+02 418 1219 1220 419 417 -1 419 -1
4 4.1950000000e+03 5.0000000000e+02 419 1220 1221 420 418 -1 420 -1
4 4.2050000000e+03 5.0000000000e+02 420 1221 1222 421 419 -1 421 -1
4 4.2150000000e+03 5.0000000000e+02 421 1222 1223 422 420 -1 422 -1
4 4.2250000000e+03 5.0000000000e+02 422 1223 1224 423 421 -1 423 -1
4 4.2350000000e+03 5.0000000000e+02 423 1224 1225 424 422 -1 424 -1
4 4.2450000000e+03 5.0000000000e+02 424 1225 1226 425 423 -1 425 -1
4 4.2550000000e+03 5.0000000000e+02 425 1226 1227 426 424 -1 426 -1
4 4.2650000000e+03 5.0000000000e+02 426 1227 1228 427 425 -1 427 -1
4 4.2750000000e+03 5.0000000000e+02 427 1228 1229 428 426 -1 428 -1
4 4.2850000000e+03 5.0000000000e+02 428 1229 1230 429 427 -1 429 -1
4 4.2950000000e+03 5.0000000000e+02 429 1230 1231 430 428 -1 430 -1
4 4.3050000000e+03 5.0000000000e+02 430 1231 1232 431 429 -1 431 -1
4 4.3150000000e+03 5.0000000000e+02 431 1232 1233 432 430 -1 432 -1
4 4.3250000000e+03 5.0000000000e+02 432 1233 1234 433 431 -1 433 -1
4 4.3350000000e+03 5.0000000000e+02 433 1234 1235 434 432 -1 434 -1
4 4.3450000000e+03 5.0000000000e+02 434 1235 1236 435 433 -1 435 -1
4 4.3550000000e+03 5.0000000000e+02 435 1236 1237 436 434 -1 436 -1
4 4.3650000000e+03 5.0000000000e+02 436 1237 1238 437 435 -1 437 -1
4 4.3750000000e+03 5.0000000000e+02 437 1238 1239 438 436 -1 438 -1
4 4.3850000000e+03 5.0000000000e+02 438 1239 1240 439 437 -1 439 -1
4 4.3950000000e+03 5.0000000000e+02 439 1240 1241 440 438 -1 440 -1
4 4.4050000000e+03 5.0000000000e+02 440 1241 1242 441 439 -1 441 -1
4 4.4150000000e+03 5.0000000000e+02 441 1242 1243 442 440 -1 442 -1
4 4.4250000000e+03 5.0000000000e+02 442 1243 1244 443 441 -1 443 -1
4 4.4350000000e+03 5.0000000000e+02 443 1244 1245 444 442 -1 444 -1
4 4.4450000000e+03 5.0000000000e+02 444 1245 1246 445 443 -1 445 -1
4 4.4550000000e+03 5.0000000000e+02 445 1246 1247 446 444 -1 446 -1
4 4.4650000000e+03 5.0000000000e+02 446 1247 1248 447 445 -1 447 -1
4 4.4750000000e+03 5.0000000000e+02 447 1248 1249 448 446 -1 448 -1
4 4.4850000000e+03 5.0000000000e+02 448 1249 1250 449 447 -1 449 -1
4 4.4950000000e+03 5.0000000000e+02 449 1250 1251 450 448 -1 450 -1
4 4.5050000000e+03 5.0000000000e+02 450 1251 1252 451 449 -1 451 -1
4 4.5150000000e+03 5.0000000000e+02 451 1252 1253 452 450 -1 452 -1
4 4.5250000000e+03 5.0000000000e+02 452 1253 1254 453 451 -1 453 -1
4 4.5350000000e+03 5.0000000000e+02 453 1254 1255 454 452 -1 454 -1
4 4.5450000000e+03 5.0000000000e+02 454 1255 1256 455 453 -1 455 -1
4 4.5550000000e+03 5.0000000000e+02 455 1256 1257 456 454 -1 456 -1
4 4.5650000000e+03 5.0000000000e+02 456 1257 1258 457 455 -1 457 -1
4 4.5750000000e+03 5.0000000000e+02 457 1258 1259 458 456 -1 458 -1
4 4.5850000000e+03 5.0000000000e+02 458 1259 1260 459 457 -1 459 -1
4 4.5950000000e+03 5.0000000000e+02 459 1260 1261 460 458 -1 460 -1
4 4.6050000000e+03 5.0000000000e+02 460 1261 1262 461 459 -1 461 -1
4 4.6150000000e+03 5.0000000000e+02 461 1262 1263 462 460 -1 462 -1
4 4.6250000000e+03 5.0000000000e+02 462 1263 1264 463 461 -1 463 -1
4 4.6350000000e+03 5.0000000000e+02 463 1264 1265 464 462 -1 464 -1
4 4.6450000000e+03 5.0000000000e+02 464 1265 1266 465 463 -1 465 -1
4 4.6550000000e+03 5.0000000000e+02 465 1266 1267 466 464 -1 466 -1
4 4.6650000000e+03 5.0000000000e+02 466 1267 1268 467 465 -1 467 -1
4 4.6750000000e+03 5.0000000000e+02 467 1268 1269 468 466 -1 468 -1
4 4.6850000000e+03 5.0000000000e+02 468 1269 1270 469 467 -1 469 -1
4 4.6950000000e+03 5.0000000000e+02 469 1270 1271 470 468 -1 470 -1
4 4.7050000000e+03 5.0000000000e+02 470 1271 1272 471 469 -1 471 -1
4 4.7150000000e+03 5.0000000000e+02 471 1272 1273 472 470 -1 472 -1
4 4.7250000000e+03 5.0000000000e+02 472 1273 1274 473 471 -1 473 -1
4 4.7350000000e+03 5.0000000000e+02 473 1274 1275 474 472 -1 474 -1
4 4.7450000000e+03 5.0000000000e+02 474 1275 1276 475 473 -1 475 -1
4 4.7550000000e+03 5.0000000000e+02 475 1276 1277 476 474 -1 476 -1
4 4.7650000000e+03 5.0000000000e+02 476 1277 1278 477 475 -1 477 -1
4 4.7750000000e+03 5.0000000000e+02 477 1278 1279 478 476 -1 478 -1
4 4.7850000000e+03 5.0000000000e+02 478 1279 1280 479 477 -1 479 -1
4 4.7950000000e+03 5.0000000000e+02 479 1280 1281 480 478 -1 480 -1
4 4.8050000000e+03 5.0000000000e+02 480 1281 1282 481 479 -1 481 -1
4 4.8150000000e+03 5.0000000000e+02 481 1282 1283 482 480 -1 482 -1
4 4.8250000000e+03 5.0000000000e+02 482 1283 1284 483 481 -1 483 -1
4 4.8350000000e+03 5.0000000000e+02 483 1284 1285 484 482 -1 484 -1
4 4.8450000000e+03 5.0000000000e+02 484 1285 1286 485 483 -1 485 -1
4 4.8550000000e+03 5.0000000000e+02 485 1286 1287 486 484 -1 486 -1
4 4.8650000000e+03 5.0000000000e+02 486 1287 1288 487 485 -1 487 -1
4 4.8750000000e+03 5.0000000000e+02 487 1288 1289 488 486 -1 488 -1
4 4.8850000000e+03 5.0000000000e+02 488 1289 1290 489 487 -1 489 -1
4 4.8950000000e+03 5.0000000000e+02 489 1290 1291 490 488 -1 490 -1
4 4.9050000000e+03 5.0000000000e+02 490 1291 1292 491 489 -1 491 -1
4 4.9150000000e+03 5.0000000000e+02 491 1292 1293 492 490 -1 492 -1
4 4.9250000000e+03 5.0000000000e+02 492 1293 1294 493 491 -1 493 -1
4 4.9350000000e+03 5.0000000000e+02 493 1294 1295 494 492 -1 494 -1
4 4.9450000000e+03 5.0000000000e+02 494 1295 1296 495 493 -1 495 -1
4 4.9550000000e+03 5.0000000000e+02 495 1296 1297 496 494 -1 496 -1
4 4.9650000000e+03 5.0000000000e+02 496 1297 1298 497 495 -1 497 -1
4 4.9750000000e+03 5.0000000000e+02 497 1298 1299 498 496 -1 498 -1
4 4.9850000000e+03 5.0000000000e+02 498 1299 1300 499 497 -1 499 -1
4 4.9950000000e+03 5.0000000000e+02 499 1300 1301 500 498 -1 500 -1
4 5.0050000000e+03 5.0000000000e+02 500 1301 1302 501 499 -1 501 -1
4 5.0150000000e+03 5.0000000000e+02 501 1302 1303 502 500 -1 502 -1
4 5.0250000000e+03 5.0000000000e+02 502 1303 1304 503 501 -1 503 -1
4 5.0350000000e+03 5.0000000000e+02 503 1304 1305 504 502 -1 504 -1
4 5.0450000000e+03 5.0000000000e+02 504 1305 1306 505 503 -1 505 -1
4 5.0550000000e+03 5.0000000000e+02 505 1306 1307 506 504 -1 506 -1
4 5.0650000000e+03 5.0000000000e+02 506 1307 1308 507 505 -1 507 -1
4 5.0750000000e+03 5.0000000000e+02 507 1308 1309 508 506 -1 508 -1
4 5.0850000000e+03 5.0000000000e+02 508 1309 1310 509 507 -1 509 -1
4 5.0950000000e+03 5.0000000000e+02 509 1310 1311 510 508 -1 510 -1
4 5.1050000000e+03 5.0000000000e+02 510 1311 1312 511 509 -1 511 -1
4 5.1150000000e+03 5.0000000000e+02 511 1312 1313 512 510 -1 512 -1
4 5.1250000000e+03 5.0000000000e+02 512 1313 1314 513 511 -1 513 -1
4 5.1350000000e+03 5.0000000000e+02 513 1314 1315 514 512 -1 514 -1
4 5.1450000000e+03 5.0000000000e+02 514 1315 1316 515 513 -1 515 -1
4 5.1550000000e+03 5.0000000000e+02 515 1316 1317 516 514 -1 516 -1
4 5.1650000000e+03 5.0000000000e+02 516 1317 1318 517 515 -1 517 -1
4 5.1750000000e+03 5.0000000000e+02 517 1318 1319 518 516 -1 518 -1
4 5.1850000000e+03 5.0000000000e+02 518 1319 1320 519 517 -1 519 -1
4 5.1950000000e+03 5.0000000000e+02 519 1320 1321 520 518 -1 520 -1
4 5.2050000000e+03 5.0000000000e+02 520 1321 1322 521 519 -1 521 -1
4 5.2150000000e+03 5.0000000000e+02 521 1322 1323 522 520 -1 522 -1
4 5.2250000000e+03 5.0000000000e+02 522 1323 1324 523 521 -1 523 -1
4 5.2350000000e+03 5.0000000000e+02 523 1324 1325 524 522 -1 524 -1
4 5.2450000000e+03 5.0000000000e+02 524 1325 1326 525 523 -1 525 -1
4 5.2550000000e+03 5.0000000000e+02 525 1326 1327 526 524 -1 526 -1
4 5.2650000000e+03 5.0000000000e+02 526 1327 1328 527 525 -1 527 -1
4 5.2750000000e+03 5.0000000000e+02 527 1328 1329 528 526 -1 528 -1
4 5.2850000000e+03 5.0000000000e+02 528 1329 1330 529 527 -1 529 -1
4 5.2950000000e+03 5.0000000000e+02 529 1330 1331 530 528 -1 530 -1
4 5.3050000000e+03 5.0000000000e+02 530 1331 1332 531 529 -1 531 -1
4 5.3150000000e+03 5.0000000000e+02 531 1332 1333 532 530 -1 532 -1
4 5.3250000000e+03 5.0000000000e+02 532 1333 1334 533 531 -1 533 -1
4 5.3350000000e+03 5.0000000000e+02 533 1334 1335 534 532 -1 534 -1
4 5.3450000000e+03 5.0000000000e+02 534 1335 1336 535 533 -1 535 -1
4 5.3550000000e+03 5.0000000000e+02 535 1336 1337 536 534 -1 536 -1
4 5.3650000000e+03 5.0000000000e+02 536 1337 1338 537 535 -1 537 -1
4 5.3750000000e+03 5.0000000000e+02 537 1338 1339 538 536 -1 538 -1
4 5.3850000000e+03 5.0000000000e+02 538 1339 1340 539 537 -1 539 -1
4 5.3950000000e+03 5.0000000000e+02 539 1340 1341 540 538 -1 540 -1
4 5.4050000000e+03 5.0000000000e+02 540 1341 1342 541 539 -1 541 -1
4 5.4150000000e+03 5.0000000000e+02 541 1342 1343 542 540 -1 542 -1
4 5.4250000000e+03 5.0000000000e+02 542 1343 1344 543 541 -1 543 -1
4 5.4350000000e+03 5.0000000000e+02 543 1344 1345 544 542 -1 544 -1
4 5.4450000000e+03 5.0000000000e+02 544 1345 1346 545 543 -1 545 -1
4 5.4550000000e+03 5.0000000000e+02 545 1346 1347 546 544 -1 546 -1
4 5.4650000000e+03 5.0000000000e+02 546 1347 1348 547 545 -1 547 -1
4 5.4750000000e+03 5.0000000000e+02 547 1348 1349 548 546 -1 548 -1
4 5.4850000000e+03 5.0000000000e+02 548 1349 1350 549 547 -1 549 -1
4 5.4950000000e+03 5.0000000000e+02 549 1350 1351 550 548 -1 550 -1
4 5.5050000000e+03 5.0000000000e+02 550 1351 1352 551 549 -1 551 -1
4 5.5150000000e+03 5.0000000000e+02 551 1352 1353 552 550 -1 552 -1
4 5.5250000000e+03 5.0000000000e+02 552 1353 1354 553 551 -1 553 -1
4 5.5350000000e+03 5.0000000000e+02 553 1354 1355 554 552 -1 554 -1
4 5.5450000000e+03 5.0000000000e+02 554 1355 1356 555 553 -1 555 -1
4 5.5550000000e+03 5.0000000000e+02 555 1356 1357 556 554 -1 556 -1
4 5.5650000000e+03 5.0000000000e+02 556 1357 1358 557 555 -1 557 -1
4 5.5750000000e+03 5.0000000000e+02 557 1358 1359 558 556 -1 558 -1
4 5.5850000000e+03 5.0000000000e+02 558 1359 1360 559 557 -1 559 -1
4 5.5950000000e+03 5.0000000000e+02 559 1360 1361 560 558 -1 560 -1
4 5.6050000000e+03 5.0000000000e+02 560 1361 1362 561 559 -1 561 -1
4 5.6150000000e+03 5.0000000000e+02 561 1362 1363 562 560 -1 562 -1
4 5.6250000000e+03 5.0000000000e+02 562 1363 1364 563 561 -1 563 -1
4 5.6350000000e+03 5.0000000000e+02 563 1364 1365 564 562 -1 564 -1
4 5.6450000000e+03 5.0000000000e+02 564 1365 1366 565 563 -1 565 -1
4 5.6550000000e+03 5.0000000000e+02 565 1366 1367 566 564 -1 566 -1
4 5.6650000000e+03 5.0000000000e+02 566 1367 1368 567 565 -1 567 -1
4 5.6750000000e+03 5.0000000000e+02 567 1368 1369 568 566 -1 568 -1
4 5.6850000000e+03 5.0000000000e+02 568 1369 1370 569 567 -1 569 -1
4 5.6950000000e+03 5.0000000000e+02 569 1370 1371 570 568 -1 570 -1
4 5.7050000000e+03 5.0000000000e+02 570 1371 1372 571 569 -1 571 -1
4 5.7150000000e+03 5.0000000000e+02 571 1372 1373 572 570 -1 572 -1
4 5.7250000000e+03 5.0000000000e+02 572 1373 1374 573 571 -1 573 -1
4 5.7350000000e+03 5.0000000000e+02 573 1374 1375 574 572 -1 574 -1
4 5.7450000000e+03 5.0000000000e+02 574 1375 1376 575 573 -1 575 -1
4 5.7550000000e+03 5.0000000000e+02 575 1376 1377 576 574 -1 576 -1
4 5.7650000000e+03 5.0000000000e+02 576 1377 1378 577 575 -1 577 -1
4 5.7750000000e+03 5.0000000000e+02 577 1378 1379 578 576 -1 578 -1
4 5.7850000000e+03 5.0000000000e+02 578 1379 1380 579 577 -1 579 -1
4 5.7950000000e+03 5.0000000000e+02 579 1380 1381 580 578 -1 580 -1
4 5.8050000000e+03 5.0000000000e+02 580 1381 1382 581 579 -1 581 -1
4 5.8150000000e+03 5.0000000000e+02 581 1382 1383 582 580 -1 582 -1
4 5.8250000000e+03 5.0000000000e+02 582 1383 1384 583 581 -1 583 -1
4 5.8350000000e+03 5.0000000000e+02 583 1384 1385 584 582 -1 584 -1
4 5.8450000000e+03 5.0000000000e+02 584 1385 1386 585 583 -1 585 -1
4 5.8550000000e+03 5.0000000000e+02 585 1386 1387 586 584 -1 586 -1
4 5.8650000000e+03 5.0000000000e+02 586 1387 1388 587 585 -1 587 -1
4 5.8750000000e+03 5.0000000000e+02 587 1388 1389 588 586 -1 588 -1
4 5.8850000000e+03 5.0000000000e+02 588 1389 1390 589 587 -1 589 -1
4 5.8950000000e+03 5.0000000000e+02 589 1390 1391 590 588 -1 590 -1
4 5.9050000000e+03 5.0000000000e+02 590 1391 1392 591 589 -1 591 -1
4 5.9150000000e+03 5.0000000000e+02 591 1392 1393 592 590 -1 592 -1
4 5.9250000000e+03 5.0000000000e+02 592 1393 1394 593 591 -1 593 -1
4 5.9350000000e+03 5.0000000000e+02 593 1394 1395 594 592 -1 594 -1
4 5.9450000000e+03 5.0000000000e+02 594 1395 1396 595 593 -1 595 -1
4 5.9550000000e+03 5.0000000000e+02 595 1396 1397 596 594 -1 596 -1
4 5.9650000000e+03 5.0000000000e+02 596 1397 1398 597 595 -1 597 -1
4 5.9750000000e+03 5.0000000000e+02 597 1398 1399 598 596 -1 598 -1
4 5.9850000000e+03 5.0000000000e+02 598 1399 1400 599 597 -1 599 -1
4 5.9950000000e+03 5.0000000000e+02 599 1400 1401 600 598 -1 600 -1
4 6.0050000000e+03 5.0000000000e+02 600 1401 1402 601 599 -1 601 -1
4 6.0150000000e+03 5.0000000000e+02 601 1402 1403 602 600 -1 602 -1
4 6.0250000000e+03 5.0000000000e+02 602 1403 1404 603 601 -1 603 -1
4 6.0350000000e+03 5.0000000000e+02 603 1404 1405 604 602 -1 604 -1
4 6.0450000000e+03 5.0000000000e+02 604 1405 1406 605 603 -1 605 -1
4 6.0550000000e+03 5.0000000000e+02 605 1406 1407 606 604 -1 606 -1
4 6.0650000000e+03 5.0000000000e+02 606 1407 1408 607 605 -1 607 -1
4 6.0750000000e+03 5.0000000000e+02 607 1408 1409 608 606 -1 608 -1
4 6.0850000000e+03 5.0000000000e+02 608 1409 1410 609 607 -1 609 -1
4 6.0950000000e+03 5.0000000000e+02 609 1410 1411 610 608 -1 610 -1
4 6.1050000000e+03 5.0000000000e+02 610 1411 1412 611 609 -1 611 -1
4 6.1150000000e+03 5.0000000000e+02 611 1412 1413 612 610 -1 612 -1
4 6.1250000000e+03 5.0000000000e+02 612 1413 1414 613 611 -1 613 -1
4 6.1350000000e+03 5.0000000000e+02 613 1414 1415 614 612 -1 614 -1
4 6.1450000000e+03 5.0000000000e+02 614 1415 1416 615 613 -1 615 -1
4 6.1550000000e+03 5.0000000000e+02 615 1416 1417 616 614 -1 616 -1
4 6.1650000000e+03 5.0000000000e+02 616 1417 1418 617 615 -1 617 -1
4 6.1750000000e+03 5.0000000000e+02 617 1418 1419 618 616 -1 618 -1
4 6.1850000000e+03 5.0000000000e+02 618 1419 1420 619 617 -1 619 -1
4 6.1950000000e+03 5.0000000000e+02 619 1420 1421 620 618 -1 620 -1
4 6.2050000000e+03 5.0000000000e+02 620 1421 1422 621 619 -1 621 -1
4 6.2150000000e+03 5.0000000000e+02 621 1422 1423 622 620 -1 622 -1
4 6.2250000000e+03 5.0000000000e+02 622 1423 1424 623 621 -1 623 -1
4 6.2350000000e+03 5.0000000000e+02 623 1424 1425 624 622 -1 624 -1
4 6.2450000000e+03 5.0000000000e+02 624 1425 1426 625 623 -1 625 -1
4 6.2550000000e+03 5.0000000000e+02 625 1426 1427 626 624 -1 626 -1
4 6.2650000000e+03 5.0000000000e+02 626 1427 1428 627 625 -1 627 -1
4 6.2750000000e+03 5.0000000000e+02 627 1428 1429 628 626 -1 628 -1
4 6.2850000000e+03 5.0000000000e+02 628 1429 1430 629 627 -1 629 -1
4 6.2950000000e+03 5.0000000000e+02 629 1430 1431 630 628 -1 630 -1
4 6.3050000000e+03 5.0000000000e+02 630 1431 1432 631 629 -1 631 -1
4 6.3150000000e+03 5.0000000000e+02 631 1432 1433 632 630 -1 632 -1
4 6.3250000000e+03 5.0000000000e+02 632 1433 1434 633 631 -1 633 -1
4 6.3350000000e+03 5.0000000000e+02 633 1434 1435 634 632 -1 634 -1
4 6.3450000000e+03 5.0000000000e+02 634 1435 1436 635 633 -1 635 -1
4 6.3550000000e+03 5.0000000000e+02 635 1436 1437 636 634 -1 636 -1
4 6.3650000000e+03 5.0000000000e+02 636 1437 1438 637 635 -1 637 -1
4 6.3750000000e+03 5.0000000000e+02 637 1438 1439 638 636 -1 638 -1
4 6.3850000000e+03 5.0000000000e+02 638 1439 1440 639 637 -1 639 -1
4 6.3950000000e+03 5.0000000000e+02 639 1440 1441 640 638 -1 640 -1
4 6.4050000000e+03 5.0000000000e+02 640 1441 1442 641 639 -1 641 -1
4 6.4150000000e+03 5.0000000000e+02 641 1442 1443 642 640 -1 642 -1
4 6.4250000000e+03 5.0000000000e+02 642 1443 1444 643 641 -1 643 -1
4 6.4350000000e+03 5.0000000000e+02 643 1444 1445 644 642 -1 644 -1
4 6.4450000000e+03 5.0000000000e+02 644 1445 1446 645 643 -1 645 -1
4 6.4550000000e+03 5.0000000000e+02 645 1446 1447 646 644 -1 646 -1
4 6.4650000000e+03 5.0000000000e+02 646 1447 1448 647 645 -1 647 -1
4 6.4750000000e+03 5.0000000000e+02 647 1448 1449 648 646 -1 648 -1
4 6.4850000000e+03 5.0000000000e+02 648 1449 1450 649 647 -1 649 -1
4 6.4950000000e+03 5.0000000000e+02 649 1450 1451 650 648 -1 650 -1
4 6.5050000000e+03 5.0000000000e+02 650 1451 1452 651 649 -1 651 -1
4 6.5150000000e+03 5.0000000000e+02 651 1452 1453 652 650 -1 652 -1
4 6.5250000000e+03 5.0000000000e+02 652 1453 1454 653 651 -1 653 -1
4 6.5350000000e+03 5.0000000000e+02 653 1454 1455 654 652 -1 654 -1
4 6.5450000000e+03 5.0000000000e+02 654 1455 1456 655 653 -1 655 -1
4 6.5550000000e+03 5.0000000000e+02 655 1456 1457 656 654 -1 656 -1
4 6.5650000000e+03 5.0000000000e+02 656 1457 1458 657 655 -1 657 -1
4 6.5750000000e+03 5.0000000000e+02 657 1458 1459 658 656 -1 658 -1
4 6.5850000000e+03 5.0000000000e+02 658 1459 1460 659 657 -1 659 -1
4 6.5950000000e+03 5.0000000000e+02 659 1460 1461 660 658 -1 660 -1
4 6.6050000000e+03 5.0000000000e+02 660 1461 1462 661 659 -1 661 -1
4 6.6150000000e+03 5.0000000000e+02 661 1462 1463 662 660 -1 662 -1
4 6.6250000000e+03 5.0000000000e+02 662 1463 1464 663 661 -1 663 -1
4 6.6350000000e+03 5.0000000000e+02 663 1464 1465 664 662 -1 664 -1
4 6.6450000000e+03 5.0000000000e+02 664 1465 1466 665 663 -1 665 -1
4 6.6550000000e+03 5.0000000000e+02 665 1466 1467 666 664 -1 666 -1
4 6.6650000000e+03 5.0000000000e+02 666 1467 1468 667 665 -1 667 -1
4 6.6750000000e+03 5.0000000000e+02 667 1468 1469 668 666 -1 668 -1
4 6.6850000000e+03 5.0000000000e+02 668 1469 1470 669 667 -1 669 -1
4 6.6950000000e+03 5.0000000000e+02 669 1470 1471 670 668 -1 670 -1
4 6.7050000000e+03 5.0000000000e+02 670 1471 1472 671 669 -1 671 -1
4 6.7150000000e+03 5.0000000000e+02 671 1472 1473 672 670 -1 672 -1
4 6.7250000000e+03 5.0000000000e+02 672 1473 1474 673 671 -1 673 -1
4 6.7350000000e+03 5.0000000000e+02 673 1474 1475 674 672 -1 674 -1
4 6.7450000000e+03 5.0000000000e+02 674 1475 1476 675 673 -1 675 -1
4 6.7550000000e+03 5.0000000000e+02 675 1476 1477 676 674 -1 676 -1
4 6.7650000000e+03 5.0000000000e+02 676 1477 1478 677 675 -1 677 -1
4 6.7750000000e+03 5.0000000000e+02 677 1478 1479 678 676 -1 678 -1
4 6.7850000000e+03 5.0000000000e+02 678 1479 1480 679 677 -1 679 -1
4 6.7950000000e+03 5.0000000000e+02 679 1480 1481 680 678 -1 680 -1
4 6.8050000000e+03 5.0000000000e+02 680 1481 1482 681 679 -1 681 -1
4 6.8150000000e+03 5.0000000000e+02 681 1482 1483 682 680 -1 682 -1
4 6.8250000000e+03 5.0000000000e+02 682 1483 1484 683 681 -1 683 -1
4 6.8350000000e+03 5.0000000000e+02 683 1484 1485 684 682 -1 684 -1
4 6.8450000000e+03 5.0000000000e+02 684 1485 1486 685 683 -1 685 -1
4 6.8550000000e+03 5.0000000000e+02 685 1486 1487 686 684 -1 686 -1
4 6.8650000000e+03 5.0000000000e+02 686 1487 1488 687 685 -1 687 -1
4 6.8750000000e+03 5.0000000000e+02 687 1488 1489 688 686 -1 688 -1
4 6.8850000000e+03 5.0000000000e+02 688 1489 1490 689 687 -1 689 -1
4 6.8950000000e+03 5.0000000000e+02 689 1490 1491 690 688 -1 690 -1
4 6.9050000000e+03 5.0000000000e+02 690 1491 1492 691 689 -1 691 -1
4 6.9150000000e+03 5.0000000000e+02 691 1492 1493 692 690 -1 692 -1
4 6.9250000000e+03 5.0000000000e+02 692 1493 1494 693 691 -1 693 -1
4 6.9350000000e+03 5.0000000000e+02 693 1494 1495 694 692 -1 694 -1
4 6.9450000000e+03 5.0000000000e+02 694 1495 1496 695 693 -1 695 -1
4 6.9550000000e+03 5.0000000000e+02 695 1496 1497 696 694 -1 696 -1
4 6.9650000000e+03 5.0000000000e+02 696 1497 1498 697 695 -1 697 -1
4 6.9750000000e+03 5.0000000000e+02 697 1498 1499 698 696 -1 698 -1
4 6.9850000000e+03 5.0000000000e+02 698 1499 1500 699 697 -1 699 -1
4 6.9950000000e+03 5.0000000000e+02 699 1500 1501 700 698 -1 700 -1
4 7.0050000000e+03 5.0000000000e+02 700 1501 1502 701 699 -1 701 -1
4 7.0150000000e+03 5.0000000000e+02 701 1502 1503 702 700 -1 702 -1
4 7.0250000000e+03 5.0000000000e+02 702 1503 1504 703 701 -1 703 -1
4 7.0350000000e+03 5.0000000000e+02 703 1504 1505 704 702 -1 704 -1
4 7.0450000000e+03 5.0000000000e+02 704 1505 1506 705 703 -1 705 -1
4 7.0550000000e+03 5.0000000000e+02 705 1506 1507 706 704 -1 706 -1
4 7.0650000000e+03 5.0000000000e+02 706 1507 1508 707 705 -1 707 -1
4 7.0750000000e+03 5.0000000000e+02 707 1508 1509 708 706 -1 708 -1
4 7.0850000000e+03 5.0000000000e+02 708 1509 1510 709 707 -1 709 -1
4 7.0950000000e+03 5.0000000000e+02 709 1510 1511 710 708 -1 710 -1
4 7.1050000000e+03 5.0000000000e+02 710 1511 1512 711 709 -1 711 -1
4 7.1150000000e+03 5.0000000000e+02 711 1512 1513 712 710 -1 712 -1
4 7.1250000000e+03 5.0000000000e+02 712 1513 1514 713 711 -1 713 -1
4 7.1350000000e+03 5.0000000000e+02 713 1514 1515 714 712 -1 714 -1
4 7.1450000000e+03 5.0000000000e+02 714 1515 1516 715 713 -1 715 -1
4 7.1550000000e+03 5.0000000000e+02 715 1516 1517 716 714 -1 716 -1
4 7.1650000000e+03 5.0000000000e+02 716 1517 1518 717 715 -1 717 -1
4 7.1750000000e+03 5.0000000000e+02 717 1518 1519 718 716 -1 718 -1
4 7.1850000000e+03 5.0000000000e+02 718 1519 1520 719 717 -1 719 -1
4 7.1950000000e+03 5.0000000000e+02 719 1520 1521 720 718 -1 720 -1
4 7.2050000000e+03 5.0000000000e+02 720 1521 1522 721 719 -1 721 -1
4 7.2150000000e+03 5.0000000000e+02 721 1522 1523 722 720 -1 722 -1
4 7.2250000000e+03 5.0000000000e+02 722 1523 1524 723 721 -1 723 -1
4 7.2350000000e+03 5.0000000000e+02 723 1524 1525 724 722 -1 724 -1
4 7.2450000000e+03 5.0000000000e+02 724 1525 1526 725 723 -1 725 -1
4 7.2550000000e+03 5.0000000000e+02 725 1526 1527 726 724 -1 726 -1
4 7.2650000000e+03 5.0000000000e+02 726 1527 1528 727 725 -1 727 -1
4 7.2750000000e+03 5.0000000000e+02 727 1528 1529 728 726 -1 728 -1
4 7.2850000000e+03 5.0000000000e+02 728 1529 1530 729 727 -1 729 -1
4 7.2950000000e+03 5.0000000000e+02 729 1530 1531 730 728 -1 730 -1
4 7.3050000000e+03 5.0000000000e+02 730 1531 1532 731 729 -1 731 -1
4 7.3150000000e+03 5.0000000000e+02 731 1532 1533 732 730 -1 732 -1
4 7.3250000000e+03 5.0000000000e+02 732 1533 1534 733 731 -1 733 -1
4 7.3350000000e+03 5.0000000000e+02 733 1534 1535 734 732 -1 734 -1
4 7.3450000000e+03 5.0000000000e+02 734 1535 1536 735 733 -1 735 -1
4 7.3550000000e+03 5.0000000000e+02 735 1536 1537 736 734 -1 736 -1
4 7.3650000000e+03 5.0000000000e+02 736 1537 1538 737 735 -1 737 -1
4 7.3750000000e+03 5.0000000000e+02 737 1538 1539 738 736 -1 738 -1
4 7.3850000000e+03 5.0000000000e+02 738 1539 1540 739 737 -1 739 -1
4 7.3950000000e+03 5.0000000000e+02 739 1540 1541 740 738 -1 740 -1
4 7.4050000000e+03 5.0000000000e+02 740 1541 1542 741 739 -1 741 -1
4 7.4150000000e+03 5.0000000000e+02 741 1542 1543 742 740 -1 742 -1
4 7.4250000000e+03 5.0000000000e+02 742 1543 1544 743 741 -1 743 -1
4 7.4350000000e+03 5.0000000000e+02 743 1544 1545 744 742 -1 744 -1
4 7.4450000000e+03 5.0000000000e+02 744 1545 1546 745 743 -1 745 -1
4 7.4550000000e+03 5.0000000000e+02 745 1546 1547 746 744 -1 746 -1
4 7.4650000000e+03 5.0000000000e+02 746 1547 1548 747 745 -1 747 -1
4 7.4750000000e+03 5.0000000000e+02 747 1548 1549 748 746 -1 748 -1
4 7.4850000000e+03 5.0000000000e+02 748 1549 1550 749 747 -1 749 -1
4 7.4950000000e+03 5.0000000000e+02 749 1550 1551 750 748 -1 750 -1
4 7.5050000000e+03 5.0000000000e+02 750 1551 1552 751 749 -1 751 -1
4 7.5150000000e+03 5.0000000000e+02 751 1552 1553 752 750 -1 752 -1
4 7.5250000000e+03 5.0000000000e+02 752 1553 1554 753 751 -1 753 -1
4 7.5350000000e+03 5.0000000000e+02 753 1554 1555 754 752 -1 754 -1
4 7.5450000000e+03 5.0000000000e+02 754 1555 1556 755 753 -1 755 -1
4 7.5550000000e+03 5.0000000000e+02 755 1556 1557 756 754 -1 756 -1
4 7.5650000000e+03 5.0000000000e+02 756 1557 1558 757 755 -1 757 -1
4 7.5750000000e+03 5.0000000000e+02 757 1558 1559 758 756 -1 758 -1
4 7.5850000000e+03 5.0000000000e+02 758 1559 1560 759 757 -1 759 -1
4 7.5950000000e+03 5.0000000000e+02 759 1560 1561 760 758 -1 760 -1
4 7.6050000000e+03 5.0000000000e+02 760 1561 1562 761 759 -1 761 -1
4 7.6150000000e+03 5.0000000000e+02 761 1562 1563 762 760 -1 762 -1
4 7.6250000000e+03 5.0000000000e+02 762 1563 1564 763 761 -1 763 -1
4 7.6350000000e+03 5.0000000000e+02 763 1564 1565 764 762 -1 764 -1
4 7.6450000000e+03 5.0000000000e+02 764 1565 1566 765 763 -1 765 -1
4 7.6550000000e+03 5.0000000000e+02 765 1566 1567 766 764 -1 766 -1
4 7.6650000000e+03 5.0000000000e+02 766 1567 1568 767 765 -1 767 -1
4 7.6750000000e+03 5.0000000000e+02 767 1568 1569 768 766 -1 768 -1
4 7.6850000000e+03 5.0000000000e+02 768 1569 1570 769 767 -1 769 -1
4 7.6950000000e+03 5.0000000000e+02 769 1570 1571 770 768 -1 770 -1
4 7.7050000000e+03 5.0000000000e+02 770 1571 1572 771 769 -1 771 -1
4 7.7150000000e+03 5.0000000000e+02 771 1572 1573 772 770 -1 772 -1
4 7.7250000000e+03 5.0000000000e+02 772 1573 1574 773 771 -1 773 -1
4 7.7350000000e+03 5.0000000000e+02 773 1574 1575 774 772 -1 774 -1
4 7.7450000000e+03 5.0000000000e+02 774 1575 1576 775 773 -1 775 -1
4 7.7550000000e+03 5.0000000000e+02 775 1576 1577 776 774 -1 776 -1
4 7.7650000000e+03 5.0000000000e+02 776 1577 1578 777 775 -1 777 -1
4 7.7750000000e+03 5.0000000000e+02 777 1578 1579 778 776 -1 778 -1
4 7.7850000000e+03 5.0000000000e+02 778 1579 1580 779 777 -1 779 -1
4 7.7950000000e+03 5.0000000000e+02 779 1580 1581 780 778 -1 780 -1
4 7.8050000000e+03 5.0000000000e+02 780 1581 1582 781 779 -1 781 -1
4 7.8150000000e+03 5.0000000000e+02 781 1582 1583 782 780 -1 782 -1
4 7.8250000000e+03 5.0000000000e+02 782 1583 1584 783 781 -1 783 -1
4 7.8350000000e+03 5.0000000000e+02 783 1584 1585 784 782 -1 784 -1
4 7.8450000000e+03 5.0000000000e+02 784 1585 1586 785 783 -1 785 -1
4 7.8550000000e+03 5.0000000000e+02 785 1586 1587 786 784 -1 786 -1
4 7.8650000000e+03 5.0000000000e+02 786 1587 1588 787 785 -1 787 -1
4 7.8750000000e+03 5.0000000000e+02 787 1588 1589 788 786 -1 788 -1
4 7.8850000000e+03 5.0000000000e+02 788 1589 1590 789 787 -1 789 -1
4 7.8950000000e+03 5.0000000000e+02 789 1590 1591 790 788 -1 790 -1
4 7.9050000000e+03 5.0000000000e+02 790 1591 1592 791 789 -1 791 -1
4 7.9150000000e+03 5.0000000000e+02 791 1592 1593 792 790 -1 792 -1
4 7.9250000000e+03 5.0000000000e+02 792 1593 1594 793 791 -1 793 -1
4 7.9350000000e+03 5.0000000000e+02 793 1594 1595 794 792 -1 794 -1
4 7.9450000000e+03 5.0000000000e+02 794 1595 1596 795 793 -1 795 -1
4 7.9550000000e+03 5.0000000000e+02 795 1596 1597 796 794 -1 796 -1
4 7.9650000000e+03 5.0000000000e+02 796 1597 1598 797 795 -1 797 -1
4 7.9750000000e+03 5.0000000000e+02 797 1598 1599 798 796 -1 798 -1
4 7.9850000000e+03 5.0000000000e+02 798 1599 1600 799 797 -1 799 -1
4 7.9950000000e+03 5.0000000000e+02 799 1600 1601 800 798 -1 0 -1
