5.000000e+00 0.000000e+00 4.800000e+02 0.000000e+00 0.000000e+00 0.000000e+00 0.000000e+00 0.000000e+00
1.000000e+01 0.000000e+00 4.800000e+02 0.000000e+00 0.000000e+00 0.000000e+00 0.000000e+00 0.000000e+00
1.500000e+01 0.000000e+00 4.800000e+02 0.000000e+00 0.000000e+00 0.000000e+00 0.000000e+00 0.000000e+00
2.000000e+01 0.000000e+00 4.800000e+02 0.000000e+00 0.000000e+00 0.000000e+00 0.000000e+00 0.000000e+00
2.500000e+01 0.000000e+00 4.800000e+02 0.000000e+00 0.000000e+00 0.000000e+00 0.000000e+00 0.000000e+00
3.000000e+01 0.000000e+00 4.800000e+02 0.000000e+00 0.000000e+00 0.000000e+00 0.000000e+00 0.000000e+00
3.500000e+01 0.000000e+00 4.800000e+02 0.000000e+00 0.000000e+00 0.000000e+00 0.000000e+00 0.000000e+00
4.000000e+01 0.000000e+00 4.800000e+02 0.000000e+00 0.000000e+00 0.000000e+00 0.000000e+00 0.000000e+00
4.500000e+01 0.000000e+00 4.800000e+02 0.000000e+00 0.000000e+00 0.000000e+00 0.000000e+00 0.000000e+00
5.000000e+01 0.000000e+00 4.800000e+02 0.000000e+00 0.000000e+00 0.000000e+00 0.000000e+00 0.000000e+00
5.500000e+01 0.000000e+00 4.800000e+02 0.000000e+00 0.000000e+00 0.000000e+00 0.000000e+00 0.000000e+00
6.000000e+01 0.000000e+00 4.800000e+02 0.000000e+00 0.000000e+00 0.000000e+00 0.000000e+00 0.000000e+00
6.500000e+01 0.000000e+00 4.800000e+02 0.000000e+00 0.000000e+00 0.000000e+00 0.000000e+00 0.000000e+00
7.000000e+01 0.000000e+00 4.800000e+02 0.000000e+00 0.000000e+00 0.000000e+00 0.000000e+00 0.000000e+00
7.500000e+01 0.000000e+00 4.800000e+02 0.000000e+00 0.000000e+00 0.000000e+00 0.000000e+00 0.000000e+00
8.000000e+01 0.000000e+00 4.800000e+02 0.000000e+00 0.000000e+00 0.000000e+00 0.000000e+00 0.000000e+00
8.500000e+01 0.000000e+00 4.800000e+02 0.000000e+00 0.000000e+00 0.000000e+00 0.000000e+00 0.000000e+00
9.000000e+01 0.000000e+00 4.800000e+02 0.000000e+00 0.000000e+00 0.000000e+00 0.000000e+00 0.000000e+00
9.500000e+01 0.000000e+00 4.800000e+02 0.000000e+00 0.000000e+00 0.000000e+00 0.000000e+00 0.000000e+00
1.000000e+02 0.000000e+00 4.800000e+02 0.000000e+00 0.000000e+00 0.000000e+00 0.000000e+00 0.000000e+00
1.050000e+02 0.000000e+00 4.800000e+02 0.000000e+00 0.000000e+00 0.000000e+00 0.000000e+00 0.000000e+00
1.100000e+02 0.000000e+00 4.800000e+02 0.000000e+00 0.000000e+00 0.000000e+00 0.000000e+00 0.000000e+00
1.150000e+02 0.000000e+00 4.800000e+02 0.000000e+00 0.000000e+00 0.000000e+00 0.000000e+00 0.000000e+00
1.200000e+02 0.000000e+00 4.800000e+02 0.000000e+00 0.000000e+00 0.000000e+00 0.000000e+00 0.000000e+00
1.250000e+02 0.000000e+00 4.800000e+02 0.000000e+00 0.000000e+00 0.000000e+00 0.000000e+00 0.000000e+00
1.300000e+02 0.000000e+00 4.800000e+02 0.000000e+00 0.000000e+00 0.000000e+00 0.000000e+00 0.000000e+00
1.350000e+02 0.000000e+00 4.800000e+02 0.000000e+00 0.000000e+00 0.000000e+00 0.000000e+00 0.000000e+00
1.400000e+02 0.000000e+00 4.800000e+02 0.000000e+00 0.000000e+00 0.000000e+00 0.000000e+00 0.000000e+00
1.450000e+02 0.000000e+00 4.800000e+02 0.000000e+00 0.000000e+00 0.000000e+00 0.000000e+00 0.000000e+00
1.500000e+02 0.000000e+00 4.800000e+02 0.000000e+00 0.000000e+00 0.000000e+00 0.000000e+00 0.000000e+00
1.550000e+02 0.000000e+00 4.800000e+02 0.000000e+00 0.000000e+00 0.000000e+00 0.000000e+00 0.000000e+00
1.600000e+02 0.000000e+00 4.800000e+02 0.000000e+00 0.000000e+00 0.000000e+00 0.000000e+00 0.000000e+00
1.650000e+02 0.000000e+00 4.800000e+02 0.000000e+00 0.000000e+00 0.000000e+00 0.000000e+00 0.000000e+00
1.700000e+02 0.000000e+00 4.800000e+02 0.000000e+00 0.000000e+00 0.000000e+00 0.000000e+00 0.000000e+00
1.750000e+02 0.000000e+00 4.800000e+02 0.000000e+00 0.000000e+00 0.000000e+00 0.000000e+00 0.000000e+00
1.800000e+02 0.000000e+00 4.800000e+02 0.000000e+00 0.000000e+00 0.000000e+00 0.000000e+00 0.000000e+00
1.850000e+02 0.000000e+00 4.800000e+02 0.000000e+00 0.000000e+00 0.000000e+00 0.000000e+00 0.000000e+00
1.900000e+02 0.000000e+00 4.800000e+02 0.000000e+00 0.000000e+00 0.000000e+00 0.000000e+00 0.000000e+00
1.950000e+02 0.000000e+00 4.800000e+02 0.000000e+00 0.000000e+00 0.000000e+00 0.000000e+00 0.000000e+00
2.000000e+02 0.000000e+00 4.800000e+02 0.000000e+00 0.000000e+00 0.000000e+00 0.000000e+00 0.000000e+00
2.050000e+02 0.000000e+00 4.800000e+02 0.000000e+00 0.000000e+00 0.000000e+00 0.000000e+00 0.000000e+00
2.100000e+02 0.000000e+00 4.800000e+02 0.000000e+00 0.000000e+00 0.000000e+00 0.000000e+00 0.000000e+00
2.150000e+02 0.000000e+00 4.800000e+02 0.000000e+00 0.000000e+00 0.000000e+00 0.000000e+00 0.000000e+00
2.200000e+02 0.000000e+00 4.800000e+02 0.000000e+00 0.000000e+00 0.000000e+00 0.000000e+00 0.000000e+00
2.250000e+02 0.000000e+00 4.800000e+02 0.000000e+00 0.000000e+00 0.000000e+00 0.000000e+00 0.000000e+00
2.300000e+02 0.000000e+00 4.800000e+02 0.000000e+00 0.000000e+00 0.000000e+00 0.000000e+00 0.000000e+00
2.350000e+02 0.000000e+00 4.800000e+02 0.000000e+00 0.000000e+00 0.000000e+00 0.000000e+00 0.000000e+00
2.400000e+02 0.000000e+00 4.800000e+02 0.000000e+00 0.000000e+00 0.000000e+00 0.000000e+00 0.000000e+00
2.450000e+02 0.000000e+00 4.800000e+02 0.000000e+00 0.000000e+00 0.000000e+00 0.000000e+00 0.000000e+00
2.500000e+02 0.000000e+00 4.800000e+02 0.000000e+00 0.000000e+00 0.000000e+00 0.000000e+00 0.000000e+00
2.550000e+02 0.000000e+00 4.800000e+02 0.000000e+00 0.000000e+00 0.000000e+00 0.000000e+00 0.000000e+00
2.600000e+02 0.000000e+00 4.800000e+02 0.000000e+00 0.000000e+00 0.000000e+00 0.000000e+00 0.000000e+00
2.650000e+02 0.000000e+00 4.800000e+02 0.000000e+00 0.000000e+00 0.000000e+00 0.000000e+00 0.000000e+00
2.700000e+02 0.000000e+00 4.800000e+02 0.000000e+00 0.000000e+00 0.000000e+00 0.000000e+00 0.000000e+00
2.750000e+02 0.000000e+00 4.800000e+02 0.000000e+00 0.000000e+00 0.000000e+00 0.000000e+00 0.000000e+00
2.800000e+02 0.000000e+00 4.800000e+02 0.000000e+00 0.000000e+00 0.000000e+00 0.000000e+00 0.000000e+00
2.850000e+02 0.000000e+00 4.800000e+02 0.000000e+00 0.000000e+00 0.000000e+00 0.000000e+00 0.000000e+00
2.900000e+02 0.000000e+00 4.800000e+02 0.000000e+00 0.000000e+00 0.000000e+00 0.000000e+00 0.000000e+00
2.950000e+02 0.000000e+00 4.800000e+02 0.000000e+00 0.000000e+00 0.000000e+00 0.000000e+00 0.000000e+00
3.000000e+02 0.000000e+00 4.800000e+02 0.000000e+00 0.000000e+00 0.000000e+00 0.000000e+00 0.000000e+00
3.050000e+02 0.000000e+00 4.800000e+02 0.000000e+00 0.000000e+00 0.000000e+00 0.000000e+00 0.000000e+00
3.100000e+02 0.000000e+00 4.800000e+02 0.000000e+00 0.000000e+00 0.000000e+00 0.000000e+00 0.000000e+00
3.150000e+02 0.000000e+00 4.800000e+02 0.000000e+00 0.000000e+00 0.000000e+00 0.000000e+00 0.000000e+00
3.200000e+02 0.000000e+00 4.800000e+02 0.000000e+00 0.000000e+00 0.000000e+00 0.000000e+00 0.000000e+00
3.250000e+02 0.000000e+00 4.800000e+02 0.000000e+00 0.000000e+00 0.000000e+00 0.000000e+00 0.000000e+00
3.300000e+02 0.000000e+00 4.800000e+02 0.000000e+00 0.000000e+00 0.000000e+00 0.000000e+00 0.000000e+00
3.350000e+02 0.000000e+00 4.800000e+02 0.000000e+00 0.000000e+00 0.000000e+00 0.000000e+00 0.000000e+00
3.400000e+02 0.000000e+00 4.800000e+02 0.000000e+00 0.000000e+00 0.000000e+00 0.000000e+00 0.000000e+00
3.450000e+02 0.000000e+00 4.800000e+02 0.000000e+00 0.000000e+00 0.000000e+00 0.000000e+00 0.000000e+00
3.500000e+02 0.000000e+00 4.800000e+02 0.000000e+00 0.000000e+00 0.000000e+00 0.000000e+00 0.000000e+00
3.550000e+02 0.000000e+00 4.800000e+02 0.000000e+00 0.000000e+00 0.000000e+00 0.000000e+00 0.000000e+00
3.600000e+02 0.000000e+00 4.800000e+02 0.000000e+00 0.000000e+00 0.000000e+00 0.000000e+00 0.000000e+00
3.650000e+02 0.000000e+00 4.800000e+02 0.000000e+00 0.000000e+00 0.000000e+00 0.000000e+00 0.000000e+00
3.700000e+02 0.000000e+00 4.800000e+02 0.000000e+00 0.000000e+00 0.000000e+00 0.000000e+00 0.000000e+00
3.750000e+02 0.000000e+00 4.800000e+02 0.000000e+00 0.000000e+00 0.000000e+00 0.000000e+00 0.000000e+00
3.800000e+02 0.000000e+00 4.800000e+02 0.000000e+00 0.000000e+00 0.000000e+00 0.000000e+00 0.000000e+00
3.850000e+02 0.000000e+00 4.800000e+02 0.000000e+00 0.000000e+00 0.000000e+00 0.000000e+00 0.000000e+00
3.900000e+02 0.000000e+00 4.800000e+02 0.000000e+00 0.000000e+00 0.000000e+00 0.000000e+00 0.000000e+00
3.950000e+02 0.000000e+00 4.800000e+02 0.000000e+00 0.000000e+00 0.000000e+00 0.000000e+00 0.000000e+00
4.000000e+02 0.000000e+00 4.800000e+02 0.000000e+00 0.000000e+00 0.000000e+00 0.000000e+00 0.000000e+00
4.050000e+02 0.000000e+00 4.800000e+02 0.000000e+00 0.000000e+00 0.000000e+00 0.000000e+00 0.000000e+00
4.100000e+02 0.000000e+00 4.800000e+02 0.000000e+00 0.000000e+00 0.000000e+00 0.000000e+00 0.000000e+00
4.150000e+02 0.000000e+00 4.800000e+02 0.000000e+00 0.000000e+00 0.000000e+00 0.000000e+00 0.000000e+00
4.200000e+02 0.000000e+00 4.800000e+02 0.000000e+00 0.000000e+00 0.000000e+00 0.000000e+00 0.000000e+00
4.250000e+02 0.000000e+00 4.800000e+02 0.000000e+00 0.000000e+00 0.000000e+00 0.000000e+00 0.000000e+00
4.300000e+02 0.000000e+00 4.800000e+02 0.000000e+00 0.000000e+00 0.000000e+00 0.000000e+00 0.000000e+00
4.350000e+02 0.000000e+00 4.800000e+02 0.000000e+00 0.000000e+00 0.000000e+00 0.000000e+00 0.000000e+00
4.400000e+02 0.000000e+00 4.800000e+02 0.000000e+00 0.000000e+00 0.000000e+00 0.000000e+00 0.000000e+00
4.450000e+02 0.000000e+00 4.800000e+02 0.000000e+00 0.000000e+00 0.000000e+00 0.000000e+00 0.000000e+00
4.500000e+02 0.000000e+00 4.800000e+02 0.000000e+00 0.000000e+00 0.000000e+00 0.000000e+00 0.000000e+00
4.550000e+02 0.000000e+00 4.800000e+02 0.000000e+00 0.000000e+00 0.000000e+00 0.000000e+00 0.000000e+00
4.600000e+02 0.000000e+00 4.800000e+02 0.000000e+00 0.000000e+00 0.000000e+00 0.000000e+00 0.000000e+00
4.650000e+02 0.000000e+00 4.800000e+02 0.000000e+00 0.000000e+00 0.000000e+00 0.000000e+00 0.000000e+00
4.700000e+02 0.000000e+00 4.800000e+02 0.000000e+00 0.000000e+00 0.000000e+00 0.000000e+00 0.000000e+00
4.750000e+02 0.000000e+00 4.800000e+02 0.000000e+00 0.000000e+00 0.000000e+00 0.000000e+00 0.000000e+00
4.800000e+02 0.000000e+00 4.800000e+02 0.000000e+00 0.000000e+00 0.000000e+00 0.000000e+00 0.000000e+00
4.850000e+02 0.000000e+00 4.800000e+02 0.000000e+00 0.000000e+00 0.000000e+00 0.000000e+00 0.000000e+00
4.900000e+02 0.000000e+00 4.800000e+02 0.000000e+00 0.000000e+00 0.000000e+00 0.000000e+00 0.000000e+00
4.950000e+02 0.000000e+00 4.800000e+02 0.000000e+00 0.000000e+00 0.000000e+00 0.000000e+00 0.000000e+00
5.000000e+02 0.000000e+00 4.800000e+02 0.000000e+00 0.000000e+00 0.000000e+00 0.000000e+00 0.000000e+00
