4 5.0000000000e+00 5.0000000000e+02 0 1001 1002 1 999 -1 1 -1
4 1.5000000000e+01 5.0000000000e+02 1 1002 1003 2 0 -1 2 -1
4 2.5000000000e+01 5.0000000000e+02 2 1003 1004 3 1 -1 3 -1
4 3.5000000000e+01 5.0000000000e+02 3 1004 1005 4 2 -1 4 -1
4 4.5000000000e+01 5.0000000000e+02 4 1005 1006 5 3 -1 5 -1
4 5.5000000000e+01 5.0000000000e+02 5 1006 1007 6 4 -1 6 -1
4 6.5000000000e+01 5.0000000000e+02 6 1007 1008 7 5 -1 7 -1
4 7.5000000000e+01 5.0000000000e+02 7 1008 1009 8 6 -1 8 -1
4 8.5000000000e+01 5.0000000000e+02 8 1009 1010 9 7 -1 9 -1
4 9.5000000000e+01 5.0000000000e+02 9 1010 1011 10 8 -1 10 -1
4 1.0500000000e+02 5.0000000000e+02 10 1011 1012 11 9 -1 11 -1
4 1.1500000000e+02 5.0000000000e+02 11 1012 1013 12 10 -1 12 -1
4 1.2500000000e+02 5.0000000000e+02 12 1013 1014 13 11 -1 13 -1
4 1.3500000000e+02 5.0000000000e+02 13 1014 1015 14 12 -1 14 -1
4 1.4500000000e+02 5.0000000000e+02 14 1015 1016 15 13 -1 15 -1
4 1.5500000000e+02 5.0000000000e+02 15 1016 1017 16 14 -1 16 -1
4 1.6500000000e+02 5.0000000000e+02 16 1017 1018 17 15 -1 17 -1
4 1.7500000000e+02 5.0000000000e+02 17 1018 1019 18 16 -1 18 -1
4 1.8500000000e+02 5.0000000000e+02 18 1019 1020 19 17 -1 19 -1
4 1.9500000000e+02 5.0000000000e+02 19 1020 1021 20 18 -1 20 -1
4 2.0500000000e+02 5.0000000000e+02 20 1021 1022 21 19 -1 21 -1
4 2.1500000000e+02 5.0000000000e+02 21 1022 1023 22 20 -1 22 -1
4 2.2500000000e+02 5.0000000000e+02 22 1023 1024 23 21 -1 23 -1
4 2.3500000000e+02 5.0000000000e+02 23 1024 1025 24 22 -1 24 -1
4 2.4500000000e+02 5.0000000000e+02 24 1025 1026 25 23 -1 25 -1
4 2.5500000000e+02 5.0000000000e+02 25 1026 1027 26 24 -1 26 -1
4 2.6500000000e+02 5.0000000000e+02 26 1027 1028 27 25 -1 27 -1
4 2.7500000000e+02 5.0000000000e+02 27 1028 1029 28 26 -1 28 -1
4 2.8500000000e+02 5.0000000000e+02 28 1029 1030 29 27 -1 29 -1
4 2.9500000000e+02 5.0000000000e+02 29 1030 1031 30 28 -1 30 -1
4 3.0500000000e+02 5.0000000000e+02 30 1031 1032 31 29 -1 31 -1
4 3.1500000000e+02 5.0000000000e+02 31 1032 1033 32 30 -1 32 -1
4 3.2500000000e+02 5.0000000000e+02 32 1033 1034 33 31 -1 33 -1
4 3.3500000000e+02 5.0000000000e+02 33 1034 1035 34 32 -1 34 -1
4 3.4500000000e+02 5.0000000000e+02 34 1035 1036 35 33 -1 35 -1
4 3.5500000000e+02 5.0000000000e+02 35 1036 1037 36 34 -1 36 -1
4 3.6500000000e+02 5.0000000000e+02 36 1037 1038 37 35 -1 37 -1
4 3.7500000000e+02 5.0000000000e+02 37 1038 1039 38 36 -1 38 -1
4 3.8500000000e+02 5.0000000000e+02 38 1039 1040 39 37 -1 39 -1
4 3.9500000000e+02 5.0000000000e+02 39 1040 1041 40 38 -1 40 -1
4 4.0500000000e+02 5.0000000000e+02 40 1041 1042 41 39 -1 41 -1
4 4.1500000000e+02 5.0000000000e+02 41 1042 1043 42 40 -1 42 -1
4 4.2500000000e+02 5.0000000000e+02 42 1043 1044 43 41 -1 43 -1
4 4.3500000000e+02 5.0000000000e+02 43 1044 1045 44 42 -1 44 -1
4 4.4500000000e+02 5.0000000000e+02 44 1045 1046 45 43 -1 45 -1
4 4.5500000000e+02 5.0000000000e+02 45 1046 1047 46 44 -1 46 -1
4 4.6500000000e+02 5.0000000000e+02 46 1047 1048 47 45 -1 47 -1
4 4.7500000000e+02 5.0000000000e+02 47 1048 1049 48 46 -1 48 -1
4 4.8500000000e+02 5.0000000000e+02 48 1049 1050 49 47 -1 49 -1
4 4.9500000000e+02 5.0000000000e+02 49 1050 1051 50 48 -1 50 -1
4 5.0500000000e+02 5.0000000000e+02 50 1051 1052 51 49 -1 51 -1
4 5.1500000000e+02 5.0000000000e+02 51 1052 1053 52 50 -1 52 -1
4 5.2500000000e+02 5.0000000000e+02 52 1053 1054 53 51 -1 53 -1
4 5.3500000000e+02 5.0000000000e+02 53 1054 1055 54 52 -1 54 -1
4 5.4500000000e+02 5.0000000000e+02 54 1055 1056 55 53 -1 55 -1
4 5.5500000000e+02 5.0000000000e+02 55 1056 1057 56 54 -1 56 -1
4 5.6500000000e+02 5.0000000000e+02 56 1057 1058 57 55 -1 57 -1
4 5.7500000000e+02 5.0000000000e+02 57 1058 1059 58 56 -1 58 -1
4 5.8500000000e+02 5.0000000000e+02 58 1059 1060 59 57 -1 59 -1
4 5.9500000000e+02 5.0000000000e+02 59 1060 1061 60 58 -1 60 -1
4 6.0500000000e+02 5.0000000000e+02 60 1061 1062 61 59 -1 61 -1
4 6.1500000000e+02 5.0000000000e+02 61 1062 1063 62 60 -1 62 -1
4 6.2500000000e+02 5.0000000000e+02 62 1063 1064 63 61 -1 63 -1
4 6.3500000000e+02 5.0000000000e+02 63 1064 1065 64 62 -1 64 -1
4 6.4500000000e+02 5.0000000000e+02 64 1065 1066 65 63 -1 65 -1
4 6.5500000000e+02 5.0000000000e+02 65 1066 1067 66 64 -1 66 -1
4 6.6500000000e+02 5.0000000000e+02 66 1067 1068 67 65 -1 67 -1
4 6.7500000000e+02 5.0000000000e+02 67 1068 1069 68 66 -1 68 -1
4 6.8500000000e+02 5.0000000000e+02 68 1069 1070 69 67 -1 69 -1
4 6.9500000000e+02 5.0000000000e+02 69 1070 1071 70 68 -1 70 -1
4 7.0500000000e+02 5.0000000000e+02 70 1071 1072 71 69 -1 71 -1
4 7.1500000000e+02 5.0000000000e+02 71 1072 1073 72 70 -1 72 -1
4 7.2500000000e+02 5.0000000000e+02 72 1073 1074 73 71 -1 73 -1
4 7.3500000000e+02 5.0000000000e+02 73 1074 1075 74 72 -1 74 -1
4 7.4500000000e+02 5.0000000000e+02 74 1075 1076 75 73 -1 75 -1
4 7.5500000000e+02 5.0000000000e+02 75 1076 1077 76 74 -1 76 -1
4 7.6500000000e+02 5.0000000000e+02 76 1077 1078 77 75 -1 77 -1
4 7.7500000000e+02 5.0000000000e+02 77 1078 1079 78 76 -1 78 -1
4 7.8500000000e+02 5.0000000000e+02 78 1079 1080 79 77 -1 79 -1
4 7.9500000000e+02 5.0000000000e+02 79 1080 1081 80 78 -1 80 -1
4 8.0500000000e+02 5.0000000000e+02 80 1081 1082 81 79 -1 81 -1
4 8.1500000000e+02 5.0000000000e+02 81 1082 1083 82 80 -1 82 -1
4 8.2500000000e+02 5.0000000000e+02 82 1083 1084 83 81 -1 83 -1
4 8.3500000000e+02 5.0000000000e+02 83 1084 1085 84 82 -1 84 -1
4 8.4500000000e+02 5.0000000000e+02 84 1085 1086 85 83 -1 85 -1
4 8.5500000000e+02 5.0000000000e+02 85 1086 1087 86 84 -1 86 -1
4 8.6500000000e+02 5.0000000000e+02 86 1087 1088 87 85 -1 87 -1
4 8.7500000000e+02 5.0000000000e+02 87 1088 1089 88 86 -1 88 -1
4 8.8500000000e+02 5.0000000000e+02 88 1089 1090 89 87 -1 89 -1
4 8.9500000000e+02 5.0000000000e+02 89 1090 1091 90 88 -1 90 -1
4 9.0500000000e+02 5.0000000000e+02 90 1091 1092 91 89 -1 91 -1
4 9.1500000000e+02 5.0000000000e+02 91 1092 1093 92 90 -1 92 -1
4 9.2500000000e+02 5.0000000000e+02 92 1093 1094 93 91 -1 93 -1
4 9.3500000000e+02 5.0000000000e+02 93 1094 1095 94 92 -1 94 -1
4 9.4500000000e+02 5.0000000000e+02 94 1095 1096 95 93 -1 95 -1
4 9.5500000000e+02 5.0000000000e+02 95 1096 1097 96 94 -1 96 -1
4 9.6500000000e+02 5.0000000000e+02 96 1097 1098 97 95 -1 97 -1
4 9.7500000000e+02 5.0000000000e+02 97 1098 1099 98 96 -1 98 -1
4 9.8500000000e+02 5.0000000000e+02 98 1099 1100 99 97 -1 99 -1
4 9.9500000000e+02 5.0000000000e+02 99 1100 1101 100 98 -1 100 -1
4 1.0050000000e+03 5.0000000000e+02 100 1101 1102 101 99 -1 101 -1
4 1.0150000000e+03 5.0000000000e+02 101 1102 1103 102 100 -1 102 -1
4 1.0250000000e+03 5.0000000000e+02 102 1103 1104 103 101 -1 103 -1
4 1.0350000000e+03 5.0000000000e+02 103 1104 1105 104 102 -1 104 -1
4 1.0450000000e+03 5.0000000000e+02 104 1105 1106 105 103 -1 105 -1
4 1.0550000000e+03 5.0000000000e+02 105 1106 1107 106 104 -1 106 -1
4 1.0650000000e+03 5.0000000000e+02 106 1107 1108 107 105 -1 107 -1
4 1.0750000000e+03 5.0000000000e+02 107 1108 1109 108 106 -1 108 -1
4 1.0850000000e+03 5.0000000000e+02 108 1109 1110 109 107 -1 109 -1
4 1.0950000000e+03 5.0000000000e+02 109 1110 1111 110 108 -1 110 -1
4 1.1050000000e+03 5.0000000000e+02 110 1111 1112 111 109 -1 111 -1
4 1.1150000000e+03 5.0000000000e+02 111 1112 1113 112 110 -1 112 -1
4 1.1250000000e+03 5.0000000000e+02 112 1113 1114 113 111 -1 113 -1
4 1.1350000000e+03 5.0000000000e+02 113 1114 1115 114 112 -1 114 -1
4 1.1450000000e+03 5.0000000000e+02 114 1115 1116 115 113 -1 115 -1
4 1.1550000000e+03 5.0000000000e+02 115 1116 1117 116 114 -1 116 -1
4 1.1650000000e+03 5.0000000000e+02 116 1117 1118 117 115 -1 117 -1
4 1.1750000000e+03 5.0000000000e+02 117 1118 1119 118 116 -1 118 -1
4 1.1850000000e+03 5.0000000000e+02 118 1119 1120 119 117 -1 119 -1
4 1.1950000000e+03 5.0000000000e+02 119 1120 1121 120 118 -1 120 -1
4 1.2050000000e+03 5.0000000000e+02 120 1121 1122 121 119 -1 121 -1
4 1.2150000000e+03 5.0000000000e+02 121 1122 1123 122 120 -1 122 -1
4 1.2250000000e+03 5.0000000000e+02 122 1123 1124 123 121 -1 123 -1
4 1.2350000000e+03 5.0000000000e+02 123 1124 1125 124 122 -1 124 -1
4 1.2450000000e+03 5.0000000000e+02 124 1125 1126 125 123 -1 125 -1
4 1.2550000000e+03 5.0000000000e+02 125 1126 1127 126 124 -1 126 -1
4 1.2650000000e+03 5.0000000000e+02 126 1127 1128 127 125 -1 127 -1
4 1.2750000000e+03 5.0000000000e+02 127 1128 1129 128 126 -1 128 -1
4 1.2850000000e+03 5.0000000000e+02 128 1129 1130 129 127 -1 129 -1
4 1.2950000000e+03 5.0000000000e+02 129 1130 1131 130 128 -1 130 -1
4 1.3050000000e+03 5.0000000000e+02 130 1131 1132 131 129 -1 131 -1
4 1.3150000000e+03 5.0000000000e+02 131 1132 1133 132 130 -1 132 -1
4 1.3250000000e+03 5.0000000000e+02 132 1133 1134 133 131 -1 133 -1
4 1.3350000000e+03 5.0000000000e+02 133 1134 1135 134 132 -1 134 -1
4 1.3450000000e+03 5.0000000000e+02 134 1135 1136 135 133 -1 135 -1
4 1.3550000000e+03 5.0000000000e+02 135 1136 1137 136 134 -1 136 -1
4 1.3650000000e+03 5.0000000000e+02 136 1137 1138 137 135 -1 137 -1
4 1.3750000000e+03 5.0000000000e+02 137 1138 1139 138 136 -1 138 -1
4 1.3850000000e+03 5.0000000000e+02 138 1139 1140 139 137 -1 139 -1
4 1.3950000000e+03 5.0000000000e+02 139 1140 1141 140 138 -1 140 -1
4 1.4050000000e+03 5.0000000000e+02 140 1141 1142 141 139 -1 141 -1
4 1.4150000000e+03 5.0000000000e+02 141 1142 1143 142 140 -1 142 -1
4 1.4250000000e+03 5.0000000000e+02 142 1143 1144 143 141 -1 143 -1
4 1.4350000000e+03 5.0000000000e+02 143 1144 1145 144 142 -1 144 -1
4 1.4450000000e+03 5.0000000000e+02 144 1145 1146 145 143 -1 145 -1
4 1.4550000000e+03 5.0000000000e+02 145 1146 1147 146 144 -1 146 -1
4 1.4650000000e+03 5.0000000000e+02 146 1147 1148 147 145 -1 147 -1
4 1.4750000000e+03 5.0000000000e+02 147 1148 1149 148 146 -1 148 -1
4 1.4850000000e+03 5.0000000000e+02 148 1149 1150 149 147 -1 149 -1
4 1.4950000000e+03 5.0000000000e+02 149 1150 1151 150 148 -1 150 -1
4 1.5050000000e+03 5.0000000000e+02 150 1151 1152 151 149 -1 151 -1
4 1.5150000000e+03 5.0000000000e+02 151 1152 1153 152 150 -1 152 -1
4 1.5250000000e+03 5.0000000000e+02 152 1153 1154 153 151 -1 153 -1
4 1.5350000000e+03 5.0000000000e+02 153 1154 1155 154 152 -1 154 -1
4 1.5450000000e+03 5.0000000000e+02 154 1155 1156 155 153 -1 155 -1
4 1.5550000000e+03 5.0000000000e+02 155 1156 1157 156 154 -1 156 -1
4 1.5650000000e+03 5.0000000000e+02 156 1157 1158 157 155 -1 157 -1
4 1.5750000000e+03 5.0000000000e+02 157 1158 1159 158 156 -1 158 -1
4 1.5850000000e+03 5.0000000000e+02 158 1159 1160 159 157 -1 159 -1
4 1.5950000000e+03 5.0000000000e+02 159 1160 1161 160 158 -1 160 -1
4 1.6050000000e+03 5.0000000000e+02 160 1161 1162 161 159 -1 161 -1
4 1.6150000000e+03 5.0000000000e+02 161 1162 1163 162 160 -1 162 -1
4 1.6250000000e+03 5.0000000000e+02 162 1163 1164 163 161 -1 163 -1
4 1.6350000000e+03 5.0000000000e+02 163 1164 1165 164 162 -1 164 -1
4 1.6450000000e+03 5.0000000000e+02 164 1165 1166 165 163 -1 165 -1
4 1.6550000000e+03 5.0000000000e+02 165 1166 1167 166 164 -1 166 -1
4 1.6650000000e+03 5.0000000000e+02 166 1167 1168 167 165 -1 167 -1
4 1.6750000000e+03 5.0000000000e+02 167 1168 1169 168 166 -1 168 -1
4 1.6850000000e+03 5.0000000000e+02 168 1169 1170 169 167 -1 169 -1
4 1.6950000000e+03 5.0000000000e+02 169 1170 1171 170 168 -1 170 -1
4 1.7050000000e+03 5.0000000000e+02 170 1171 1172 171 169 -1 171 -1
4 1.7150000000e+03 5.0000000000e+02 171 1172 1173 172 170 -1 172 -1
4 1.7250000000e+03 5.0000000000e+02 172 1173 1174 173 171 -1 173 -1
4 1.7350000000e+03 5.0000000000e+02 173 1174 1175 174 172 -1 174 -1
4 1.7450000000e+03 5.0000000000e+02 174 1175 1176 175 173 -1 175 -1
4 1.7550000000e+03 5.0000000000e+02 175 1176 1177 176 174 -1 176 -1
4 1.7650000000e+03 5.0000000000e+02 176 1177 1178 177 175 -1 177 -1
4 1.7750000000e+03 5.0000000000e+02 177 1178 1179 178 176 -1 178 -1
4 1.7850000000e+03 5.0000000000e+02 178 1179 1180 179 177 -1 179 -1
4 1.7950000000e+03 5.0000000000e+02 179 1180 1181 180 178 -1 180 -1
4 1.8050000000e+03 5.0000000000e+02 180 1181 1182 181 179 -1 181 -1
4 1.8150000000e+03 5.0000000000e+02 181 1182 1183 182 180 -1 182 -1
4 1.8250000000e+03 5.0000000000e+02 182 1183 1184 183 181 -1 183 -1
4 1.8350000000e+03 5.0000000000e+02 183 1184 1185 184 182 -1 184 -1
4 1.8450000000e+03 5.0000000000e+02 184 1185 1186 185 183 -1 185 -1
4 1.8550000000e+03 5.0000000000e+02 185 1186 1187 186 184 -1 186 -1
4 1.8650000000e+03 5.0000000000e+02 186 1187 1188 187 185 -1 187 -1
4 1.8750000000e+03 5.0000000000e+02 187 1188 1189 188 186 -1 188 -1
4 1.8850000000e+03 5.0000000000e+02 188 1189 1190 189 187 -1 189 -1
4 1.8950000000e+03 5.0000000000e+02 189 1190 1191 190 188 -1 190 -1
4 1.9050000000e+03 5.0000000000e+02 190 1191 1192 191 189 -1 191 -1
4 1.9150000000e+03 5.0000000000e+02 191 1192 1193 192 190 -1 192 -1
4 1.9250000000e+03 5.0000000000e+02 192 1193 1194 193 191 -1 193 -1
4 1.9350000000e+03 5.0000000000e+02 193 1194 1195 194 192 -1 194 -1
4 1.9450000000e+03 5.0000000000e+02 194 1195 1196 195 193 -1 195 -1
4 1.9550000000e+03 5.0000000000e+02 195 1196 1197 196 194 -1 196 -1
4 1.9650000000e+03 5.0000000000e+02 196 1197 1198 197 195 -1 197 -1
4 1.9750000000e+03 5.0000000000e+02 197 1198 1199 198 196 -1 198 -1
4 1.9850000000e+03 5.0000000000e+02 198 1199 1200 199 197 -1 199 -1
4 1.9950000000e+03 5.0000000000e+02 199 1200 1201 200 198 -1 200 -1
4 2.0050000000e+03 5.0000000000e+02 200 1201 1202 201 199 -1 201 -1
4 2.0150000000e+03 5.0000000000e+02 201 1202 1203 202 200 -1 202 -1
4 2.0250000000e+03 5.0000000000e+02 202 1203 1204 203 201 -1 203 -1
4 2.0350000000e+03 5.0000000000e+02 203 1204 1205 204 202 -1 204 -1
4 2.0450000000e+03 5.0000000000e+02 204 1205 1206 205 203 -1 205 -1
4 2.0550000000e+03 5.0000000000e+02 205 1206 1207 206 204 -1 206 -1
4 2.0650000000e+03 5.0000000000e+02 206 1207 1208 207 205 -1 207 -1
4 2.0750000000e+03 5.0000000000e+02 207 1208 1209 208 206 -1 208 -1
4 2.0850000000e+03 5.0000000000e+02 208 1209 1210 209 207 -1 209 -1
4 2.0950000000e+03 5.0000000000e+02 209 1210 1211 210 208 -1 210 -1
4 2.1050000000e+03 5.0000000000e+02 210 1211 1212 211 209 -1 211 -1
4 2.1150000000e+03 5.0000000000e+02 211 1212 1213 212 210 -1 212 -1
4 2.1250000000e+03 5.0000000000e+02 212 1213 1214 213 211 -1 213 -1
4 2.1350000000e+03 5.0000000000e+02 213 1214 1215 214 212 -1 214 -1
4 2.1450000000e+03 5.0000000000e+02 214 1215 1216 215 213 -1 215 -1
4 2.1550000000e+03 5.0000000000e+02 215 1216 1217 216 214 -1 216 -1
4 2.1650000000e+03 5.0000000000e+02 216 1217 1218 217 215 -1 217 -1
4 2.1750000000e+03 5.0000000000e+02 217 1218 1219 218 216 -1 218 -1
4 2.1850000000e+03 5.0000000000e+02 218 1219 1220 219 217 -1 219 -1
4 2.1950000000e+03 5.0000000000e+02 219 1220 1221 220 218 -1 220 -1
4 2.2050000000e+03 5.0000000000e+02 220 1221 1222 221 219 -1 221 -1
4 2.2150000000e+03 5.0000000000e+02 221 1222 1223 222 220 -1 222 -1
4 2.2250000000e+03 5.0000000000e+02 222 1223 1224 223 221 -1 223 -1
4 2.2350000000e+03 5.0000000000e+02 223 1224 1225 224 222 -1 224 -1
4 2.2450000000e+03 5.0000000000e+02 224 1225 1226 225 223 -1 225 -1
4 2.2550000000e+03 5.0000000000e+02 225 1226 1227 226 224 -1 226 -1
4 2.2650000000e+03 5.0000000000e+02 226 1227 1228 227 225 -1 227 -1
4 2.2750000000e+03 5.0000000000e+02 227 1228 1229 228 226 -1 228 -1
4 2.2850000000e+03 5.0000000000e+02 228 1229 1230 229 227 -1 229 -1
4 2.2950000000e+03 5.0000000000e+02 229 1230 1231 230 228 -1 230 -1
4 2.3050000000e+03 5.0000000000e+02 230 1231 1232 231 229 -1 231 -1
4 2.3150000000e+03 5.0000000000e+02 231 1232 1233 232 230 -1 232 -1
4 2.3250000000e+03 5.0000000000e+02 232 1233 1234 233 231 -1 233 -1
4 2.3350000000e+03 5.0000000000e+02 233 1234 1235 234 232 -1 234 -1
4 2.3450000000e+03 5.0000000000e+02 234 1235 1236 235 233 -1 235 -1
4 2.3550000000e+03 5.0000000000e+02 235 1236 1237 236 234 -1 236 -1
4 2.3650000000e+03 5.0000000000e+02 236 1237 1238 237 235 -1 237 -1
4 2.3750000000e+03 5.0000000000e+02 237 1238 1239 238 236 -1 238 -1
4 2.3850000000e+03 5.0000000000e+02 238 1239 1240 239 237 -1 239 -1
4 2.3950000000e+03 5.0000000000e+02 239 1240 1241 240 238 -1 240 -1
4 2.4050000000e+03 5.0000000000e+02 240 1241 1242 241 239 -1 241 -1
4 2.4150000000e+03 5.0000000000e+02 241 1242 1243 242 240 -1 242 -1
4 2.4250000000e+03 5.0000000000e+02 242 1243 1244 243 241 -1 243 -1
4 2.4350000000e+03 5.0000000000e+02 243 1244 1245 244 242 -1 244 -1
4 2.4450000000e+03 5.0000000000e+02 244 1245 1246 245 243 -1 245 -1
4 2.4550000000e+03 5.0000000000e+02 245 1246 1247 246 244 -1 246 -1
4 2.4650000000e+03 5.0000000000e+02 246 1247 1248 247 245 -1 247 -1
4 2.4750000000e+03 5.0000000000e+02 247 1248 1249 248 246 -1 248 -1
4 2.4850000000e+03 5.0000000000e+02 248 1249 1250 249 247 -1 249 -1
4 2.4950000000e+03 5.0000000000e+02 249 1250 1251 250 248 -1 250 -1
4 2.5050000000e+03 5.0000000000e+02 250 1251 1252 251 249 -1 251 -1
4 2.5150000000e+03 5.0000000000e+02 251 1252 1253 252 250 -1 252 -1
4 2.5250000000e+03 5.0000000000e+02 252 1253 1254 253 251 -1 253 -1
4 2.5350000000e+03 5.0000000000e+02 253 1254 1255 254 252 -1 254 -1
4 2.5450000000e+03 5.0000000000e+02 254 1255 1256 255 253 -1 255 -1
4 2.5550000000e+03 5.0000000000e+02 255 1256 1257 256 254 -1 256 -1
4 2.5650000000e+03 5.0000000000e+02 256 1257 1258 257 255 -1 257 -1
4 2.5750000000e+03 5.0000000000e+02 257 1258 1259 258 256 -1 258 -1
4 2.5850000000e+03 5.0000000000e+02 258 1259 1260 259 257 -1 259 -1
4 2.5950000000e+03 5.0000000000e+02 259 1260 1261 260 258 -1 260 -1
4 2.6050000000e+03 5.0000000000e+02 260 1261 1262 261 259 -1 261 -1
4 2.6150000000e+03 5.0000000000e+02 261 1262 1263 262 260 -1 262 -1
4 2.6250000000e+03 5.0000000000e+02 262 1263 1264 263 261 -1 263 -1
4 2.6350000000e+03 5.0000000000e+02 263 1264 1265 264 262 -1 264 -1
4 2.6450000000e+03 5.0000000000e+02 264 1265 1266 265 263 -1 265 -1
4 2.6550000000e+03 5.0000000000e+02 265 1266 1267 266 264 -1 266 -1
4 2.6650000000e+03 5.0000000000e+02 266 1267 1268 267 265 -1 267 -1
4 2.6750000000e+03 5.0000000000e+02 267 1268 1269 268 266 -1 268 -1
4 2.6850000000e+03 5.0000000000e+02 268 1269 1270 269 267 -1 269 -1
4 2.6950000000e+03 5.0000000000e+02 269 1270 1271 270 268 -1 270 -1
4 2.7050000000e+03 5.0000000000e+02 270 1271 1272 271 269 -1 271 -1
4 2.7150000000e+03 5.0000000000e+02 271 1272 1273 272 270 -1 272 -1
4 2.7250000000e+03 5.0000000000e+02 272 1273 1274 273 271 -1 273 -1
4 2.7350000000e+03 5.0000000000e+02 273 1274 1275 274 272 -1 274 -1
4 2.7450000000e+03 5.0000000000e+02 274 1275 1276 275 273 -1 275 -1
4 2.7550000000e+03 5.0000000000e+02 275 1276 1277 276 274 -1 276 -1
4 2.7650000000e+03 5.0000000000e+02 276 1277 1278 277 275 -1 277 -1
4 2.7750000000e+03 5.0000000000e+02 277 1278 1279 278 276 -1 278 -1
4 2.7850000000e+03 5.0000000000e+02 278 1279 1280 279 277 -1 279 -1
4 2.7950000000e+03 5.0000000000e+02 279 1280 1281 280 278 -1 280 -1
4 2.8050000000e+03 5.0000000000e+02 280 1281 1282 281 279 -1 281 -1
4 2.8150000000e+03 5.0000000000e+02 281 1282 1283 282 280 -1 282 -1
4 2.8250000000e+03 5.0000000000e+02 282 1283 1284 283 281 -1 283 -1
4 2.8350000000e+03 5.0000000000e+02 283 1284 1285 284 282 -1 284 -1
4 2.8450000000e+03 5.0000000000e+02 284 1285 1286 285 283 -1 285 -1
4 2.8550000000e+03 5.0000000000e+02 285 1286 1287 286 284 -1 286 -1
4 2.8650000000e+03 5.0000000000e+02 286 1287 1288 287 285 -1 287 -1
4 2.8750000000e+03 5.0000000000e+02 287 1288 1289 288 286 -1 288 -1
4 2.8850000000e+03 5.0000000000e+02 288 1289 1290 289 287 -1 289 -1
4 2.8950000000e+03 5.0000000000e+02 289 1290 1291 290 288 -1 290 -1
4 2.9050000000e+03 5.0000000000e+02 290 1291 1292 291 289 -1 291 -1
4 2.9150000000e+03 5.0000000000e+02 291 1292 1293 292 290 -1 292 -1
4 2.9250000000e+03 5.0000000000e+02 292 1293 1294 293 291 -1 293 -1
4 2.9350000000e+03 5.0000000000e+02 293 1294 1295 294 292 -1 294 -1
4 2.9450000000e+03 5.0000000000e+02 294 1295 1296 295 293 -1 295 -1
4 2.9550000000e+03 5.0000000000e+02 295 1296 1297 296 294 -1 296 -1
4 2.9650000000e+03 5.0000000000e+02 296 1297 1298 297 295 -1 297 -1
4 2.9750000000e+03 5.0000000000e+02 297 1298 1299 298 296 -1 298 -1
4 2.9850000000e+03 5.0000000000e+02 298 1299 1300 299 297 -1 299 -1
4 2.9950000000e+03 5.0000000000e+02 299 1300 1301 300 298 -1 300 -1
4 3.0050000000e+03 5.0000000000e+02 300 1301 1302 301 299 -1 301 -1
4 3.0150000000e+03 5.0000000000e+02 301 1302 1303 302 300 -1 302 -1
4 3.0250000000e+03 5.0000000000e+02 302 1303 1304 303 301 -1 303 -1
4 3.0350000000e+03 5.0000000000e+02 303 1304 1305 304 302 -1 304 -1
4 3.0450000000e+03 5.0000000000e+02 304 1305 1306 305 303 -1 305 -1
4 3.0550000000e+03 5.0000000000e+02 305 1306 1307 306 304 -1 306 -1
4 3.0650000000e+03 5.0000000000e+02 306 1307 1308 307 305 -1 307 -1
4 3.0750000000e+03 5.0000000000e+02 307 1308 1309 308 306 -1 308 -1
4 3.0850000000e+03 5.0000000000e+02 308 1309 1310 309 307 -1 309 -1
4 3.0950000000e+03 5.0000000000e+02 309 1310 1311 310 308 -1 310 -1
4 3.1050000000e+03 5.0000000000e+02 310 1311 1312 311 309 -1 311 -1
4 3.1150000000e+03 5.0000000000e+02 311 1312 1313 312 310 -1 312 -1
4 3.1250000000e+03 5.0000000000e+02 312 1313 1314 313 311 -1 313 -1
4 3.1350000000e+03 5.0000000000e+02 313 1314 1315 314 312 -1 314 -1
4 3.1450000000e+03 5.0000000000e+02 314 1315 1316 315 313 -1 315 -1
4 3.1550000000e+03 5.0000000000e+02 315 1316 1317 316 314 -1 316 -1
4 3.1650000000e+03 5.0000000000e+02 316 1317 1318 317 315 -1 317 -1
4 3.1750000000e+03 5.0000000000e+02 317 1318 1319 318 316 -1 318 -1
4 3.1850000000e+03 5.0000000000e+02 318 1319 1320 319 317 -1 319 -1
4 3.1950000000e+03 5.0000000000e+02 319 1320 1321 320 318 -1 320 -1
4 3.2050000000e+03 5.0000000000e+02 320 1321 1322 321 319 -1 321 -1
4 3.2150000000e+03 5.0000000000e+02 321 1322 1323 322 320 -1 322 -1
4 3.2250000000e+03 5.0000000000e+02 322 1323 1324 323 321 -1 323 -1
4 3.2350000000e+03 5.0000000000e+02 323 1324 1325 324 322 -1 324 -1
4 3.2450000000e+03 5.0000000000e+02 324 1325 1326 325 323 -1 325 -1
4 3.2550000000e+03 5.0000000000e+02 325 1326 1327 326 324 -1 326 -1
4 3.2650000000e+03 5.0000000000e+02 326 1327 1328 327 325 -1 327 -1
4 3.2750000000e+03 5.0000000000e+02 327 1328 1329 328 326 -1 328 -1
4 3.2850000000e+03 5.0000000000e+02 328 1329 1330 329 327 -1 329 -1
4 3.2950000000e+03 5.0000000000e+02 329 1330 1331 330 328 -1 330 -1
4 3.3050000000e+03 5.0000000000e+02 330 1331 1332 331 329 -1 331 -1
4 3.3150000000e+03 5.0000000000e+02 331 1332 1333 332 330 -1 332 -1
4 3.3250000000e+03 5.0000000000e+02 332 1333 1334 333 331 -1 333 -1
4 3.3350000000e+03 5.0000000000e+02 333 1334 1335 334 332 -1 334 -1
4 3.3450000000e+03 5.0000000000e+02 334 1335 1336 335 333 -1 335 -1
4 3.3550000000e+03 5.0000000000e+02 335 1336 1337 336 334 -1 336 -1
4 3.3650000000e+03 5.0000000000e+02 336 1337 1338 337 335 -1 337 -1
4 3.3750000000e+03 5.0000000000e+02 337 1338 1339 338 336 -1 338 -1
4 3.3850000000e+03 5.0000000000e+02 338 1339 1340 339 337 -1 339 -1
4 3.3950000000e+03 5.0000000000e+02 339 1340 1341 340 338 -1 340 -1
4 3.4050000000e+03 5.0000000000e+02 340 1341 1342 341 339 -1 341 -1
4 3.4150000000e+03 5.0000000000e+02 341 1342 1343 342 340 -1 342 -1
4 3.4250000000e+03 5.0000000000e+02 342 1343 1344 343 341 -1 343 -1
4 3.4350000000e+03 5.0000000000e+02 343 1344 1345 344 342 -1 344 -1
4 3.4450000000e+03 5.0000000000e+02 344 1345 1346 345 343 -1 345 -1
4 3.4550000000e+03 5.0000000000e+02 345 1346 1347 346 344 -1 346 -1
4 3.4650000000e+03 5.0000000000e+02 346 1347 1348 347 345 -1 347 -1
4 3.4750000000e+03 5.0000000000e+02 347 1348 1349 348 346 -1 348 -1
4 3.4850000000e+03 5.0000000000e+02 348 1349 1350 349 347 -1 349 -1
4 3.4950000000e+03 5.0000000000e+02 349 1350 1351 350 348 -1 350 -1
4 3.5050000000e+03 5.0000000000e+02 350 1351 1352 351 349 -1 351 -1
4 3.5150000000e+03 5.0000000000e+02 351 1352 1353 352 350 -1 352 -1
4 3.5250000000e+03 5.0000000000e+02 352 1353 1354 353 351 -1 353 -1
4 3.5350000000e+03 5.0000000000e+02 353 1354 1355 354 352 -1 354 -1
4 3.5450000000e+03 5.0000000000e+02 354 1355 1356 355 353 -1 355 -1
4 3.5550000000e+03 5.0000000000e+02 355 1356 1357 356 354 -1 356 -1
4 3.5650000000e+03 5.0000000000e+02 356 1357 1358 357 355 -1 357 -1
4 3.5750000000e+03 5.0000000000e+02 357 1358 1359 358 356 -1 358 -1
4 3.5850000000e+03 5.0000000000e+02 358 1359 1360 359 357 -1 359 -1
4 3.5950000000e+03 5.0000000000e+02 359 1360 1361 360 358 -1 360 -1
4 3.6050000000e+03 5.0000000000e+02 360 1361 1362 361 359 -1 361 -1
4 3.6150000000e+03 5.0000000000e+02 361 1362 1363 362 360 -1 362 -1
4 3.6250000000e+03 5.0000000000e+02 362 1363 1364 363 361 -1 363 -1
4 3.6350000000e+03 5.0000000000e+02 363 1364 1365 364 362 -1 364 -1
4 3.6450000000e+03 5.0000000000e+02 364 1365 1366 365 363 -1 365 -1
4 3.6550000000e+03 5.0000000000e+02 365 1366 1367 366 364 -1 366 -1
4 3.6650000000e+03 5.0000000000e+02 366 1367 1368 367 365 -1 367 -1
4 3.6750000000e+03 5.0000000000e+02 367 1368 1369 368 366 -1 368 -1
4 3.6850000000e+03 5.0000000000e+02 368 1369 1370 369 367 -1 369 -1
4 3.6950000000e+03 5.0000000000e+02 369 1370 1371 370 368 -1 370 -1
4 3.7050000000e+03 5.0000000000e+02 370 1371 1372 371 369 -1 371 -1
4 3.7150000000e+03 5.0000000000e+02 371 1372 1373 372 370 -1 372 -1
4 3.7250000000e+03 5.0000000000e+02 372 1373 1374 373 371 -1 373 -1
4 3.7350000000e+03 5.0000000000e+02 373 1374 1375 374 372 -1 374 -1
4 3.7450000000e+03 5.0000000000e+02 374 1375 1376 375 373 -1 375 -1
4 3.7550000000e+03 5.0000000000e+02 375 1376 1377 376 374 -1 376 -1
4 3.7650000000e+03 5.0000000000e+02 376 1377 1378 377 375 -1 377 -1
4 3.7750000000e+03 5.0000000000e+02 377 1378 1379 378 376 -1 378 -1
4 3.7850000000e+03 5.0000000000e+02 378 1379 1380 379 377 -1 379 -1
4 3.7950000000e+03 5.0000000000e+02 379 1380 1381 380 378 -1 380 -1
4 3.8050000000e+03 5.0000000000e+02 380 1381 1382 381 379 -1 381 -1
4 3.8150000000e+03 5.0000000000e+02 381 1382 1383 382 380 -1 382 -1
4 3.8250000000e+03 5.0000000000e+02 382 1383 1384 383 381 -1 383 -1
4 3.8350000000e+03 5.0000000000e+02 383 1384 1385 384 382 -1 384 -1
4 3.8450000000e+03 5.0000000000e+02 384 1385 1386 385 383 -1 385 -1
4 3.8550000000e+03 5.0000000000e+02 385 1386 1387 386 384 -1 386 -1
4 3.8650000000e+03 5.0000000000e+02 386 1387 1388 387 385 -1 387 -1
4 3.8750000000e+03 5.0000000000e+02 387 1388 1389 388 386 -1 388 -1
4 3.8850000000e+03 5.0000000000e+02 388 1389 1390 389 387 -1 389 -1
4 3.8950000000e+03 5.0000000000e+02 389 1390 1391 390 388 -1 390 -1
4 3.9050000000e+03 5.0000000000e+02 390 1391 1392 391 389 -1 391 -1
4 3.9150000000e+03 5.0000000000e+02 391 1392 1393 392 390 -1 392 -1
4 3.9250000000e+03 5.0000000000e+02 392 1393 1394 393 391 -1 393 -1
4 3.9350000000e+03 5.0000000000e+02 393 1394 1395 394 392 -1 394 -1
4 3.9450000000e+03 5.0000000000e+02 394 1395 1396 395 393 -1 395 -1
4 3.9550000000e+03 5.0000000000e+02 395 1396 1397 396 394 -1 396 -1
4 3.9650000000e+03 5.0000000000e+02 396 1397 1398 397 395 -1 397 -1
4 3.9750000000e+03 5.0000000000e+02 397 1398 1399 398 396 -1 398 -1
4 3.9850000000e+03 5.0000000000e+02 398 1399 1400 399 397 -1 399 -1
4 3.9950000000e+03 5.0000000000e+02 399 1400 1401 400 398 -1 400 -1
4 4.0050000000e+03 5.0000000000e+02 400 1401 1402 401 399 -1 401 -1
4 4.0150000000e+03 5.0000000000e+02 401 1402 1403 402 400 -1 402 -1
4 4.0250000000e+03 5.0000000000e+02 402 1403 1404 403 401 -1 403 -1
4 4.0350000000e+03 5.0000000000e+02 403 1404 1405 404 402 -1 404 -1
4 4.0450000000e+03 5.0000000000e+02 404 1405 1406 405 403 -1 405 -1
4 4.0550000000e+03 5.0000000000e+02 405 1406 1407 406 404 -1 406 -1
4 4.0650000000e+03 5.0000000000e+02 406 1407 1408 407 405 -1 407 -1
4 4.0750000000e+03 5.0000000000e+02 407 1408 1409 408 406 -1 408 -1
4 4.0850000000e+03 5.0000000000e+02 408 1409 1410 409 407 -1 409 -1
4 4.0950000000e+03 5.0000000000e+02 409 1410 1411 410 408 -1 410 -1
4 4.1050000000e+03 5.0000000000e+02 410 1411 1412 411 409 -1 411 -1
4 4.1150000000e+03 5.0000000000e+02 411 1412 1413 412 410 -1 412 -1
4 4.1250000000e+03 5.0000000000e+02 412 1413 1414 413 411 -1 413 -1
4 4.1350000000e+03 5.0000000000e+02 413 1414 1415 414 412 -1 414 -1
4 4.1450000000e+03 5.0000000000e+02 414 1415 1416 415 413 -1 415 -1
4 4.1550000000e+03 5.0000000000e+02 415 1416 1417 416 414 -1 416 -1
4 4.1650000000e+03 5.0000000000e+02 416 1417 1418 417 415 -1 417 -1
4 4.1750000000e+03 5.0000000000e+02 417 1418 1419 418 416 -1 418 -1
4 4.1850000000e+03 5.0000000000e+02 418 1419 1420 419 417 -1 419 -1
4 4.1950000000e+03 5.0000000000e+02 419 1420 1421 420 418 -1 420 -1
4 4.2050000000e+03 5.0000000000e+02 420 1421 1422 421 419 -1 421 -1
4 4.2150000000e+03 5.0000000000e+02 421 1422 1423 422 420 -1 422 -1
4 4.2250000000e+03 5.0000000000e+02 422 1423 1424 423 421 -1 423 -1
4 4.2350000000e+03 5.0000000000e+02 423 1424 1425 424 422 -1 424 -1
4 4.2450000000e+03 5.0000000000e+02 424 1425 1426 425 423 -1 425 -1
4 4.2550000000e+03 5.0000000000e+02 425 1426 1427 426 424 -1 426 -1
4 4.2650000000e+03 5.0000000000e+02 426 1427 1428 427 425 -1 427 -1
4 4.2750000000e+03 5.0000000000e+02 427 1428 1429 428 426 -1 428 -1
4 4.2850000000e+03 5.0000000000e+02 428 1429 1430 429 427 -1 429 -1
4 4.2950000000e+03 5.0000000000e+02 429 1430 1431 430 428 -1 430 -1
4 4.3050000000e+03 5.0000000000e+02 430 1431 1432 431 429 -1 431 -1
4 4.3150000000e+03 5.0000000000e+02 431 1432 1433 432 430 -1 432 -1
4 4.3250000000e+03 5.0000000000e+02 432 1433 1434 433 431 -1 433 -1
4 4.3350000000e+03 5.0000000000e+02 433 1434 1435 434 432 -1 434 -1
4 4.3450000000e+03 5.0000000000e+02 434 1435 1436 435 433 -1 435 -1
4 4.3550000000e+03 5.0000000000e+02 435 1436 1437 436 434 -1 436 -1
4 4.3650000000e+03 5.0000000000e+02 436 1437 1438 437 435 -1 437 -1
4 4.3750000000e+03 5.0000000000e+02 437 1438 1439 438 436 -1 438 -1
4 4.3850000000e+03 5.0000000000e+02 438 1439 1440 439 437 -1 439 -1
4 4.3950000000e+03 5.0000000000e+02 439 1440 1441 440 438 -1 440 -1
4 4.4050000000e+03 5.0000000000e+02 440 1441 1442 441 439 -1 441 -1
4 4.4150000000e+03 5.0000000000e+02 441 1442 1443 442 440 -1 442 -1
4 4.4250000000e+03 5.0000000000e+02 442 1443 1444 443 441 -1 443 -1
4 4.4350000000e+03 5.0000000000e+02 443 1444 1445 444 442 -1 444 -1
4 4.4450000000e+03 5.0000000000e+02 444 1445 1446 445 443 -1 445 -1
4 4.4550000000e+03 5.0000000000e+02 445 1446 1447 446 444 -1 446 -1
4 4.4650000000e+03 5.0000000000e+02 446 1447 1448 447 445 -1 447 -1
4 4.4750000000e+03 5.0000000000e+02 447 1448 1449 448 446 -1 448 -1
4 4.4850000000e+03 5.0000000000e+02 448 1449 1450 449 447 -1 449 -1
4 4.4950000000e+03 5.0000000000e+02 449 1450 1451 450 448 -1 450 -1
4 4.5050000000e+03 5.0000000000e+02 450 1451 1452 451 449 -1 451 -1
4 4.5150000000e+03 5.0000000000e+02 451 1452 1453 452 450 -1 452 -1
4 4.5250000000e+03 5.0000000000e+02 452 1453 1454 453 451 -1 453 -1
4 4.5350000000e+03 5.0000000000e+02 453 1454 1455 454 452 -1 454 -1
4 4.5450000000e+03 5.0000000000e+02 454 1455 1456 455 453 -1 455 -1
4 4.5550000000e+03 5.0000000000e+02 455 1456 1457 456 454 -1 456 -1
4 4.5650000000e+03 5.0000000000e+02 456 1457 1458 457 455 -1 457 -1
4 4.5750000000e+03 5.0000000000e+02 457 1458 1459 458 456 -1 458 -1
4 4.5850000000e+03 5.0000000000e+02 458 1459 1460 459 457 -1 459 -1
4 4.5950000000e+03 5.0000000000e+02 459 1460 1461 460 458 -1 460 -1
4 4.6050000000e+03 5.0000000000e+02 460 1461 1462 461 459 -1 461 -1
4 4.6150000000e+03 5.0000000000e+02 461 1462 1463 462 460 -1 462 -1
4 4.6250000000e+03 5.0000000000e+02 462 1463 1464 463 461 -1 463 -1
4 4.6350000000e+03 5.0000000000e+02 463 1464 1465 464 462 -1 464 -1
4 4.6450000000e+03 5.0000000000e+02 464 1465 1466 465 463 -1 465 -1
4 4.6550000000e+03 5.0000000000e+02 465 1466 1467 466 464 -1 466 -1
4 4.6650000000e+03 5.0000000000e+02 466 1467 1468 467 465 -1 467 -1
4 4.6750000000e+03 5.0000000000e+02 467 1468 1469 468 466 -1 468 -1
4 4.6850000000e+03 5.0000000000e+02 468 1469 1470 469 467 -1 469 -1
4 4.6950000000e+03 5.0000000000e+02 469 1470 1471 470 468 -1 470 -1
4 4.7050000000e+03 5.0000000000e+02 470 1471 1472 471 469 -1 471 -1
4 4.7150000000e+03 5.0000000000e+02 471 1472 1473 472 470 -1 472 -1
4 4.7250000000e+03 5.0000000000e+02 472 1473 1474 473 471 -1 473 -1
4 4.7350000000e+03 5.0000000000e+02 473 1474 1475 474 472 -1 474 -1
4 4.7450000000e+03 5.0000000000e+02 474 1475 1476 475 473 -1 475 -1
4 4.7550000000e+03 5.0000000000e+02 475 1476 1477 476 474 -1 476 -1
4 4.7650000000e+03 5.0000000000e+02 476 1477 1478 477 475 -1 477 -1
4 4.7750000000e+03 5.0000000000e+02 477 1478 1479 478 476 -1 478 -1
4 4.7850000000e+03 5.0000000000e+02 478 1479 1480 479 477 -1 479 -1
4 4.7950000000e+03 5.0000000000e+02 479 1480 1481 480 478 -1 480 -1
4 4.8050000000e+03 5.0000000000e+02 480 1481 1482 481 479 -1 481 -1
4 4.8150000000e+03 5.0000000000e+02 481 1482 1483 482 480 -1 482 -1
4 4.8250000000e+03 5.0000000000e+02 482 1483 1484 483 481 -1 483 -1
4 4.8350000000e+03 5.0000000000e+02 483 1484 1485 484 482 -1 484 -1
4 4.8450000000e+03 5.0000000000e+02 484 1485 1486 485 483 -1 485 -1
4 4.8550000000e+03 5.0000000000e+02 485 1486 1487 486 484 -1 486 -1
4 4.8650000000e+03 5.0000000000e+02 486 1487 1488 487 485 -1 487 -1
4 4.8750000000e+03 5.0000000000e+02 487 1488 1489 488 486 -1 488 -1
4 4.8850000000e+03 5.0000000000e+02 488 1489 1490 489 487 -1 489 -1
4 4.8950000000e+03 5.0000000000e+02 489 1490 1491 490 488 -1 490 -1
4 4.9050000000e+03 5.0000000000e+02 490 1491 1492 491 489 -1 491 -1
4 4.9150000000e+03 5.0000000000e+02 491 1492 1493 492 490 -1 492 -1
4 4.9250000000e+03 5.0000000000e+02 492 1493 1494 493 491 -1 493 -1
4 4.9350000000e+03 5.0000000000e+02 493 1494 1495 494 492 -1 494 -1
4 4.9450000000e+03 5.0000000000e+02 494 1495 1496 495 493 -1 495 -1
4 4.9550000000e+03 5.0000000000e+02 495 1496 1497 496 494 -1 496 -1
4 4.9650000000e+03 5.0000000000e+02 496 1497 1498 497 495 -1 497 -1
4 4.9750000000e+03 5.0000000000e+02 497 1498 1499 498 496 -1 498 -1
4 4.9850000000e+03 5.0000000000e+02 498 1499 1500 499 497 -1 499 -1
4 4.9950000000e+03 5.0000000000e+02 499 1500 1501 500 498 -1 500 -1
4 5.0050000000e+03 5.0000000000e+02 500 1501 1502 501 499 -1 501 -1
4 5.0150000000e+03 5.0000000000e+02 501 1502 1503 502 500 -1 502 -1
4 5.0250000000e+03 5.0000000000e+02 502 1503 1504 503 501 -1 503 -1
4 5.0350000000e+03 5.0000000000e+02 503 1504 1505 504 502 -1 504 -1
4 5.0450000000e+03 5.0000000000e+02 504 1505 1506 505 503 -1 505 -1
4 5.0550000000e+03 5.0000000000e+02 505 1506 1507 506 504 -1 506 -1
4 5.0650000000e+03 5.0000000000e+02 506 1507 1508 507 505 -1 507 -1
4 5.0750000000e+03 5.0000000000e+02 507 1508 1509 508 506 -1 508 -1
4 5.0850000000e+03 5.0000000000e+02 508 1509 1510 509 507 -1 509 -1
4 5.0950000000e+03 5.0000000000e+02 509 1510 1511 510 508 -1 510 -1
4 5.1050000000e+03 5.0000000000e+02 510 1511 1512 511 509 -1 511 -1
4 5.1150000000e+03 5.0000000000e+02 511 1512 1513 512 510 -1 512 -1
4 5.1250000000e+03 5.0000000000e+02 512 1513 1514 513 511 -1 513 -1
4 5.1350000000e+03 5.0000000000e+02 513 1514 1515 514 512 -1 514 -1
4 5.1450000000e+03 5.0000000000e+02 514 1515 1516 515 513 -1 515 -1
4 5.1550000000e+03 5.0000000000e+02 515 1516 1517 516 514 -1 516 -1
4 5.1650000000e+03 5.0000000000e+02 516 1517 1518 517 515 -1 517 -1
4 5.1750000000e+03 5.0000000000e+02 517 1518 1519 518 516 -1 518 -1
4 5.1850000000e+03 5.0000000000e+02 518 1519 1520 519 517 -1 519 -1
4 5.1950000000e+03 5.0000000000e+02 519 1520 1521 520 518 -1 520 -1
4 5.2050000000e+03 5.0000000000e+02 520 1521 1522 521 519 -1 521 -1
4 5.2150000000e+03 5.0000000000e+02 521 1522 1523 522 520 -1 522 -1
4 5.2250000000e+03 5.0000000000e+02 522 1523 1524 523 521 -1 523 -1
4 5.2350000000e+03 5.0000000000e+02 523 1524 1525 524 522 -1 524 -1
4 5.2450000000e+03 5.0000000000e+02 524 1525 1526 525 523 -1 525 -1
4 5.2550000000e+03 5.0000000000e+02 525 1526 1527 526 524 -1 526 -1
4 5.2650000000e+03 5.0000000000e+02 526 1527 1528 527 525 -1 527 -1
4 5.2750000000e+03 5.0000000000e+02 527 1528 1529 528 526 -1 528 -1
4 5.2850000000e+03 5.0000000000e+02 528 1529 1530 529 527 -1 529 -1
4 5.2950000000e+03 5.0000000000e+02 529 1530 1531 530 528 -1 530 -1
4 5.3050000000e+03 5.0000000000e+02 530 1531 1532 531 529 -1 531 -1
4 5.3150000000e+03 5.0000000000e+02 531 1532 1533 532 530 -1 532 -1
4 5.3250000000e+03 5.0000000000e+02 532 1533 1534 533 531 -1 533 -1
4 5.3350000000e+03 5.0000000000e+02 533 1534 1535 534 532 -1 534 -1
4 5.3450000000e+03 5.0000000000e+02 534 1535 1536 535 533 -1 535 -1
4 5.3550000000e+03 5.0000000000e+02 535 1536 1537 536 534 -1 536 -1
4 5.3650000000e+03 5.0000000000e+02 536 1537 1538 537 535 -1 537 -1
4 5.3750000000e+03 5.0000000000e+02 537 1538 1539 538 536 -1 538 -1
4 5.3850000000e+03 5.0000000000e+02 538 1539 1540 539 537 -1 539 -1
4 5.3950000000e+03 5.0000000000e+02 539 1540 1541 540 538 -1 540 -1
4 5.4050000000e+03 5.0000000000e+02 540 1541 1542 541 539 -1 541 -1
4 5.4150000000e+03 5.0000000000e+02 541 1542 1543 542 540 -1 542 -1
4 5.4250000000e+03 5.0000000000e+02 542 1543 1544 543 541 -1 543 -1
4 5.4350000000e+03 5.0000000000e+02 543 1544 1545 544 542 -1 544 -1
4 5.4450000000e+03 5.0000000000e+02 544 1545 1546 545 543 -1 545 -1
4 5.4550000000e+03 5.0000000000e+02 545 1546 1547 546 544 -1 546 -1
4 5.4650000000e+03 5.0000000000e+02 546 1547 1548 547 545 -1 547 -1
4 5.4750000000e+03 5.0000000000e+02 547 1548 1549 548 546 -1 548 -1
4 5.4850000000e+03 5.0000000000e+02 548 1549 1550 549 547 -1 549 -1
4 5.4950000000e+03 5.0000000000e+02 549 1550 1551 550 548 -1 550 -1
4 5.5050000000e+03 5.0000000000e+02 550 1551 1552 551 549 -1 551 -1
4 5.5150000000e+03 5.0000000000e+02 551 1552 1553 552 550 -1 552 -1
4 5.5250000000e+03 5.0000000000e+02 552 1553 1554 553 551 -1 553 -1
4 5.5350000000e+03 5.0000000000e+02 553 1554 1555 554 552 -1 554 -1
4 5.5450000000e+03 5.0000000000e+02 554 1555 1556 555 553 -1 555 -1
4 5.5550000000e+03 5.0000000000e+02 555 1556 1557 556 554 -1 556 -1
4 5.5650000000e+03 5.0000000000e+02 556 1557 1558 557 555 -1 557 -1
4 5.5750000000e+03 5.0000000000e+02 557 1558 1559 558 556 -1 558 -1
4 5.5850000000e+03 5.0000000000e+02 558 1559 1560 559 557 -1 559 -1
4 5.5950000000e+03 5.0000000000e+02 559 1560 1561 560 558 -1 560 -1
4 5.6050000000e+03 5.0000000000e+02 560 1561 1562 561 559 -1 561 -1
4 5.6150000000e+03 5.0000000000e+02 561 1562 1563 562 560 -1 562 -1
4 5.6250000000e+03 5.0000000000e+02 562 1563 1564 563 561 -1 563 -1
4 5.6350000000e+03 5.0000000000e+02 563 1564 1565 564 562 -1 564 -1
4 5.6450000000e+03 5.0000000000e+02 564 1565 1566 565 563 -1 565 -1
4 5.6550000000e+03 5.0000000000e+02 565 1566 1567 566 564 -1 566 -1
4 5.6650000000e+03 5.0000000000e+02 566 1567 1568 567 565 -1 567 -1
4 5.6750000000e+03 5.0000000000e+02 567 1568 1569 568 566 -1 568 -1
4 5.6850000000e+03 5.0000000000e+02 568 1569 1570 569 567 -1 569 -1
4 5.6950000000e+03 5.0000000000e+02 569 1570 1571 570 568 -1 570 -1
4 5.7050000000e+03 5.0000000000e+02 570 1571 1572 571 569 -1 571 -1
4 5.7150000000e+03 5.0000000000e+02 571 1572 1573 572 570 -1 572 -1
4 5.7250000000e+03 5.0000000000e+02 572 1573 1574 573 571 -1 573 -1
4 5.7350000000e+03 5.0000000000e+02 573 1574 1575 574 572 -1 574 -1
4 5.7450000000e+03 5.0000000000e+02 574 1575 1576 575 573 -1 575 -1
4 5.7550000000e+03 5.0000000000e+02 575 1576 1577 576 574 -1 576 -1
4 5.7650000000e+03 5.0000000000e+02 576 1577 1578 577 575 -1 577 -1
4 5.7750000000e+03 5.0000000000e+02 577 1578 1579 578 576 -1 578 -1
4 5.7850000000e+03 5.0000000000e+02 578 1579 1580 579 577 -1 579 -1
4 5.7950000000e+03 5.0000000000e+02 579 1580 1581 580 578 -1 580 -1
4 5.8050000000e+03 5.0000000000e+02 580 1581 1582 581 579 -1 581 -1
4 5.8150000000e+03 5.0000000000e+02 581 1582 1583 582 580 -1 582 -1
4 5.8250000000e+03 5.0000000000e+02 582 1583 1584 583 581 -1 583 -1
4 5.8350000000e+03 5.0000000000e+02 583 1584 1585 584 582 -1 584 -1
4 5.8450000000e+03 5.0000000000e+02 584 1585 1586 585 583 -1 585 -1
4 5.8550000000e+03 5.0000000000e+02 585 1586 1587 586 584 -1 586 -1
4 5.8650000000e+03 5.0000000000e+02 586 1587 1588 587 585 -1 587 -1
4 5.8750000000e+03 5.0000000000e+02 587 1588 1589 588 586 -1 588 -1
4 5.8850000000e+03 5.0000000000e+02 588 1589 1590 589 587 -1 589 -1
4 5.8950000000e+03 5.0000000000e+02 589 1590 1591 590 588 -1 590 -1
4 5.9050000000e+03 5.0000000000e+02 590 1591 1592 591 589 -1 591 -1
4 5.9150000000e+03 5.0000000000e+02 591 1592 1593 592 590 -1 592 -1
4 5.9250000000e+03 5.0000000000e+02 592 1593 1594 593 591 -1 593 -1
4 5.9350000000e+03 5.0000000000e+02 593 1594 1595 594 592 -1 594 -1
4 5.9450000000e+03 5.0000000000e+02 594 1595 1596 595 593 -1 595 -1
4 5.9550000000e+03 5.0000000000e+02 595 1596 1597 596 594 -1 596 -1
4 5.9650000000e+03 5.0000000000e+02 596 1597 1598 597 595 -1 597 -1
4 5.9750000000e+03 5.0000000000e+02 597 1598 1599 598 596 -1 598 -1
4 5.9850000000e+03 5.0000000000e+02 598 1599 1600 599 597 -1 599 -1
4 5.9950000000e+03 5.0000000000e+02 599 1600 1601 600 598 -1 600 -1
4 6.0050000000e+03 5.0000000000e+02 600 1601 1602 601 599 -1 601 -1
4 6.0150000000e+03 5.0000000000e+02 601 1602 1603 602 600 -1 602 -1
4 6.0250000000e+03 5.0000000000e+02 602 1603 1604 603 601 -1 603 -1
4 6.0350000000e+03 5.0000000000e+02 603 1604 1605 604 602 -1 604 -1
4 6.0450000000e+03 5.0000000000e+02 604 1605 1606 605 603 -1 605 -1
4 6.0550000000e+03 5.0000000000e+02 605 1606 1607 606 604 -1 606 -1
4 6.0650000000e+03 5.0000000000e+02 606 1607 1608 607 605 -1 607 -1
4 6.0750000000e+03 5.0000000000e+02 607 1608 1609 608 606 -1 608 -1
4 6.0850000000e+03 5.0000000000e+02 608 1609 1610 609 607 -1 609 -1
4 6.0950000000e+03 5.0000000000e+02 609 1610 1611 610 608 -1 610 -1
4 6.1050000000e+03 5.0000000000e+02 610 1611 1612 611 609 -1 611 -1
4 6.1150000000e+03 5.0000000000e+02 611 1612 1613 612 610 -1 612 -1
4 6.1250000000e+03 5.0000000000e+02 612 1613 1614 613 611 -1 613 -1
4 6.1350000000e+03 5.0000000000e+02 613 1614 1615 614 612 -1 614 -1
4 6.1450000000e+03 5.0000000000e+02 614 1615 1616 615 613 -1 615 -1
4 6.1550000000e+03 5.0000000000e+02 615 1616 1617 616 614 -1 616 -1
4 6.1650000000e+03 5.0000000000e+02 616 1617 1618 617 615 -1 617 -1
4 6.1750000000e+03 5.0000000000e+02 617 1618 1619 618 616 -1 618 -1
4 6.1850000000e+03 5.0000000000e+02 618 1619 1620 619 617 -1 619 -1
4 6.1950000000e+03 5.0000000000e+02 619 1620 1621 620 618 -1 620 -1
4 6.2050000000e+03 5.0000000000e+02 620 1621 1622 621 619 -1 621 -1
4 6.2150000000e+03 5.0000000000e+02 621 1622 1623 622 620 -1 622 -1
4 6.2250000000e+03 5.0000000000e+02 622 1623 1624 623 621 -1 623 -1
4 6.2350000000e+03 5.0000000000e+02 623 1624 1625 624 622 -1 624 -1
4 6.2450000000e+03 5.0000000000e+02 624 1625 1626 625 623 -1 625 -1
4 6.2550000000e+03 5.0000000000e+02 625 1626 1627 626 624 -1 626 -1
4 6.2650000000e+03 5.0000000000e+02 626 1627 1628 627 625 -1 627 -1
4 6.2750000000e+03 5.0000000000e+02 627 1628 1629 628 626 -1 628 -1
4 6.2850000000e+03 5.0000000000e+02 628 1629 1630 629 627 -1 629 -1
4 6.2950000000e+03 5.0000000000e+02 629 1630 1631 630 628 -1 630 -1
4 6.3050000000e+03 5.0000000000e+02 630 1631 1632 631 629 -1 631 -1
4 6.3150000000e+03 5.0000000000e+02 631 1632 1633 632 630 -1 632 -1
4 6.3250000000e+03 5.0000000000e+02 632 1633 1634 633 631 -1 633 -1
4 6.3350000000e+03 5.0000000000e+02 633 1634 1635 634 632 -1 634 -1
4 6.3450000000e+03 5.0000000000e+02 634 1635 1636 635 633 -1 635 -1
4 6.3550000000e+03 5.0000000000e+02 635 1636 1637 636 634 -1 636 -1
4 6.3650000000e+03 5.0000000000e+02 636 1637 1638 637 635 -1 637 -1
4 6.3750000000e+03 5.0000000000e+02 637 1638 1639 638 636 -1 638 -1
4 6.3850000000e+03 5.0000000000e+02 638 1639 1640 639 637 -1 639 -1
4 6.3950000000e+03 5.0000000000e+02 639 1640 1641 640 638 -1 640 -1
4 6.4050000000e+03 5.0000000000e+02 640 1641 1642 641 639 -1 641 -1
4 6.4150000000e+03 5.0000000000e+02 641 1642 1643 642 640 -1 642 -1
4 6.4250000000e+03 5.0000000000e+02 642 1643 1644 643 641 -1 643 -1
4 6.4350000000e+03 5.0000000000e+02 643 1644 1645 644 642 -1 644 -1
4 6.4450000000e+03 5.0000000000e+02 644 1645 1646 645 643 -1 645 -1
4 6.4550000000e+03 5.0000000000e+02 645 1646 1647 646 644 -1 646 -1
4 6.4650000000e+03 5.0000000000e+02 646 1647 1648 647 645 -1 647 -1
4 6.4750000000e+03 5.0000000000e+02 647 1648 1649 648 646 -1 648 -1
4 6.4850000000e+03 5.0000000000e+02 648 1649 1650 649 647 -1 649 -1
4 6.4950000000e+03 5.0000000000e+02 649 1650 1651 650 648 -1 650 -1
4 6.5050000000e+03 5.0000000000e+02 650 1651 1652 651 649 -1 651 -1
4 6.5150000000e+03 5.0000000000e+02 651 1652 1653 652 650 -1 652 -1
4 6.5250000000e+03 5.0000000000e+02 652 1653 1654 653 651 -1 653 -1
4 6.5350000000e+03 5.0000000000e+02 653 1654 1655 654 652 -1 654 -1
4 6.5450000000e+03 5.0000000000e+02 654 1655 1656 655 653 -1 655 -1
4 6.5550000000e+03 5.0000000000e+02 655 1656 1657 656 654 -1 656 -1
4 6.5650000000e+03 5.0000000000e+02 656 1657 1658 657 655 -1 657 -1
4 6.5750000000e+03 5.0000000000e+02 657 1658 1659 658 656 -1 658 -1
4 6.5850000000e+03 5.0000000000e+02 658 1659 1660 659 657 -1 659 -1
4 6.5950000000e+03 5.0000000000e+02 659 1660 1661 660 658 -1 660 -1
4 6.6050000000e+03 5.0000000000e+02 660 1661 1662 661 659 -1 661 -1
4 6.6150000000e+03 5.0000000000e+02 661 1662 1663 662 660 -1 662 -1
4 6.6250000000e+03 5.0000000000e+02 662 1663 1664 663 661 -1 663 -1
4 6.6350000000e+03 5.0000000000e+02 663 1664 1665 664 662 -1 664 -1
4 6.6450000000e+03 5.0000000000e+02 664 1665 1666 665 663 -1 665 -1
4 6.6550000000e+03 5.0000000000e+02 665 1666 1667 666 664 -1 666 -1
4 6.6650000000e+03 5.0000000000e+02 666 1667 1668 667 665 -1 667 -1
4 6.6750000000e+03 5.0000000000e+02 667 1668 1669 668 666 -1 668 -1
4 6.6850000000e+03 5.0000000000e+02 668 1669 1670 669 667 -1 669 -1
4 6.6950000000e+03 5.0000000000e+02 669 1670 1671 670 668 -1 670 -1
4 6.7050000000e+03 5.0000000000e+02 670 1671 1672 671 669 -1 671 -1
4 6.7150000000e+03 5.0000000000e+02 671 1672 1673 672 670 -1 672 -1
4 6.7250000000e+03 5.0000000000e+02 672 1673 1674 673 671 -1 673 -1
4 6.7350000000e+03 5.0000000000e+02 673 1674 1675 674 672 -1 674 -1
4 6.7450000000e+03 5.0000000000e+02 674 1675 1676 675 673 -1 675 -1
4 6.7550000000e+03 5.0000000000e+02 675 1676 1677 676 674 -1 676 -1
4 6.7650000000e+03 5.0000000000e+02 676 1677 1678 677 675 -1 677 -1
4 6.7750000000e+03 5.0000000000e+02 677 1678 1679 678 676 -1 678 -1
4 6.7850000000e+03 5.0000000000e+02 678 1679 1680 679 677 -1 679 -1
4 6.7950000000e+03 5.0000000000e+02 679 1680 1681 680 678 -1 680 -1
4 6.8050000000e+03 5.0000000000e+02 680 1681 1682 681 679 -1 681 -1
4 6.8150000000e+03 5.0000000000e+02 681 1682 1683 682 680 -1 682 -1
4 6.8250000000e+03 5.0000000000e+02 682 1683 1684 683 681 -1 683 -1
4 6.8350000000e+03 5.0000000000e+02 683 1684 1685 684 682 -1 684 -1
4 6.8450000000e+03 5.0000000000e+02 684 1685 1686 685 683 -1 685 -1
4 6.8550000000e+03 5.0000000000e+02 685 1686 1687 686 684 -1 686 -1
4 6.8650000000e+03 5.0000000000e+02 686 1687 1688 687 685 -1 687 -1
4 6.8750000000e+03 5.0000000000e+02 687 1688 1689 688 686 -1 688 -1
4 6.8850000000e+03 5.0000000000e+02 688 1689 1690 689 687 -1 689 -1
4 6.8950000000e+03 5.0000000000e+02 689 1690 1691 690 688 -1 690 -1
4 6.9050000000e+03 5.0000000000e+02 690 1691 1692 691 689 -1 691 -1
4 6.9150000000e+03 5.0000000000e+02 691 1692 1693 692 690 -1 692 -1
4 6.9250000000e+03 5.0000000000e+02 692 1693 1694 693 691 -1 693 -1
4 6.9350000000e+03 5.0000000000e+02 693 1694 1695 694 692 -1 694 -1
4 6.9450000000e+03 5.0000000000e+02 694 1695 1696 695 693 -1 695 -1
4 6.9550000000e+03 5.0000000000e+02 695 1696 1697 696 694 -1 696 -1
4 6.9650000000e+03 5.0000000000e+02 696 1697 1698 697 695 -1 697 -1
4 6.9750000000e+03 5.0000000000e+02 697 1698 1699 698 696 -1 698 -1
4 6.9850000000e+03 5.0000000000e+02 698 1699 1700 699 697 -1 699 -1
4 6.9950000000e+03 5.0000000000e+02 699 1700 1701 700 698 -1 700 -1
4 7.0050000000e+03 5.0000000000e+02 700 1701 1702 701 699 -1 701 -1
4 7.0150000000e+03 5.0000000000e+02 701 1702 1703 702 700 -1 702 -1
4 7.0250000000e+03 5.0000000000e+02 702 1703 1704 703 701 -1 703 -1
4 7.0350000000e+03 5.0000000000e+02 703 1704 1705 704 702 -1 704 -1
4 7.0450000000e+03 5.0000000000e+02 704 1705 1706 705 703 -1 705 -1
4 7.0550000000e+03 5.0000000000e+02 705 1706 1707 706 704 -1 706 -1
4 7.0650000000e+03 5.0000000000e+02 706 1707 1708 707 705 -1 707 -1
4 7.0750000000e+03 5.0000000000e+02 707 1708 1709 708 706 -1 708 -1
4 7.0850000000e+03 5.0000000000e+02 708 1709 1710 709 707 -1 709 -1
4 7.0950000000e+03 5.0000000000e+02 709 1710 1711 710 708 -1 710 -1
4 7.1050000000e+03 5.0000000000e+02 710 1711 1712 711 709 -1 711 -1
4 7.1150000000e+03 5.0000000000e+02 711 1712 1713 712 710 -1 712 -1
4 7.1250000000e+03 5.0000000000e+02 712 1713 1714 713 711 -1 713 -1
4 7.1350000000e+03 5.0000000000e+02 713 1714 1715 714 712 -1 714 -1
4 7.1450000000e+03 5.0000000000e+02 714 1715 1716 715 713 -1 715 -1
4 7.1550000000e+03 5.0000000000e+02 715 1716 1717 716 714 -1 716 -1
4 7.1650000000e+03 5.0000000000e+02 716 1717 1718 717 715 -1 717 -1
4 7.1750000000e+03 5.0000000000e+02 717 1718 1719 718 716 -1 718 -1
4 7.1850000000e+03 5.0000000000e+02 718 1719 1720 719 717 -1 719 -1
4 7.1950000000e+03 5.0000000000e+02 719 1720 1721 720 718 -1 720 -1
4 7.2050000000e+03 5.0000000000e+02 720 1721 1722 721 719 -1 721 -1
4 7.2150000000e+03 5.0000000000e+02 721 1722 1723 722 720 -1 722 -1
4 7.2250000000e+03 5.0000000000e+02 722 1723 1724 723 721 -1 723 -1
4 7.2350000000e+03 5.0000000000e+02 723 1724 1725 724 722 -1 724 -1
4 7.2450000000e+03 5.0000000000e+02 724 1725 1726 725 723 -1 725 -1
4 7.2550000000e+03 5.0000000000e+02 725 1726 1727 726 724 -1 726 -1
4 7.2650000000e+03 5.0000000000e+02 726 1727 1728 727 725 -1 727 -1
4 7.2750000000e+03 5.0000000000e+02 727 1728 1729 728 726 -1 728 -1
4 7.2850000000e+03 5.0000000000e+02 728 1729 1730 729 727 -1 729 -1
4 7.2950000000e+03 5.0000000000e+02 729 1730 1731 730 728 -1 730 -1
4 7.3050000000e+03 5.0000000000e+02 730 1731 1732 731 729 -1 731 -1
4 7.3150000000e+03 5.0000000000e+02 731 1732 1733 732 730 -1 732 -1
4 7.3250000000e+03 5.0000000000e+02 732 1733 1734 733 731 -1 733 -1
4 7.3350000000e+03 5.0000000000e+02 733 1734 1735 734 732 -1 734 -1
4 7.3450000000e+03 5.0000000000e+02 734 1735 1736 735 733 -1 735 -1
4 7.3550000000e+03 5.0000000000e+02 735 1736 1737 736 734 -1 736 -1
4 7.3650000000e+03 5.0000000000e+02 736 1737 1738 737 735 -1 737 -1
4 7.3750000000e+03 5.0000000000e+02 737 1738 1739 738 736 -1 738 -1
4 7.3850000000e+03 5.0000000000e+02 738 1739 1740 739 737 -1 739 -1
4 7.3950000000e+03 5.0000000000e+02 739 1740 1741 740 738 -1 740 -1
4 7.4050000000e+03 5.0000000000e+02 740 1741 1742 741 739 -1 741 -1
4 7.4150000000e+03 5.0000000000e+02 741 1742 1743 742 740 -1 742 -1
4 7.4250000000e+03 5.0000000000e+02 742 1743 1744 743 741 -1 743 -1
4 7.4350000000e+03 5.0000000000e+02 743 1744 1745 744 742 -1 744 -1
4 7.4450000000e+03 5.0000000000e+02 744 1745 1746 745 743 -1 745 -1
4 7.4550000000e+03 5.0000000000e+02 745 1746 1747 746 744 -1 746 -1
4 7.4650000000e+03 5.0000000000e+02 746 1747 1748 747 745 -1 747 -1
4 7.4750000000e+03 5.0000000000e+02 747 1748 1749 748 746 -1 748 -1
4 7.4850000000e+03 5.0000000000e+02 748 1749 1750 749 747 -1 749 -1
4 7.4950000000e+03 5.0000000000e+02 749 1750 1751 750 748 -1 750 -1
4 7.5050000000e+03 5.0000000000e+02 750 1751 1752 751 749 -1 751 -1
4 7.5150000000e+03 5.0000000000e+02 751 1752 1753 752 750 -1 752 -1
4 7.5250000000e+03 5.0000000000e+02 752 1753 1754 753 751 -1 753 -1
4 7.5350000000e+03 5.0000000000e+02 753 1754 1755 754 752 -1 754 -1
4 7.5450000000e+03 5.0000000000e+02 754 1755 1756 755 753 -1 755 -1
4 7.5550000000e+03 5.0000000000e+02 755 1756 1757 756 754 -1 756 -1
4 7.5650000000e+03 5.0000000000e+02 756 1757 1758 757 755 -1 757 -1
4 7.5750000000e+03 5.0000000000e+02 757 1758 1759 758 756 -1 758 -1
4 7.5850000000e+03 5.0000000000e+02 758 1759 1760 759 757 -1 759 -1
4 7.5950000000e+03 5.0000000000e+02 759 1760 1761 760 758 -1 760 -1
4 7.6050000000e+03 5.0000000000e+02 760 1761 1762 761 759 -1 761 -1
4 7.6150000000e+03 5.0000000000e+02 761 1762 1763 762 760 -1 762 -1
4 7.6250000000e+03 5.0000000000e+02 762 1763 1764 763 761 -1 763 -1
4 7.6350000000e+03 5.0000000000e+02 763 1764 1765 764 762 -1 764 -1
4 7.6450000000e+03 5.0000000000e+02 764 1765 1766 765 763 -1 765 -1
4 7.6550000000e+03 5.0000000000e+02 765 1766 1767 766 764 -1 766 -1
4 7.6650000000e+03 5.0000000000e+02 766 1767 1768 767 765 -1 767 -1
4 7.6750000000e+03 5.0000000000e+02 767 1768 1769 768 766 -1 768 -1
4 7.6850000000e+03 5.0000000000e+02 768 1769 1770 769 767 -1 769 -1
4 7.6950000000e+03 5.0000000000e+02 769 1770 1771 770 768 -1 770 -1
4 7.7050000000e+03 5.0000000000e+02 770 1771 1772 771 769 -1 771 -1
4 7.7150000000e+03 5.0000000000e+02 771 1772 1773 772 770 -1 772 -1
4 7.7250000000e+03 5.0000000000e+02 772 1773 1774 773 771 -1 773 -1
4 7.7350000000e+03 5.0000000000e+02 773 1774 1775 774 772 -1 774 -1
4 7.7450000000e+03 5.0000000000e+02 774 1775 1776 775 773 -1 775 -1
4 7.7550000000e+03 5.0000000000e+02 775 1776 1777 776 774 -1 776 -1
4 7.7650000000e+03 5.0000000000e+02 776 1777 1778 777 775 -1 777 -1
4 7.7750000000e+03 5.0000000000e+02 777 1778 1779 778 776 -1 778 -1
4 7.7850000000e+03 5.0000000000e+02 778 1779 1780 779 777 -1 779 -1
4 7.7950000000e+03 5.0000000000e+02 779 1780 1781 780 778 -1 780 -1
4 7.8050000000e+03 5.0000000000e+02 780 1781 1782 781 779 -1 781 -1
4 7.8150000000e+03 5.0000000000e+02 781 1782 1783 782 780 -1 782 -1
4 7.8250000000e+03 5.0000000000e+02 782 1783 1784 783 781 -1 783 -1
4 7.8350000000e+03 5.0000000000e+02 783 1784 1785 784 782 -1 784 -1
4 7.8450000000e+03 5.0000000000e+02 784 1785 1786 785 783 -1 785 -1
4 7.8550000000e+03 5.0000000000e+02 785 1786 1787 786 784 -1 786 -1
4 7.8650000000e+03 5.0000000000e+02 786 1787 1788 787 785 -1 787 -1
4 7.8750000000e+03 5.0000000000e+02 787 1788 1789 788 786 -1 788 -1
4 7.8850000000e+03 5.0000000000e+02 788 1789 1790 789 787 -1 789 -1
4 7.8950000000e+03 5.0000000000e+02 789 1790 1791 790 788 -1 790 -1
4 7.9050000000e+03 5.0000000000e+02 790 1791 1792 791 789 -1 791 -1
4 7.9150000000e+03 5.0000000000e+02 791 1792 1793 792 790 -1 792 -1
4 7.9250000000e+03 5.0000000000e+02 792 1793 1794 793 791 -1 793 -1
4 7.9350000000e+03 5.0000000000e+02 793 1794 1795 794 792 -1 794 -1
4 7.9450000000e+03 5.0000000000e+02 794 1795 1796 795 793 -1 795 -1
4 7.9550000000e+03 5.0000000000e+02 795 1796 1797 796 794 -1 796 -1
4 7.9650000000e+03 5.0000000000e+02 796 1797 1798 797 795 -1 797 -1
4 7.9750000000e+03 5.0000000000e+02 797 1798 1799 798 796 -1 798 -1
4 7.9850000000e+03 5.0000000000e+02 798 1799 1800 799 797 -1 799 -1
4 7.9950000000e+03 5.0000000000e+02 799 1800 1801 800 798 -1 800 -1
4 8.0050000000e+03 5.0000000000e+02 800 1801 1802 801 799 -1 801 -1
4 8.0150000000e+03 5.0000000000e+02 801 1802 1803 802 800 -1 802 -1
4 8.0250000000e+03 5.0000000000e+02 802 1803 1804 803 801 -1 803 -1
4 8.0350000000e+03 5.0000000000e+02 803 1804 1805 804 802 -1 804 -1
4 8.0450000000e+03 5.0000000000e+02 804 1805 1806 805 803 -1 805 -1
4 8.0550000000e+03 5.0000000000e+02 805 1806 1807 806 804 -1 806 -1
4 8.0650000000e+03 5.0000000000e+02 806 1807 1808 807 805 -1 807 -1
4 8.0750000000e+03 5.0000000000e+02 807 1808 1809 808 806 -1 808 -1
4 8.0850000000e+03 5.0000000000e+02 808 1809 1810 809 807 -1 809 -1
4 8.0950000000e+03 5.0000000000e+02 809 1810 1811 810 808 -1 810 -1
4 8.1050000000e+03 5.0000000000e+02 810 1811 1812 811 809 -1 811 -1
4 8.1150000000e+03 5.0000000000e+02 811 1812 1813 812 810 -1 812 -1
4 8.1250000000e+03 5.0000000000e+02 812 1813 1814 813 811 -1 813 -1
4 8.1350000000e+03 5.0000000000e+02 813 1814 1815 814 812 -1 814 -1
4 8.1450000000e+03 5.0000000000e+02 814 1815 1816 815 813 -1 815 -1
4 8.1550000000e+03 5.0000000000e+02 815 1816 1817 816 814 -1 816 -1
4 8.1650000000e+03 5.0000000000e+02 816 1817 1818 817 815 -1 817 -1
4 8.1750000000e+03 5.0000000000e+02 817 1818 1819 818 816 -1 818 -1
4 8.1850000000e+03 5.0000000000e+02 818 1819 1820 819 817 -1 819 -1
4 8.1950000000e+03 5.0000000000e+02 819 1820 1821 820 818 -1 820 -1
4 8.2050000000e+03 5.0000000000e+02 820 1821 1822 821 819 -1 821 -1
4 8.2150000000e+03 5.0000000000e+02 821 1822 1823 822 820 -1 822 -1
4 8.2250000000e+03 5.0000000000e+02 822 1823 1824 823 821 -1 823 -1
4 8.2350000000e+03 5.0000000000e+02 823 1824 1825 824 822 -1 824 -1
4 8.2450000000e+03 5.0000000000e+02 824 1825 1826 825 823 -1 825 -1
4 8.2550000000e+03 5.0000000000e+02 825 1826 1827 826 824 -1 826 -1
4 8.2650000000e+03 5.0000000000e+02 826 1827 1828 827 825 -1 827 -1
4 8.2750000000e+03 5.0000000000e+02 827 1828 1829 828 826 -1 828 -1
4 8.2850000000e+03 5.0000000000e+02 828 1829 1830 829 827 -1 829 -1
4 8.2950000000e+03 5.0000000000e+02 829 1830 1831 830 828 -1 830 -1
4 8.3050000000e+03 5.0000000000e+02 830 1831 1832 831 829 -1 831 -1
4 8.3150000000e+03 5.0000000000e+02 831 1832 1833 832 830 -1 832 -1
4 8.3250000000e+03 5.0000000000e+02 832 1833 1834 833 831 -1 833 -1
4 8.3350000000e+03 5.0000000000e+02 833 1834 1835 834 832 -1 834 -1
4 8.3450000000e+03 5.0000000000e+02 834 1835 1836 835 833 -1 835 -1
4 8.3550000000e+03 5.0000000000e+02 835 1836 1837 836 834 -1 836 -1
4 8.3650000000e+03 5.0000000000e+02 836 1837 1838 837 835 -1 837 -1
4 8.3750000000e+03 5.0000000000e+02 837 1838 1839 838 836 -1 838 -1
4 8.3850000000e+03 5.0000000000e+02 838 1839 1840 839 837 -1 839 -1
4 8.3950000000e+03 5.0000000000e+02 839 1840 1841 840 838 -1 840 -1
4 8.4050000000e+03 5.0000000000e+02 840 1841 1842 841 839 -1 841 -1
4 8.4150000000e+03 5.0000000000e+02 841 1842 1843 842 840 -1 842 -1
4 8.4250000000e+03 5.0000000000e+02 842 1843 1844 843 841 -1 843 -1
4 8.4350000000e+03 5.0000000000e+02 843 1844 1845 844 842 -1 844 -1
4 8.4450000000e+03 5.0000000000e+02 844 1845 1846 845 843 -1 845 -1
4 8.4550000000e+03 5.0000000000e+02 845 1846 1847 846 844 -1 846 -1
4 8.4650000000e+03 5.0000000000e+02 846 1847 1848 847 845 -1 847 -1
4 8.4750000000e+03 5.0000000000e+02 847 1848 1849 848 846 -1 848 -1
4 8.4850000000e+03 5.0000000000e+02 848 1849 1850 849 847 -1 849 -1
4 8.4950000000e+03 5.0000000000e+02 849 1850 1851 850 848 -1 850 -1
4 8.5050000000e+03 5.0000000000e+02 850 1851 1852 851 849 -1 851 -1
4 8.5150000000e+03 5.0000000000e+02 851 1852 1853 852 850 -1 852 -1
4 8.5250000000e+03 5.0000000000e+02 852 1853 1854 853 851 -1 853 -1
4 8.5350000000e+03 5.0000000000e+02 853 1854 1855 854 852 -1 854 -1
4 8.5450000000e+03 5.0000000000e+02 854 1855 1856 855 853 -1 855 -1
4 8.5550000000e+03 5.0000000000e+02 855 1856 1857 856 854 -1 856 -1
4 8.5650000000e+03 5.0000000000e+02 856 1857 1858 857 855 -1 857 -1
4 8.5750000000e+03 5.0000000000e+02 857 1858 1859 858 856 -1 858 -1
4 8.5850000000e+03 5.0000000000e+02 858 1859 1860 859 857 -1 859 -1
4 8.5950000000e+03 5.0000000000e+02 859 1860 1861 860 858 -1 860 -1
4 8.6050000000e+03 5.0000000000e+02 860 1861 1862 861 859 -1 861 -1
4 8.6150000000e+03 5.0000000000e+02 861 1862 1863 862 860 -1 862 -1
4 8.6250000000e+03 5.0000000000e+02 862 1863 1864 863 861 -1 863 -1
4 8.6350000000e+03 5.0000000000e+02 863 1864 1865 864 862 -1 864 -1
4 8.6450000000e+03 5.0000000000e+02 864 1865 1866 865 863 -1 865 -1
4 8.6550000000e+03 5.0000000000e+02 865 1866 1867 866 864 -1 866 -1
4 8.6650000000e+03 5.0000000000e+02 866 1867 1868 867 865 -1 867 -1
4 8.6750000000e+03 5.0000000000e+02 867 1868 1869 868 866 -1 868 -1
4 8.6850000000e+03 5.0000000000e+02 868 1869 1870 869 867 -1 869 -1
4 8.6950000000e+03 5.0000000000e+02 869 1870 1871 870 868 -1 870 -1
4 8.7050000000e+03 5.0000000000e+02 870 1871 1872 871 869 -1 871 -1
4 8.7150000000e+03 5.0000000000e+02 871 1872 1873 872 870 -1 872 -1
4 8.7250000000e+03 5.0000000000e+02 872 1873 1874 873 871 -1 873 -1
4 8.7350000000e+03 5.0000000000e+02 873 1874 1875 874 872 -1 874 -1
4 8.7450000000e+03 5.0000000000e+02 874 1875 1876 875 873 -1 875 -1
4 8.7550000000e+03 5.0000000000e+02 875 1876 1877 876 874 -1 876 -1
4 8.7650000000e+03 5.0000000000e+02 876 1877 1878 877 875 -1 877 -1
4 8.7750000000e+03 5.0000000000e+02 877 1878 1879 878 876 -1 878 -1
4 8.7850000000e+03 5.0000000000e+02 878 1879 1880 879 877 -1 879 -1
4 8.7950000000e+03 5.0000000000e+02 879 1880 1881 880 878 -1 880 -1
4 8.8050000000e+03 5.0000000000e+02 880 1881 1882 881 879 -1 881 -1
4 8.8150000000e+03 5.0000000000e+02 881 1882 1883 882 880 -1 882 -1
4 8.8250000000e+03 5.0000000000e+02 882 1883 1884 883 881 -1 883 -1
4 8.8350000000e+03 5.0000000000e+02 883 1884 1885 884 882 -1 884 -1
4 8.8450000000e+03 5.0000000000e+02 884 1885 1886 885 883 -1 885 -1
4 8.8550000000e+03 5.0000000000e+02 885 1886 1887 886 884 -1 886 -1
4 8.8650000000e+03 5.0000000000e+02 886 1887 1888 887 885 -1 887 -1
4 8.8750000000e+03 5.0000000000e+02 887 1888 1889 888 886 -1 888 -1
4 8.8850000000e+03 5.0000000000e+02 888 1889 1890 889 887 -1 889 -1
4 8.8950000000e+03 5.0000000000e+02 889 1890 1891 890 888 -1 890 -1
4 8.9050000000e+03 5.0000000000e+02 890 1891 1892 891 889 -1 891 -1
4 8.9150000000e+03 5.0000000000e+02 891 1892 1893 892 890 -1 892 -1
4 8.9250000000e+03 5.0000000000e+02 892 1893 1894 893 891 -1 893 -1
4 8.9350000000e+03 5.0000000000e+02 893 1894 1895 894 892 -1 894 -1
4 8.9450000000e+03 5.0000000000e+02 894 1895 1896 895 893 -1 895 -1
4 8.9550000000e+03 5.0000000000e+02 895 1896 1897 896 894 -1 896 -1
4 8.9650000000e+03 5.0000000000e+02 896 1897 1898 897 895 -1 897 -1
4 8.9750000000e+03 5.0000000000e+02 897 1898 1899 898 896 -1 898 -1
4 8.9850000000e+03 5.0000000000e+02 898 1899 1900 899 897 -1 899 -1
4 8.9950000000e+03 5.0000000000e+02 899 1900 1901 900 898 -1 900 -1
4 9.0050000000e+03 5.0000000000e+02 900 1901 1902 901 899 -1 901 -1
4 9.0150000000e+03 5.0000000000e+02 901 1902 1903 902 900 -1 902 -1
4 9.0250000000e+03 5.0000000000e+02 902 1903 1904 903 901 -1 903 -1
4 9.0350000000e+03 5.0000000000e+02 903 1904 1905 904 902 -1 904 -1
4 9.0450000000e+03 5.0000000000e+02 904 1905 1906 905 903 -1 905 -1
4 9.0550000000e+03 5.0000000000e+02 905 1906 1907 906 904 -1 906 -1
4 9.0650000000e+03 5.0000000000e+02 906 1907 1908 907 905 -1 907 -1
4 9.0750000000e+03 5.0000000000e+02 907 1908 1909 908 906 -1 908 -1
4 9.0850000000e+03 5.0000000000e+02 908 1909 1910 909 907 -1 909 -1
4 9.0950000000e+03 5.0000000000e+02 909 1910 1911 910 908 -1 910 -1
4 9.1050000000e+03 5.0000000000e+02 910 1911 1912 911 909 -1 911 -1
4 9.1150000000e+03 5.0000000000e+02 911 1912 1913 912 910 -1 912 -1
4 9.1250000000e+03 5.0000000000e+02 912 1913 1914 913 911 -1 913 -1
4 9.1350000000e+03 5.0000000000e+02 913 1914 1915 914 912 -1 914 -1
4 9.1450000000e+03 5.0000000000e+02 914 1915 1916 915 913 -1 915 -1
4 9.1550000000e+03 5.0000000000e+02 915 1916 1917 916 914 -1 916 -1
4 9.1650000000e+03 5.0000000000e+02 916 1917 1918 917 915 -1 917 -1
4 9.1750000000e+03 5.0000000000e+02 917 1918 1919 918 916 -1 918 -1
4 9.1850000000e+03 5.0000000000e+02 918 1919 1920 919 917 -1 919 -1
4 9.1950000000e+03 5.0000000000e+02 919 1920 1921 920 918 -1 920 -1
4 9.2050000000e+03 5.0000000000e+02 920 1921 1922 921 919 -1 921 -1
4 9.2150000000e+03 5.0000000000e+02 921 1922 1923 922 920 -1 922 -1
4 9.2250000000e+03 5.0000000000e+02 922 1923 1924 923 921 -1 923 -1
4 9.2350000000e+03 5.0000000000e+02 923 1924 1925 924 922 -1 924 -1
4 9.2450000000e+03 5.0000000000e+02 924 1925 1926 925 923 -1 925 -1
4 9.2550000000e+03 5.0000000000e+02 925 1926 1927 926 924 -1 926 -1
4 9.2650000000e+03 5.0000000000e+02 926 1927 1928 927 925 -1 927 -1
4 9.2750000000e+03 5.0000000000e+02 927 1928 1929 928 926 -1 928 -1
4 9.2850000000e+03 5.0000000000e+02 928 1929 1930 929 927 -1 929 -1
4 9.2950000000e+03 5.0000000000e+02 929 1930 1931 930 928 -1 930 -1
4 9.3050000000e+03 5.0000000000e+02 930 1931 1932 931 929 -1 931 -1
4 9.3150000000e+03 5.0000000000e+02 931 1932 1933 932 930 -1 932 -1
4 9.3250000000e+03 5.0000000000e+02 932 1933 1934 933 931 -1 933 -1
4 9.3350000000e+03 5.0000000000e+02 933 1934 1935 934 932 -1 934 -1
4 9.3450000000e+03 5.0000000000e+02 934 1935 1936 935 933 -1 935 -1
4 9.3550000000e+03 5.0000000000e+02 935 1936 1937 936 934 -1 936 -1
4 9.3650000000e+03 5.0000000000e+02 936 1937 1938 937 935 -1 937 -1
4 9.3750000000e+03 5.0000000000e+02 937 1938 1939 938 936 -1 938 -1
4 9.3850000000e+03 5.0000000000e+02 938 1939 1940 939 937 -1 939 -1
4 9.3950000000e+03 5.0000000000e+02 939 1940 1941 940 938 -1 940 -1
4 9.4050000000e+03 5.0000000000e+02 940 1941 1942 941 939 -1 941 -1
4 9.4150000000e+03 5.0000000000e+02 941 1942 1943 942 940 -1 942 -1
4 9.4250000000e+03 5.0000000000e+02 942 1943 1944 943 941 -1 943 -1
4 9.4350000000e+03 5.0000000000e+02 943 1944 1945 944 942 -1 944 -1
4 9.4450000000e+03 5.0000000000e+02 944 1945 1946 945 943 -1 945 -1
4 9.4550000000e+03 5.0000000000e+02 945 1946 1947 946 944 -1 946 -1
4 9.4650000000e+03 5.0000000000e+02 946 1947 1948 947 945 -1 947 -1
4 9.4750000000e+03 5.0000000000e+02 947 1948 1949 948 946 -1 948 -1
4 9.4850000000e+03 5.0000000000e+02 948 1949 1950 949 947 -1 949 -1
4 9.4950000000e+03 5.0000000000e+02 949 1950 1951 950 948 -1 950 -1
4 9.5050000000e+03 5.0000000000e+02 950 1951 1952 951 949 -1 951 -1
4 9.5150000000e+03 5.0000000000e+02 951 1952 1953 952 950 -1 952 -1
4 9.5250000000e+03 5.0000000000e+02 952 1953 1954 953 951 -1 953 -1
4 9.5350000000e+03 5.0000000000e+02 953 1954 1955 954 952 -1 954 -1
4 9.5450000000e+03 5.0000000000e+02 954 1955 1956 955 953 -1 955 -1
4 9.5550000000e+03 5.0000000000e+02 955 1956 1957 956 954 -1 956 -1
4 9.5650000000e+03 5.0000000000e+02 956 1957 1958 957 955 -1 957 -1
4 9.5750000000e+03 5.0000000000e+02 957 1958 1959 958 956 -1 958 -1
4 9.5850000000e+03 5.0000000000e+02 958 1959 1960 959 957 -1 959 -1
4 9.5950000000e+03 5.0000000000e+02 959 1960 1961 960 958 -1 960 -1
4 9.6050000000e+03 5.0000000000e+02 960 1961 1962 961 959 -1 961 -1
4 9.6150000000e+03 5.0000000000e+02 961 1962 1963 962 960 -1 962 -1
4 9.6250000000e+03 5.0000000000e+02 962 1963 1964 963 961 -1 963 -1
4 9.6350000000e+03 5.0000000000e+02 963 1964 1965 964 962 -1 964 -1
4 9.6450000000e+03 5.0000000000e+02 964 1965 1966 965 963 -1 965 -1
4 9.6550000000e+03 5.0000000000e+02 965 1966 1967 966 964 -1 966 -1
4 9.6650000000e+03 5.0000000000e+02 966 1967 1968 967 965 -1 967 -1
4 9.6750000000e+03 5.0000000000e+02 967 1968 1969 968 966 -1 968 -1
4 9.6850000000e+03 5.0000000000e+02 968 1969 1970 969 967 -1 969 -1
4 9.6950000000e+03 5.0000000000e+02 969 1970 1971 970 968 -1 970 -1
4 9.7050000000e+03 5.0000000000e+02 970 1971 1972 971 969 -1 971 -1
4 9.7150000000e+03 5.0000000000e+02 971 1972 1973 972 970 -1 972 -1
4 9.7250000000e+03 5.0000000000e+02 972 1973 1974 973 971 -1 973 -1
4 9.7350000000e+03 5.0000000000e+02 973 1974 1975 974 972 -1 974 -1
4 9.7450000000e+03 5.0000000000e+02 974 1975 1976 975 973 -1 975 -1
4 9.7550000000e+03 5.0000000000e+02 975 1976 1977 976 974 -1 976 -1
4 9.7650000000e+03 5.0000000000e+02 976 1977 1978 977 975 -1 977 -1
4 9.7750000000e+03 5.0000000000e+02 977 1978 1979 978 976 -1 978 -1
4 9.7850000000e+03 5.0000000000e+02 978 1979 1980 979 977 -1 979 -1
4 9.7950000000e+03 5.0000000000e+02 979 1980 1981 980 978 -1 980 -1
4 9.8050000000e+03 5.0000000000e+02 980 1981 1982 981 979 -1 981 -1
4 9.8150000000e+03 5.0000000000e+02 981 1982 1983 982 980 -1 982 -1
4 9.8250000000e+03 5.0000000000e+02 982 1983 1984 983 981 -1 983 -1
4 9.8350000000e+03 5.0000000000e+02 983 1984 1985 984 982 -1 984 -1
4 9.8450000000e+03 5.0000000000e+02 984 1985 1986 985 983 -1 985 -1
4 9.8550000000e+03 5.0000000000e+02 985 1986 1987 986 984 -1 986 -1
4 9.8650000000e+03 5.0000000000e+02 986 1987 1988 987 985 -1 987 -1
4 9.8750000000e+03 5.0000000000e+02 987 1988 1989 988 986 -1 988 -1
4 9.8850000000e+03 5.0000000000e+02 988 1989 1990 989 987 -1 989 -1
4 9.8950000000e+03 5.0000000000e+02 989 1990 1991 990 988 -1 990 -1
4 9.9050000000e+03 5.0000000000e+02 990 1991 1992 991 989 -1 991 -1
4 9.9150000000e+03 5.0000000000e+02 991 1992 1993 992 990 -1 992 -1
4 9.9250000000e+03 5.0000000000e+02 992 1993 1994 993 991 -1 993 -1
4 9.9350000000e+03 5.0000000000e+02 993 1994 1995 994 992 -1 994 -1
4 9.9450000000e+03 5.0000000000e+02 994 1995 1996 995 993 -1 995 -1
4 9.9550000000e+03 5.0000000000e+02 995 1996 1997 996 994 -1 996 -1
4 9.9650000000e+03 5.0000000000e+02 996 1997 1998 997 995 -1 997 -1
4 9.9750000000e+03 5.0000000000e+02 997 1998 1999 998 996 -1 998 -1
4 9.9850000000e+03 5.0000000000e+02 998 1999 2000 999 997 -1 999 -1
4 9.9950000000e+03 5.0000000000e+02 999 2000 2001 1000 998 -1 0 -1
