0 1001 0 999 0
1 1002 0 0 1
2 1003 0 1 2
3 1004 0 2 3
4 1005 0 3 4
5 1006 0 4 5
6 1007 0 5 6
7 1008 0 6 7
8 1009 0 7 8
9 1010 0 8 9
10 1011 0 9 10
11 1012 0 10 11
12 1013 0 11 12
13 1014 0 12 13
14 1015 0 13 14
15 1016 0 14 15
16 1017 0 15 16
17 1018 0 16 17
18 1019 0 17 18
19 1020 0 18 19
20 1021 0 19 20
21 1022 0 20 21
22 1023 0 21 22
23 1024 0 22 23
24 1025 0 23 24
25 1026 0 24 25
26 1027 0 25 26
27 1028 0 26 27
28 1029 0 27 28
29 1030 0 28 29
30 1031 0 29 30
31 1032 0 30 31
32 1033 0 31 32
33 1034 0 32 33
34 1035 0 33 34
35 1036 0 34 35
36 1037 0 35 36
37 1038 0 36 37
38 1039 0 37 38
39 1040 0 38 39
40 1041 0 39 40
41 1042 0 40 41
42 1043 0 41 42
43 1044 0 42 43
44 1045 0 43 44
45 1046 0 44 45
46 1047 0 45 46
47 1048 0 46 47
48 1049 0 47 48
49 1050 0 48 49
50 1051 0 49 50
51 1052 0 50 51
52 1053 0 51 52
53 1054 0 52 53
54 1055 0 53 54
55 1056 0 54 55
56 1057 0 55 56
57 1058 0 56 57
58 1059 0 57 58
59 1060 0 58 59
60 1061 0 59 60
61 1062 0 60 61
62 1063 0 61 62
63 1064 0 62 63
64 1065 0 63 64
65 1066 0 64 65
66 1067 0 65 66
67 1068 0 66 67
68 1069 0 67 68
69 1070 0 68 69
70 1071 0 69 70
71 1072 0 70 71
72 1073 0 71 72
73 1074 0 72 73
74 1075 0 73 74
75 1076 0 74 75
76 1077 0 75 76
77 1078 0 76 77
78 1079 0 77 78
79 1080 0 78 79
80 1081 0 79 80
81 1082 0 80 81
82 1083 0 81 82
83 1084 0 82 83
84 1085 0 83 84
85 1086 0 84 85
86 1087 0 85 86
87 1088 0 86 87
88 1089 0 87 88
89 1090 0 88 89
90 1091 0 89 90
91 1092 0 90 91
92 1093 0 91 92
93 1094 0 92 93
94 1095 0 93 94
95 1096 0 94 95
96 1097 0 95 96
97 1098 0 96 97
98 1099 0 97 98
99 1100 0 98 99
100 1101 0 99 100
101 1102 0 100 101
102 1103 0 101 102
103 1104 0 102 103
104 1105 0 103 104
105 1106 0 104 105
106 1107 0 105 106
107 1108 0 106 107
108 1109 0 107 108
109 1110 0 108 109
110 1111 0 109 110
111 1112 0 110 111
112 1113 0 111 112
113 1114 0 112 113
114 1115 0 113 114
115 1116 0 114 115
116 1117 0 115 116
117 1118 0 116 117
118 1119 0 117 118
119 1120 0 118 119
120 1121 0 119 120
121 1122 0 120 121
122 1123 0 121 122
123 1124 0 122 123
124 1125 0 123 124
125 1126 0 124 125
126 1127 0 125 126
127 1128 0 126 127
128 1129 0 127 128
129 1130 0 128 129
130 1131 0 129 130
131 1132 0 130 131
132 1133 0 131 132
133 1134 0 132 133
134 1135 0 133 134
135 1136 0 134 135
136 1137 0 135 136
137 1138 0 136 137
138 1139 0 137 138
139 1140 0 138 139
140 1141 0 139 140
141 1142 0 140 141
142 1143 0 141 142
143 1144 0 142 143
144 1145 0 143 144
145 1146 0 144 145
146 1147 0 145 146
147 1148 0 146 147
148 1149 0 147 148
149 1150 0 148 149
150 1151 0 149 150
151 1152 0 150 151
152 1153 0 151 152
153 1154 0 152 153
154 1155 0 153 154
155 1156 0 154 155
156 1157 0 155 156
157 1158 0 156 157
158 1159 0 157 158
159 1160 0 158 159
160 1161 0 159 160
161 1162 0 160 161
162 1163 0 161 162
163 1164 0 162 163
164 1165 0 163 164
165 1166 0 164 165
166 1167 0 165 166
167 1168 0 166 167
168 1169 0 167 168
169 1170 0 168 169
170 1171 0 169 170
171 1172 0 170 171
172 1173 0 171 172
173 1174 0 172 173
174 1175 0 173 174
175 1176 0 174 175
176 1177 0 175 176
177 1178 0 176 177
178 1179 0 177 178
179 1180 0 178 179
180 1181 0 179 180
181 1182 0 180 181
182 1183 0 181 182
183 1184 0 182 183
184 1185 0 183 184
185 1186 0 184 185
186 1187 0 185 186
187 1188 0 186 187
188 1189 0 187 188
189 1190 0 188 189
190 1191 0 189 190
191 1192 0 190 191
192 1193 0 191 192
193 1194 0 192 193
194 1195 0 193 194
195 1196 0 194 195
196 1197 0 195 196
197 1198 0 196 197
198 1199 0 197 198
199 1200 0 198 199
200 1201 0 199 200
201 1202 0 200 201
202 1203 0 201 202
203 1204 0 202 203
204 1205 0 203 204
205 1206 0 204 205
206 1207 0 205 206
207 1208 0 206 207
208 1209 0 207 208
209 1210 0 208 209
210 1211 0 209 210
211 1212 0 210 211
212 1213 0 211 212
213 1214 0 212 213
214 1215 0 213 214
215 1216 0 214 215
216 1217 0 215 216
217 1218 0 216 217
218 1219 0 217 218
219 1220 0 218 219
220 1221 0 219 220
221 1222 0 220 221
222 1223 0 221 222
223 1224 0 222 223
224 1225 0 223 224
225 1226 0 224 225
226 1227 0 225 226
227 1228 0 226 227
228 1229 0 227 228
229 1230 0 228 229
230 1231 0 229 230
231 1232 0 230 231
232 1233 0 231 232
233 1234 0 232 233
234 1235 0 233 234
235 1236 0 234 235
236 1237 0 235 236
237 1238 0 236 237
238 1239 0 237 238
239 1240 0 238 239
240 1241 0 239 240
241 1242 0 240 241
242 1243 0 241 242
243 1244 0 242 243
244 1245 0 243 244
245 1246 0 244 245
246 1247 0 245 246
247 1248 0 246 247
248 1249 0 247 248
249 1250 0 248 249
250 1251 0 249 250
251 1252 0 250 251
252 1253 0 251 252
253 1254 0 252 253
254 1255 0 253 254
255 1256 0 254 255
256 1257 0 255 256
257 1258 0 256 257
258 1259 0 257 258
259 1260 0 258 259
260 1261 0 259 260
261 1262 0 260 261
262 1263 0 261 262
263 1264 0 262 263
264 1265 0 263 264
265 1266 0 264 265
266 1267 0 265 266
267 1268 0 266 267
268 1269 0 267 268
269 1270 0 268 269
270 1271 0 269 270
271 1272 0 270 271
272 1273 0 271 272
273 1274 0 272 273
274 1275 0 273 274
275 1276 0 274 275
276 1277 0 275 276
277 1278 0 276 277
278 1279 0 277 278
279 1280 0 278 279
280 1281 0 279 280
281 1282 0 280 281
282 1283 0 281 282
283 1284 0 282 283
284 1285 0 283 284
285 1286 0 284 285
286 1287 0 285 286
287 1288 0 286 287
288 1289 0 287 288
289 1290 0 288 289
290 1291 0 289 290
291 1292 0 290 291
292 1293 0 291 292
293 1294 0 292 293
294 1295 0 293 294
295 1296 0 294 295
296 1297 0 295 296
297 1298 0 296 297
298 1299 0 297 298
299 1300 0 298 299
300 1301 0 299 300
301 1302 0 300 301
302 1303 0 301 302
303 1304 0 302 303
304 1305 0 303 304
305 1306 0 304 305
306 1307 0 305 306
307 1308 0 306 307
308 1309 0 307 308
309 1310 0 308 309
310 1311 0 309 310
311 1312 0 310 311
312 1313 0 311 312
313 1314 0 312 313
314 1315 0 313 314
315 1316 0 314 315
316 1317 0 315 316
317 1318 0 316 317
318 1319 0 317 318
319 1320 0 318 319
320 1321 0 319 320
321 1322 0 320 321
322 1323 0 321 322
323 1324 0 322 323
324 1325 0 323 324
325 1326 0 324 325
326 1327 0 325 326
327 1328 0 326 327
328 1329 0 327 328
329 1330 0 328 329
330 1331 0 329 330
331 1332 0 330 331
332 1333 0 331 332
333 1334 0 332 333
334 1335 0 333 334
335 1336 0 334 335
336 1337 0 335 336
337 1338 0 336 337
338 1339 0 337 338
339 1340 0 338 339
340 1341 0 339 340
341 1342 0 340 341
342 1343 0 341 342
343 1344 0 342 343
344 1345 0 343 344
345 1346 0 344 345
346 1347 0 345 346
347 1348 0 346 347
348 1349 0 347 348
349 1350 0 348 349
350 1351 0 349 350
351 1352 0 350 351
352 1353 0 351 352
353 1354 0 352 353
354 1355 0 353 354
355 1356 0 354 355
356 1357 0 355 356
357 1358 0 356 357
358 1359 0 357 358
359 1360 0 358 359
360 1361 0 359 360
361 1362 0 360 361
362 1363 0 361 362
363 1364 0 362 363
364 1365 0 363 364
365 1366 0 364 365
366 1367 0 365 366
367 1368 0 366 367
368 1369 0 367 368
369 1370 0 368 369
370 1371 0 369 370
371 1372 0 370 371
372 1373 0 371 372
373 1374 0 372 373
374 1375 0 373 374
375 1376 0 374 375
376 1377 0 375 376
377 1378 0 376 377
378 1379 0 377 378
379 1380 0 378 379
380 1381 0 379 380
381 1382 0 380 381
382 1383 0 381 382
383 1384 0 382 383
384 1385 0 383 384
385 1386 0 384 385
386 1387 0 385 386
387 1388 0 386 387
388 1389 0 387 388
389 1390 0 388 389
390 1391 0 389 390
391 1392 0 390 391
392 1393 0 391 392
393 1394 0 392 393
394 1395 0 393 394
395 1396 0 394 395
396 1397 0 395 396
397 1398 0 396 397
398 1399 0 397 398
399 1400 0 398 399
400 1401 0 399 400
401 1402 0 400 401
402 1403 0 401 402
403 1404 0 402 403
404 1405 0 403 404
405 1406 0 404 405
406 1407 0 405 406
407 1408 0 406 407
408 1409 0 407 408
409 1410 0 408 409
410 1411 0 409 410
411 1412 0 410 411
412 1413 0 411 412
413 1414 0 412 413
414 1415 0 413 414
415 1416 0 414 415
416 1417 0 415 416
417 1418 0 416 417
418 1419 0 417 418
419 1420 0 418 419
420 1421 0 419 420
421 1422 0 420 421
422 1423 0 421 422
423 1424 0 422 423
424 1425 0 423 424
425 1426 0 424 425
426 1427 0 425 426
427 1428 0 426 427
428 1429 0 427 428
429 1430 0 428 429
430 1431 0 429 430
431 1432 0 430 431
432 1433 0 431 432
433 1434 0 432 433
434 1435 0 433 434
435 1436 0 434 435
436 1437 0 435 436
437 1438 0 436 437
438 1439 0 437 438
439 1440 0 438 439
440 1441 0 439 440
441 1442 0 440 441
442 1443 0 441 442
443 1444 0 442 443
444 1445 0 443 444
445 1446 0 444 445
446 1447 0 445 446
447 1448 0 446 447
448 1449 0 447 448
449 1450 0 448 449
450 1451 0 449 450
451 1452 0 450 451
452 1453 0 451 452
453 1454 0 452 453
454 1455 0 453 454
455 1456 0 454 455
456 1457 0 455 456
457 1458 0 456 457
458 1459 0 457 458
459 1460 0 458 459
460 1461 0 459 460
461 1462 0 460 461
462 1463 0 461 462
463 1464 0 462 463
464 1465 0 463 464
465 1466 0 464 465
466 1467 0 465 466
467 1468 0 466 467
468 1469 0 467 468
469 1470 0 468 469
470 1471 0 469 470
471 1472 0 470 471
472 1473 0 471 472
473 1474 0 472 473
474 1475 0 473 474
475 1476 0 474 475
476 1477 0 475 476
477 1478 0 476 477
478 1479 0 477 478
479 1480 0 478 479
480 1481 0 479 480
481 1482 0 480 481
482 1483 0 481 482
483 1484 0 482 483
484 1485 0 483 484
485 1486 0 484 485
486 1487 0 485 486
487 1488 0 486 487
488 1489 0 487 488
489 1490 0 488 489
490 1491 0 489 490
491 1492 0 490 491
492 1493 0 491 492
493 1494 0 492 493
494 1495 0 493 494
495 1496 0 494 495
496 1497 0 495 496
497 1498 0 496 497
498 1499 0 497 498
499 1500 0 498 499
500 1501 0 499 500
501 1502 0 500 501
502 1503 0 501 502
503 1504 0 502 503
504 1505 0 503 504
505 1506 0 504 505
506 1507 0 505 506
507 1508 0 506 507
508 1509 0 507 508
509 1510 0 508 509
510 1511 0 509 510
511 1512 0 510 511
512 1513 0 511 512
513 1514 0 512 513
514 1515 0 513 514
515 1516 0 514 515
516 1517 0 515 516
517 1518 0 516 517
518 1519 0 517 518
519 1520 0 518 519
520 1521 0 519 520
521 1522 0 520 521
522 1523 0 521 522
523 1524 0 522 523
524 1525 0 523 524
525 1526 0 524 525
526 1527 0 525 526
527 1528 0 526 527
528 1529 0 527 528
529 1530 0 528 529
530 1531 0 529 530
531 1532 0 530 531
532 1533 0 531 532
533 1534 0 532 533
534 1535 0 533 534
535 1536 0 534 535
536 1537 0 535 536
537 1538 0 536 537
538 1539 0 537 538
539 1540 0 538 539
540 1541 0 539 540
541 1542 0 540 541
542 1543 0 541 542
543 1544 0 542 543
544 1545 0 543 544
545 1546 0 544 545
546 1547 0 545 546
547 1548 0 546 547
548 1549 0 547 548
549 1550 0 548 549
550 1551 0 549 550
551 1552 0 550 551
552 1553 0 551 552
553 1554 0 552 553
554 1555 0 553 554
555 1556 0 554 555
556 1557 0 555 556
557 1558 0 556 557
558 1559 0 557 558
559 1560 0 558 559
560 1561 0 559 560
561 1562 0 560 561
562 1563 0 561 562
563 1564 0 562 563
564 1565 0 563 564
565 1566 0 564 565
566 1567 0 565 566
567 1568 0 566 567
568 1569 0 567 568
569 1570 0 568 569
570 1571 0 569 570
571 1572 0 570 571
572 1573 0 571 572
573 1574 0 572 573
574 1575 0 573 574
575 1576 0 574 575
576 1577 0 575 576
577 1578 0 576 577
578 1579 0 577 578
579 1580 0 578 579
580 1581 0 579 580
581 1582 0 580 581
582 1583 0 581 582
583 1584 0 582 583
584 1585 0 583 584
585 1586 0 584 585
586 1587 0 585 586
587 1588 0 586 587
588 1589 0 587 588
589 1590 0 588 589
590 1591 0 589 590
591 1592 0 590 591
592 1593 0 591 592
593 1594 0 592 593
594 1595 0 593 594
595 1596 0 594 595
596 1597 0 595 596
597 1598 0 596 597
598 1599 0 597 598
599 1600 0 598 599
600 1601 0 599 600
601 1602 0 600 601
602 1603 0 601 602
603 1604 0 602 603
604 1605 0 603 604
605 1606 0 604 605
606 1607 0 605 606
607 1608 0 606 607
608 1609 0 607 608
609 1610 0 608 609
610 1611 0 609 610
611 1612 0 610 611
612 1613 0 611 612
613 1614 0 612 613
614 1615 0 613 614
615 1616 0 614 615
616 1617 0 615 616
617 1618 0 616 617
618 1619 0 617 618
619 1620 0 618 619
620 1621 0 619 620
621 1622 0 620 621
622 1623 0 621 622
623 1624 0 622 623
624 1625 0 623 624
625 1626 0 624 625
626 1627 0 625 626
627 1628 0 626 627
628 1629 0 627 628
629 1630 0 628 629
630 1631 0 629 630
631 1632 0 630 631
632 1633 0 631 632
633 1634 0 632 633
634 1635 0 633 634
635 1636 0 634 635
636 1637 0 635 636
637 1638 0 636 637
638 1639 0 637 638
639 1640 0 638 639
640 1641 0 639 640
641 1642 0 640 641
642 1643 0 641 642
643 1644 0 642 643
644 1645 0 643 644
645 1646 0 644 645
646 1647 0 645 646
647 1648 0 646 647
648 1649 0 647 648
649 1650 0 648 649
650 1651 0 649 650
651 1652 0 650 651
652 1653 0 651 652
653 1654 0 652 653
654 1655 0 653 654
655 1656 0 654 655
656 1657 0 655 656
657 1658 0 656 657
658 1659 0 657 658
659 1660 0 658 659
660 1661 0 659 660
661 1662 0 660 661
662 1663 0 661 662
663 1664 0 662 663
664 1665 0 663 664
665 1666 0 664 665
666 1667 0 665 666
667 1668 0 666 667
668 1669 0 667 668
669 1670 0 668 669
670 1671 0 669 670
671 1672 0 670 671
672 1673 0 671 672
673 1674 0 672 673
674 1675 0 673 674
675 1676 0 674 675
676 1677 0 675 676
677 1678 0 676 677
678 1679 0 677 678
679 1680 0 678 679
680 1681 0 679 680
681 1682 0 680 681
682 1683 0 681 682
683 1684 0 682 683
684 1685 0 683 684
685 1686 0 684 685
686 1687 0 685 686
687 1688 0 686 687
688 1689 0 687 688
689 1690 0 688 689
690 1691 0 689 690
691 1692 0 690 691
692 1693 0 691 692
693 1694 0 692 693
694 1695 0 693 694
695 1696 0 694 695
696 1697 0 695 696
697 1698 0 696 697
698 1699 0 697 698
699 1700 0 698 699
700 1701 0 699 700
701 1702 0 700 701
702 1703 0 701 702
703 1704 0 702 703
704 1705 0 703 704
705 1706 0 704 705
706 1707 0 705 706
707 1708 0 706 707
708 1709 0 707 708
709 1710 0 708 709
710 1711 0 709 710
711 1712 0 710 711
712 1713 0 711 712
713 1714 0 712 713
714 1715 0 713 714
715 1716 0 714 715
716 1717 0 715 716
717 1718 0 716 717
718 1719 0 717 718
719 1720 0 718 719
720 1721 0 719 720
721 1722 0 720 721
722 1723 0 721 722
723 1724 0 722 723
724 1725 0 723 724
725 1726 0 724 725
726 1727 0 725 726
727 1728 0 726 727
728 1729 0 727 728
729 1730 0 728 729
730 1731 0 729 730
731 1732 0 730 731
732 1733 0 731 732
733 1734 0 732 733
734 1735 0 733 734
735 1736 0 734 735
736 1737 0 735 736
737 1738 0 736 737
738 1739 0 737 738
739 1740 0 738 739
740 1741 0 739 740
741 1742 0 740 741
742 1743 0 741 742
743 1744 0 742 743
744 1745 0 743 744
745 1746 0 744 745
746 1747 0 745 746
747 1748 0 746 747
748 1749 0 747 748
749 1750 0 748 749
750 1751 0 749 750
751 1752 0 750 751
752 1753 0 751 752
753 1754 0 752 753
754 1755 0 753 754
755 1756 0 754 755
756 1757 0 755 756
757 1758 0 756 757
758 1759 0 757 758
759 1760 0 758 759
760 1761 0 759 760
761 1762 0 760 761
762 1763 0 761 762
763 1764 0 762 763
764 1765 0 763 764
765 1766 0 764 765
766 1767 0 765 766
767 1768 0 766 767
768 1769 0 767 768
769 1770 0 768 769
770 1771 0 769 770
771 1772 0 770 771
772 1773 0 771 772
773 1774 0 772 773
774 1775 0 773 774
775 1776 0 774 775
776 1777 0 775 776
777 1778 0 776 777
778 1779 0 777 778
779 1780 0 778 779
780 1781 0 779 780
781 1782 0 780 781
782 1783 0 781 782
783 1784 0 782 783
784 1785 0 783 784
785 1786 0 784 785
786 1787 0 785 786
787 1788 0 786 787
788 1789 0 787 788
789 1790 0 788 789
790 1791 0 789 790
791 1792 0 790 791
792 1793 0 791 792
793 1794 0 792 793
794 1795 0 793 794
795 1796 0 794 795
796 1797 0 795 796
797 1798 0 796 797
798 1799 0 797 798
799 1800 0 798 799
800 1801 0 799 800
801 1802 0 800 801
802 1803 0 801 802
803 1804 0 802 803
804 1805 0 803 804
805 1806 0 804 805
806 1807 0 805 806
807 1808 0 806 807
808 1809 0 807 808
809 1810 0 808 809
810 1811 0 809 810
811 1812 0 810 811
812 1813 0 811 812
813 1814 0 812 813
814 1815 0 813 814
815 1816 0 814 815
816 1817 0 815 816
817 1818 0 816 817
818 1819 0 817 818
819 1820 0 818 819
820 1821 0 819 820
821 1822 0 820 821
822 1823 0 821 822
823 1824 0 822 823
824 1825 0 823 824
825 1826 0 824 825
826 1827 0 825 826
827 1828 0 826 827
828 1829 0 827 828
829 1830 0 828 829
830 1831 0 829 830
831 1832 0 830 831
832 1833 0 831 832
833 1834 0 832 833
834 1835 0 833 834
835 1836 0 834 835
836 1837 0 835 836
837 1838 0 836 837
838 1839 0 837 838
839 1840 0 838 839
840 1841 0 839 840
841 1842 0 840 841
842 1843 0 841 842
843 1844 0 842 843
844 1845 0 843 844
845 1846 0 844 845
846 1847 0 845 846
847 1848 0 846 847
848 1849 0 847 848
849 1850 0 848 849
850 1851 0 849 850
851 1852 0 850 851
852 1853 0 851 852
853 1854 0 852 853
854 1855 0 853 854
855 1856 0 854 855
856 1857 0 855 856
857 1858 0 856 857
858 1859 0 857 858
859 1860 0 858 859
860 1861 0 859 860
861 1862 0 860 861
862 1863 0 861 862
863 1864 0 862 863
864 1865 0 863 864
865 1866 0 864 865
866 1867 0 865 866
867 1868 0 866 867
868 1869 0 867 868
869 1870 0 868 869
870 1871 0 869 870
871 1872 0 870 871
872 1873 0 871 872
873 1874 0 872 873
874 1875 0 873 874
875 1876 0 874 875
876 1877 0 875 876
877 1878 0 876 877
878 1879 0 877 878
879 1880 0 878 879
880 1881 0 879 880
881 1882 0 880 881
882 1883 0 881 882
883 1884 0 882 883
884 1885 0 883 884
885 1886 0 884 885
886 1887 0 885 886
887 1888 0 886 887
888 1889 0 887 888
889 1890 0 888 889
890 1891 0 889 890
891 1892 0 890 891
892 1893 0 891 892
893 1894 0 892 893
894 1895 0 893 894
895 1896 0 894 895
896 1897 0 895 896
897 1898 0 896 897
898 1899 0 897 898
899 1900 0 898 899
900 1901 0 899 900
901 1902 0 900 901
902 1903 0 901 902
903 1904 0 902 903
904 1905 0 903 904
905 1906 0 904 905
906 1907 0 905 906
907 1908 0 906 907
908 1909 0 907 908
909 1910 0 908 909
910 1911 0 909 910
911 1912 0 910 911
912 1913 0 911 912
913 1914 0 912 913
914 1915 0 913 914
915 1916 0 914 915
916 1917 0 915 916
917 1918 0 916 917
918 1919 0 917 918
919 1920 0 918 919
920 1921 0 919 920
921 1922 0 920 921
922 1923 0 921 922
923 1924 0 922 923
924 1925 0 923 924
925 1926 0 924 925
926 1927 0 925 926
927 1928 0 926 927
928 1929 0 927 928
929 1930 0 928 929
930 1931 0 929 930
931 1932 0 930 931
932 1933 0 931 932
933 1934 0 932 933
934 1935 0 933 934
935 1936 0 934 935
936 1937 0 935 936
937 1938 0 936 937
938 1939 0 937 938
939 1940 0 938 939
940 1941 0 939 940
941 1942 0 940 941
942 1943 0 941 942
943 1944 0 942 943
944 1945 0 943 944
945 1946 0 944 945
946 1947 0 945 946
947 1948 0 946 947
948 1949 0 947 948
949 1950 0 948 949
950 1951 0 949 950
951 1952 0 950 951
952 1953 0 951 952
953 1954 0 952 953
954 1955 0 953 954
955 1956 0 954 955
956 1957 0 955 956
957 1958 0 956 957
958 1959 0 957 958
959 1960 0 958 959
960 1961 0 959 960
961 1962 0 960 961
962 1963 0 961 962
963 1964 0 962 963
964 1965 0 963 964
965 1966 0 964 965
966 1967 0 965 966
967 1968 0 966 967
968 1969 0 967 968
969 1970 0 968 969
970 1971 0 969 970
971 1972 0 970 971
972 1973 0 971 972
973 1974 0 972 973
974 1975 0 973 974
975 1976 0 974 975
976 1977 0 975 976
977 1978 0 976 977
978 1979 0 977 978
979 1980 0 978 979
980 1981 0 979 980
981 1982 0 980 981
982 1983 0 981 982
983 1984 0 982 983
984 1985 0 983 984
985 1986 0 984 985
986 1987 0 985 986
987 1988 0 986 987
988 1989 0 987 988
989 1990 0 988 989
990 1991 0 989 990
991 1992 0 990 991
992 1993 0 991 992
993 1994 0 992 993
994 1995 0 993 994
995 1996 0 994 995
996 1997 0 995 996
997 1998 0 996 997
998 1999 0 997 998
999 2000 0 998 999
0 1 1 0 -1
1 2 1 1 -1
2 3 1 2 -1
3 4 1 3 -1
4 5 1 4 -1
5 6 1 5 -1
6 7 1 6 -1
7 8 1 7 -1
8 9 1 8 -1
9 10 1 9 -1
10 11 1 10 -1
11 12 1 11 -1
12 13 1 12 -1
13 14 1 13 -1
14 15 1 14 -1
15 16 1 15 -1
16 17 1 16 -1
17 18 1 17 -1
18 19 1 18 -1
19 20 1 19 -1
20 21 1 20 -1
21 22 1 21 -1
22 23 1 22 -1
23 24 1 23 -1
24 25 1 24 -1
25 26 1 25 -1
26 27 1 26 -1
27 28 1 27 -1
28 29 1 28 -1
29 30 1 29 -1
30 31 1 30 -1
31 32 1 31 -1
32 33 1 32 -1
33 34 1 33 -1
34 35 1 34 -1
35 36 1 35 -1
36 37 1 36 -1
37 38 1 37 -1
38 39 1 38 -1
39 40 1 39 -1
40 41 1 40 -1
41 42 1 41 -1
42 43 1 42 -1
43 44 1 43 -1
44 45 1 44 -1
45 46 1 45 -1
46 47 1 46 -1
47 48 1 47 -1
48 49 1 48 -1
49 50 1 49 -1
50 51 1 50 -1
51 52 1 51 -1
52 53 1 52 -1
53 54 1 53 -1
54 55 1 54 -1
55 56 1 55 -1
56 57 1 56 -1
57 58 1 57 -1
58 59 1 58 -1
59 60 1 59 -1
60 61 1 60 -1
61 62 1 61 -1
62 63 1 62 -1
63 64 1 63 -1
64 65 1 64 -1
65 66 1 65 -1
66 67 1 66 -1
67 68 1 67 -1
68 69 1 68 -1
69 70 1 69 -1
70 71 1 70 -1
71 72 1 71 -1
72 73 1 72 -1
73 74 1 73 -1
74 75 1 74 -1
75 76 1 75 -1
76 77 1 76 -1
77 78 1 77 -1
78 79 1 78 -1
79 80 1 79 -1
80 81 1 80 -1
81 82 1 81 -1
82 83 1 82 -1
83 84 1 83 -1
84 85 1 84 -1
85 86 1 85 -1
86 87 1 86 -1
87 88 1 87 -1
88 89 1 88 -1
89 90 1 89 -1
90 91 1 90 -1
91 92 1 91 -1
92 93 1 92 -1
93 94 1 93 -1
94 95 1 94 -1
95 96 1 95 -1
96 97 1 96 -1
97 98 1 97 -1
98 99 1 98 -1
99 100 1 99 -1
100 101 1 100 -1
101 102 1 101 -1
102 103 1 102 -1
103 104 1 103 -1
104 105 1 104 -1
105 106 1 105 -1
106 107 1 106 -1
107 108 1 107 -1
108 109 1 108 -1
109 110 1 109 -1
110 111 1 110 -1
111 112 1 111 -1
112 113 1 112 -1
113 114 1 113 -1
114 115 1 114 -1
115 116 1 115 -1
116 117 1 116 -1
117 118 1 117 -1
118 119 1 118 -1
119 120 1 119 -1
120 121 1 120 -1
121 122 1 121 -1
122 123 1 122 -1
123 124 1 123 -1
124 125 1 124 -1
125 126 1 125 -1
126 127 1 126 -1
127 128 1 127 -1
128 129 1 128 -1
129 130 1 129 -1
130 131 1 130 -1
131 132 1 131 -1
132 133 1 132 -1
133 134 1 133 -1
134 135 1 134 -1
135 136 1 135 -1
136 137 1 136 -1
137 138 1 137 -1
138 139 1 138 -1
139 140 1 139 -1
140 141 1 140 -1
141 142 1 141 -1
142 143 1 142 -1
143 144 1 143 -1
144 145 1 144 -1
145 146 1 145 -1
146 147 1 146 -1
147 148 1 147 -1
148 149 1 148 -1
149 150 1 149 -1
150 151 1 150 -1
151 152 1 151 -1
152 153 1 152 -1
153 154 1 153 -1
154 155 1 154 -1
155 156 1 155 -1
156 157 1 156 -1
157 158 1 157 -1
158 159 1 158 -1
159 160 1 159 -1
160 161 1 160 -1
161 162 1 161 -1
162 163 1 162 -1
163 164 1 163 -1
164 165 1 164 -1
165 166 1 165 -1
166 167 1 166 -1
167 168 1 167 -1
168 169 1 168 -1
169 170 1 169 -1
170 171 1 170 -1
171 172 1 171 -1
172 173 1 172 -1
173 174 1 173 -1
174 175 1 174 -1
175 176 1 175 -1
176 177 1 176 -1
177 178 1 177 -1
178 179 1 178 -1
179 180 1 179 -1
180 181 1 180 -1
181 182 1 181 -1
182 183 1 182 -1
183 184 1 183 -1
184 185 1 184 -1
185 186 1 185 -1
186 187 1 186 -1
187 188 1 187 -1
188 189 1 188 -1
189 190 1 189 -1
190 191 1 190 -1
191 192 1 191 -1
192 193 1 192 -1
193 194 1 193 -1
194 195 1 194 -1
195 196 1 195 -1
196 197 1 196 -1
197 198 1 197 -1
198 199 1 198 -1
199 200 1 199 -1
200 201 1 200 -1
201 202 1 201 -1
202 203 1 202 -1
203 204 1 203 -1
204 205 1 204 -1
205 206 1 205 -1
206 207 1 206 -1
207 208 1 207 -1
208 209 1 208 -1
209 210 1 209 -1
210 211 1 210 -1
211 212 1 211 -1
212 213 1 212 -1
213 214 1 213 -1
214 215 1 214 -1
215 216 1 215 -1
216 217 1 216 -1
217 218 1 217 -1
218 219 1 218 -1
219 220 1 219 -1
220 221 1 220 -1
221 222 1 221 -1
222 223 1 222 -1
223 224 1 223 -1
224 225 1 224 -1
225 226 1 225 -1
226 227 1 226 -1
227 228 1 227 -1
228 229 1 228 -1
229 230 1 229 -1
230 231 1 230 -1
231 232 1 231 -1
232 233 1 232 -1
233 234 1 233 -1
234 235 1 234 -1
235 236 1 235 -1
236 237 1 236 -1
237 238 1 237 -1
238 239 1 238 -1
239 240 1 239 -1
240 241 1 240 -1
241 242 1 241 -1
242 243 1 242 -1
243 244 1 243 -1
244 245 1 244 -1
245 246 1 245 -1
246 247 1 246 -1
247 248 1 247 -1
248 249 1 248 -1
249 250 1 249 -1
250 251 1 250 -1
251 252 1 251 -1
252 253 1 252 -1
253 254 1 253 -1
254 255 1 254 -1
255 256 1 255 -1
256 257 1 256 -1
257 258 1 257 -1
258 259 1 258 -1
259 260 1 259 -1
260 261 1 260 -1
261 262 1 261 -1
262 263 1 262 -1
263 264 1 263 -1
264 265 1 264 -1
265 266 1 265 -1
266 267 1 266 -1
267 268 1 267 -1
268 269 1 268 -1
269 270 1 269 -1
270 271 1 270 -1
271 272 1 271 -1
272 273 1 272 -1
273 274 1 273 -1
274 275 1 274 -1
275 276 1 275 -1
276 277 1 276 -1
277 278 1 277 -1
278 279 1 278 -1
279 280 1 279 -1
280 281 1 280 -1
281 282 1 281 -1
282 283 1 282 -1
283 284 1 283 -1
284 285 1 284 -1
285 286 1 285 -1
286 287 1 286 -1
287 288 1 287 -1
288 289 1 288 -1
289 290 1 289 -1
290 291 1 290 -1
291 292 1 291 -1
292 293 1 292 -1
293 294 1 293 -1
294 295 1 294 -1
295 296 1 295 -1
296 297 1 296 -1
297 298 1 297 -1
298 299 1 298 -1
299 300 1 299 -1
300 301 1 300 -1
301 302 1 301 -1
302 303 1 302 -1
303 304 1 303 -1
304 305 1 304 -1
305 306 1 305 -1
306 307 1 306 -1
307 308 1 307 -1
308 309 1 308 -1
309 310 1 309 -1
310 311 1 310 -1
311 312 1 311 -1
312 313 1 312 -1
313 314 1 313 -1
314 315 1 314 -1
315 316 1 315 -1
316 317 1 316 -1
317 318 1 317 -1
318 319 1 318 -1
319 320 1 319 -1
320 321 1 320 -1
321 322 1 321 -1
322 323 1 322 -1
323 324 1 323 -1
324 325 1 324 -1
325 326 1 325 -1
326 327 1 326 -1
327 328 1 327 -1
328 329 1 328 -1
329 330 1 329 -1
330 331 1 330 -1
331 332 1 331 -1
332 333 1 332 -1
333 334 1 333 -1
334 335 1 334 -1
335 336 1 335 -1
336 337 1 336 -1
337 338 1 337 -1
338 339 1 338 -1
339 340 1 339 -1
340 341 1 340 -1
341 342 1 341 -1
342 343 1 342 -1
343 344 1 343 -1
344 345 1 344 -1
345 346 1 345 -1
346 347 1 346 -1
347 348 1 347 -1
348 349 1 348 -1
349 350 1 349 -1
350 351 1 350 -1
351 352 1 351 -1
352 353 1 352 -1
353 354 1 353 -1
354 355 1 354 -1
355 356 1 355 -1
356 357 1 356 -1
357 358 1 357 -1
358 359 1 358 -1
359 360 1 359 -1
360 361 1 360 -1
361 362 1 361 -1
362 363 1 362 -1
363 364 1 363 -1
364 365 1 364 -1
365 366 1 365 -1
366 367 1 366 -1
367 368 1 367 -1
368 369 1 368 -1
369 370 1 369 -1
370 371 1 370 -1
371 372 1 371 -1
372 373 1 372 -1
373 374 1 373 -1
374 375 1 374 -1
375 376 1 375 -1
376 377 1 376 -1
377 378 1 377 -1
378 379 1 378 -1
379 380 1 379 -1
380 381 1 380 -1
381 382 1 381 -1
382 383 1 382 -1
383 384 1 383 -1
384 385 1 384 -1
385 386 1 385 -1
386 387 1 386 -1
387 388 1 387 -1
388 389 1 388 -1
389 390 1 389 -1
390 391 1 390 -1
391 392 1 391 -1
392 393 1 392 -1
393 394 1 393 -1
394 395 1 394 -1
395 396 1 395 -1
396 397 1 396 -1
397 398 1 397 -1
398 399 1 398 -1
399 400 1 399 -1
400 401 1 400 -1
401 402 1 401 -1
402 403 1 402 -1
403 404 1 403 -1
404 405 1 404 -1
405 406 1 405 -1
406 407 1 406 -1
407 408 1 407 -1
408 409 1 408 -1
409 410 1 409 -1
410 411 1 410 -1
411 412 1 411 -1
412 413 1 412 -1
413 414 1 413 -1
414 415 1 414 -1
415 416 1 415 -1
416 417 1 416 -1
417 418 1 417 -1
418 419 1 418 -1
419 420 1 419 -1
420 421 1 420 -1
421 422 1 421 -1
422 423 1 422 -1
423 424 1 423 -1
424 425 1 424 -1
425 426 1 425 -1
426 427 1 426 -1
427 428 1 427 -1
428 429 1 428 -1
429 430 1 429 -1
430 431 1 430 -1
431 432 1 431 -1
432 433 1 432 -1
433 434 1 433 -1
434 435 1 434 -1
435 436 1 435 -1
436 437 1 436 -1
437 438 1 437 -1
438 439 1 438 -1
439 440 1 439 -1
440 441 1 440 -1
441 442 1 441 -1
442 443 1 442 -1
443 444 1 443 -1
444 445 1 444 -1
445 446 1 445 -1
446 447 1 446 -1
447 448 1 447 -1
448 449 1 448 -1
449 450 1 449 -1
450 451 1 450 -1
451 452 1 451 -1
452 453 1 452 -1
453 454 1 453 -1
454 455 1 454 -1
455 456 1 455 -1
456 457 1 456 -1
457 458 1 457 -1
458 459 1 458 -1
459 460 1 459 -1
460 461 1 460 -1
461 462 1 461 -1
462 463 1 462 -1
463 464 1 463 -1
464 465 1 464 -1
465 466 1 465 -1
466 467 1 466 -1
467 468 1 467 -1
468 469 1 468 -1
469 470 1 469 -1
470 471 1 470 -1
471 472 1 471 -1
472 473 1 472 -1
473 474 1 473 -1
474 475 1 474 -1
475 476 1 475 -1
476 477 1 476 -1
477 478 1 477 -1
478 479 1 478 -1
479 480 1 479 -1
480 481 1 480 -1
481 482 1 481 -1
482 483 1 482 -1
483 484 1 483 -1
484 485 1 484 -1
485 486 1 485 -1
486 487 1 486 -1
487 488 1 487 -1
488 489 1 488 -1
489 490 1 489 -1
490 491 1 490 -1
491 492 1 491 -1
492 493 1 492 -1
493 494 1 493 -1
494 495 1 494 -1
495 496 1 495 -1
496 497 1 496 -1
497 498 1 497 -1
498 499 1 498 -1
499 500 1 499 -1
500 501 1 500 -1
501 502 1 501 -1
502 503 1 502 -1
503 504 1 503 -1
504 505 1 504 -1
505 506 1 505 -1
506 507 1 506 -1
507 508 1 507 -1
508 509 1 508 -1
509 510 1 509 -1
510 511 1 510 -1
511 512 1 511 -1
512 513 1 512 -1
513 514 1 513 -1
514 515 1 514 -1
515 516 1 515 -1
516 517 1 516 -1
517 518 1 517 -1
518 519 1 518 -1
519 520 1 519 -1
520 521 1 520 -1
521 522 1 521 -1
522 523 1 522 -1
523 524 1 523 -1
524 525 1 524 -1
525 526 1 525 -1
526 527 1 526 -1
527 528 1 527 -1
528 529 1 528 -1
529 530 1 529 -1
530 531 1 530 -1
531 532 1 531 -1
532 533 1 532 -1
533 534 1 533 -1
534 535 1 534 -1
535 536 1 535 -1
536 537 1 536 -1
537 538 1 537 -1
538 539 1 538 -1
539 540 1 539 -1
540 541 1 540 -1
541 542 1 541 -1
542 543 1 542 -1
543 544 1 543 -1
544 545 1 544 -1
545 546 1 545 -1
546 547 1 546 -1
547 548 1 547 -1
548 549 1 548 -1
549 550 1 549 -1
550 551 1 550 -1
551 552 1 551 -1
552 553 1 552 -1
553 554 1 553 -1
554 555 1 554 -1
555 556 1 555 -1
556 557 1 556 -1
557 558 1 557 -1
558 559 1 558 -1
559 560 1 559 -1
560 561 1 560 -1
561 562 1 561 -1
562 563 1 562 -1
563 564 1 563 -1
564 565 1 564 -1
565 566 1 565 -1
566 567 1 566 -1
567 568 1 567 -1
568 569 1 568 -1
569 570 1 569 -1
570 571 1 570 -1
571 572 1 571 -1
572 573 1 572 -1
573 574 1 573 -1
574 575 1 574 -1
575 576 1 575 -1
576 577 1 576 -1
577 578 1 577 -1
578 579 1 578 -1
579 580 1 579 -1
580 581 1 580 -1
581 582 1 581 -1
582 583 1 582 -1
583 584 1 583 -1
584 585 1 584 -1
585 586 1 585 -1
586 587 1 586 -1
587 588 1 587 -1
588 589 1 588 -1
589 590 1 589 -1
590 591 1 590 -1
591 592 1 591 -1
592 593 1 592 -1
593 594 1 593 -1
594 595 1 594 -1
595 596 1 595 -1
596 597 1 596 -1
597 598 1 597 -1
598 599 1 598 -1
599 600 1 599 -1
600 601 1 600 -1
601 602 1 601 -1
602 603 1 602 -1
603 604 1 603 -1
604 605 1 604 -1
605 606 1 605 -1
606 607 1 606 -1
607 608 1 607 -1
608 609 1 608 -1
609 610 1 609 -1
610 611 1 610 -1
611 612 1 611 -1
612 613 1 612 -1
613 614 1 613 -1
614 615 1 614 -1
615 616 1 615 -1
616 617 1 616 -1
617 618 1 617 -1
618 619 1 618 -1
619 620 1 619 -1
620 621 1 620 -1
621 622 1 621 -1
622 623 1 622 -1
623 624 1 623 -1
624 625 1 624 -1
625 626 1 625 -1
626 627 1 626 -1
627 628 1 627 -1
628 629 1 628 -1
629 630 1 629 -1
630 631 1 630 -1
631 632 1 631 -1
632 633 1 632 -1
633 634 1 633 -1
634 635 1 634 -1
635 636 1 635 -1
636 637 1 636 -1
637 638 1 637 -1
638 639 1 638 -1
639 640 1 639 -1
640 641 1 640 -1
641 642 1 641 -1
642 643 1 642 -1
643 644 1 643 -1
644 645 1 644 -1
645 646 1 645 -1
646 647 1 646 -1
647 648 1 647 -1
648 649 1 648 -1
649 650 1 649 -1
650 651 1 650 -1
651 652 1 651 -1
652 653 1 652 -1
653 654 1 653 -1
654 655 1 654 -1
655 656 1 655 -1
656 657 1 656 -1
657 658 1 657 -1
658 659 1 658 -1
659 660 1 659 -1
660 661 1 660 -1
661 662 1 661 -1
662 663 1 662 -1
663 664 1 663 -1
664 665 1 664 -1
665 666 1 665 -1
666 667 1 666 -1
667 668 1 667 -1
668 669 1 668 -1
669 670 1 669 -1
670 671 1 670 -1
671 672 1 671 -1
672 673 1 672 -1
673 674 1 673 -1
674 675 1 674 -1
675 676 1 675 -1
676 677 1 676 -1
677 678 1 677 -1
678 679 1 678 -1
679 680 1 679 -1
680 681 1 680 -1
681 682 1 681 -1
682 683 1 682 -1
683 684 1 683 -1
684 685 1 684 -1
685 686 1 685 -1
686 687 1 686 -1
687 688 1 687 -1
688 689 1 688 -1
689 690 1 689 -1
690 691 1 690 -1
691 692 1 691 -1
692 693 1 692 -1
693 694 1 693 -1
694 695 1 694 -1
695 696 1 695 -1
696 697 1 696 -1
697 698 1 697 -1
698 699 1 698 -1
699 700 1 699 -1
700 701 1 700 -1
701 702 1 701 -1
702 703 1 702 -1
703 704 1 703 -1
704 705 1 704 -1
705 706 1 705 -1
706 707 1 706 -1
707 708 1 707 -1
708 709 1 708 -1
709 710 1 709 -1
710 711 1 710 -1
711 712 1 711 -1
712 713 1 712 -1
713 714 1 713 -1
714 715 1 714 -1
715 716 1 715 -1
716 717 1 716 -1
717 718 1 717 -1
718 719 1 718 -1
719 720 1 719 -1
720 721 1 720 -1
721 722 1 721 -1
722 723 1 722 -1
723 724 1 723 -1
724 725 1 724 -1
725 726 1 725 -1
726 727 1 726 -1
727 728 1 727 -1
728 729 1 728 -1
729 730 1 729 -1
730 731 1 730 -1
731 732 1 731 -1
732 733 1 732 -1
733 734 1 733 -1
734 735 1 734 -1
735 736 1 735 -1
736 737 1 736 -1
737 738 1 737 -1
738 739 1 738 -1
739 740 1 739 -1
740 741 1 740 -1
741 742 1 741 -1
742 743 1 742 -1
743 744 1 743 -1
744 745 1 744 -1
745 746 1 745 -1
746 747 1 746 -1
747 748 1 747 -1
748 749 1 748 -1
749 750 1 749 -1
750 751 1 750 -1
751 752 1 751 -1
752 753 1 752 -1
753 754 1 753 -1
754 755 1 754 -1
755 756 1 755 -1
756 757 1 756 -1
757 758 1 757 -1
758 759 1 758 -1
759 760 1 759 -1
760 761 1 760 -1
761 762 1 761 -1
762 763 1 762 -1
763 764 1 763 -1
764 765 1 764 -1
765 766 1 765 -1
766 767 1 766 -1
767 768 1 767 -1
768 769 1 768 -1
769 770 1 769 -1
770 771 1 770 -1
771 772 1 771 -1
772 773 1 772 -1
773 774 1 773 -1
774 775 1 774 -1
775 776 1 775 -1
776 777 1 776 -1
777 778 1 777 -1
778 779 1 778 -1
779 780 1 779 -1
780 781 1 780 -1
781 782 1 781 -1
782 783 1 782 -1
783 784 1 783 -1
784 785 1 784 -1
785 786 1 785 -1
786 787 1 786 -1
787 788 1 787 -1
788 789 1 788 -1
789 790 1 789 -1
790 791 1 790 -1
791 792 1 791 -1
792 793 1 792 -1
793 794 1 793 -1
794 795 1 794 -1
795 796 1 795 -1
796 797 1 796 -1
797 798 1 797 -1
798 799 1 798 -1
799 800 1 799 -1
800 801 1 800 -1
801 802 1 801 -1
802 803 1 802 -1
803 804 1 803 -1
804 805 1 804 -1
805 806 1 805 -1
806 807 1 806 -1
807 808 1 807 -1
808 809 1 808 -1
809 810 1 809 -1
810 811 1 810 -1
811 812 1 811 -1
812 813 1 812 -1
813 814 1 813 -1
814 815 1 814 -1
815 816 1 815 -1
816 817 1 816 -1
817 818 1 817 -1
818 819 1 818 -1
819 820 1 819 -1
820 821 1 820 -1
821 822 1 821 -1
822 823 1 822 -1
823 824 1 823 -1
824 825 1 824 -1
825 826 1 825 -1
826 827 1 826 -1
827 828 1 827 -1
828 829 1 828 -1
829 830 1 829 -1
830 831 1 830 -1
831 832 1 831 -1
832 833 1 832 -1
833 834 1 833 -1
834 835 1 834 -1
835 836 1 835 -1
836 837 1 836 -1
837 838 1 837 -1
838 839 1 838 -1
839 840 1 839 -1
840 841 1 840 -1
841 842 1 841 -1
842 843 1 842 -1
843 844 1 843 -1
844 845 1 844 -1
845 846 1 845 -1
846 847 1 846 -1
847 848 1 847 -1
848 849 1 848 -1
849 850 1 849 -1
850 851 1 850 -1
851 852 1 851 -1
852 853 1 852 -1
853 854 1 853 -1
854 855 1 854 -1
855 856 1 855 -1
856 857 1 856 -1
857 858 1 857 -1
858 859 1 858 -1
859 860 1 859 -1
860 861 1 860 -1
861 862 1 861 -1
862 863 1 862 -1
863 864 1 863 -1
864 865 1 864 -1
865 866 1 865 -1
866 867 1 866 -1
867 868 1 867 -1
868 869 1 868 -1
869 870 1 869 -1
870 871 1 870 -1
871 872 1 871 -1
872 873 1 872 -1
873 874 1 873 -1
874 875 1 874 -1
875 876 1 875 -1
876 877 1 876 -1
877 878 1 877 -1
878 879 1 878 -1
879 880 1 879 -1
880 881 1 880 -1
881 882 1 881 -1
882 883 1 882 -1
883 884 1 883 -1
884 885 1 884 -1
885 886 1 885 -1
886 887 1 886 -1
887 888 1 887 -1
888 889 1 888 -1
889 890 1 889 -1
890 891 1 890 -1
891 892 1 891 -1
892 893 1 892 -1
893 894 1 893 -1
894 895 1 894 -1
895 896 1 895 -1
896 897 1 896 -1
897 898 1 897 -1
898 899 1 898 -1
899 900 1 899 -1
900 901 1 900 -1
901 902 1 901 -1
902 903 1 902 -1
903 904 1 903 -1
904 905 1 904 -1
905 906 1 905 -1
906 907 1 906 -1
907 908 1 907 -1
908 909 1 908 -1
909 910 1 909 -1
910 911 1 910 -1
911 912 1 911 -1
912 913 1 912 -1
913 914 1 913 -1
914 915 1 914 -1
915 916 1 915 -1
916 917 1 916 -1
917 918 1 917 -1
918 919 1 918 -1
919 920 1 919 -1
920 921 1 920 -1
921 922 1 921 -1
922 923 1 922 -1
923 924 1 923 -1
924 925 1 924 -1
925 926 1 925 -1
926 927 1 926 -1
927 928 1 927 -1
928 929 1 928 -1
929 930 1 929 -1
930 931 1 930 -1
931 932 1 931 -1
932 933 1 932 -1
933 934 1 933 -1
934 935 1 934 -1
935 936 1 935 -1
936 937 1 936 -1
937 938 1 937 -1
938 939 1 938 -1
939 940 1 939 -1
940 941 1 940 -1
941 942 1 941 -1
942 943 1 942 -1
943 944 1 943 -1
944 945 1 944 -1
945 946 1 945 -1
946 947 1 946 -1
947 948 1 947 -1
948 949 1 948 -1
949 950 1 949 -1
950 951 1 950 -1
951 952 1 951 -1
952 953 1 952 -1
953 954 1 953 -1
954 955 1 954 -1
955 956 1 955 -1
956 957 1 956 -1
957 958 1 957 -1
958 959 1 958 -1
959 960 1 959 -1
960 961 1 960 -1
961 962 1 961 -1
962 963 1 962 -1
963 964 1 963 -1
964 965 1 964 -1
965 966 1 965 -1
966 967 1 966 -1
967 968 1 967 -1
968 969 1 968 -1
969 970 1 969 -1
970 971 1 970 -1
971 972 1 971 -1
972 973 1 972 -1
973 974 1 973 -1
974 975 1 974 -1
975 976 1 975 -1
976 977 1 976 -1
977 978 1 977 -1
978 979 1 978 -1
979 980 1 979 -1
980 981 1 980 -1
981 982 1 981 -1
982 983 1 982 -1
983 984 1 983 -1
984 985 1 984 -1
985 986 1 985 -1
986 987 1 986 -1
987 988 1 987 -1
988 989 1 988 -1
989 990 1 989 -1
990 991 1 990 -1
991 992 1 991 -1
992 993 1 992 -1
993 994 1 993 -1
994 995 1 994 -1
995 996 1 995 -1
996 997 1 996 -1
997 998 1 997 -1
998 999 1 998 -1
999 1000 1 999 -1
1001 1002 1 0 -1
1002 1003 1 1 -1
1003 1004 1 2 -1
1004 1005 1 3 -1
1005 1006 1 4 -1
1006 1007 1 5 -1
1007 1008 1 6 -1
1008 1009 1 7 -1
1009 1010 1 8 -1
1010 1011 1 9 -1
1011 1012 1 10 -1
1012 1013 1 11 -1
1013 1014 1 12 -1
1014 1015 1 13 -1
1015 1016 1 14 -1
1016 1017 1 15 -1
1017 1018 1 16 -1
1018 1019 1 17 -1
1019 1020 1 18 -1
1020 1021 1 19 -1
1021 1022 1 20 -1
1022 1023 1 21 -1
1023 1024 1 22 -1
1024 1025 1 23 -1
1025 1026 1 24 -1
1026 1027 1 25 -1
1027 1028 1 26 -1
1028 1029 1 27 -1
1029 1030 1 28 -1
1030 1031 1 29 -1
1031 1032 1 30 -1
1032 1033 1 31 -1
1033 1034 1 32 -1
1034 1035 1 33 -1
1035 1036 1 34 -1
1036 1037 1 35 -1
1037 1038 1 36 -1
1038 1039 1 37 -1
1039 1040 1 38 -1
1040 1041 1 39 -1
1041 1042 1 40 -1
1042 1043 1 41 -1
1043 1044 1 42 -1
1044 1045 1 43 -1
1045 1046 1 44 -1
1046 1047 1 45 -1
1047 1048 1 46 -1
1048 1049 1 47 -1
1049 1050 1 48 -1
1050 1051 1 49 -1
1051 1052 1 50 -1
1052 1053 1 51 -1
1053 1054 1 52 -1
1054 1055 1 53 -1
1055 1056 1 54 -1
1056 1057 1 55 -1
1057 1058 1 56 -1
1058 1059 1 57 -1
1059 1060 1 58 -1
1060 1061 1 59 -1
1061 1062 1 60 -1
1062 1063 1 61 -1
1063 1064 1 62 -1
1064 1065 1 63 -1
1065 1066 1 64 -1
1066 1067 1 65 -1
1067 1068 1 66 -1
1068 1069 1 67 -1
1069 1070 1 68 -1
1070 1071 1 69 -1
1071 1072 1 70 -1
1072 1073 1 71 -1
1073 1074 1 72 -1
1074 1075 1 73 -1
1075 1076 1 74 -1
1076 1077 1 75 -1
1077 1078 1 76 -1
1078 1079 1 77 -1
1079 1080 1 78 -1
1080 1081 1 79 -1
1081 1082 1 80 -1
1082 1083 1 81 -1
1083 1084 1 82 -1
1084 1085 1 83 -1
1085 1086 1 84 -1
1086 1087 1 85 -1
1087 1088 1 86 -1
1088 1089 1 87 -1
1089 1090 1 88 -1
1090 1091 1 89 -1
1091 1092 1 90 -1
1092 1093 1 91 -1
1093 1094 1 92 -1
1094 1095 1 93 -1
1095 1096 1 94 -1
1096 1097 1 95 -1
1097 1098 1 96 -1
1098 1099 1 97 -1
1099 1100 1 98 -1
1100 1101 1 99 -1
1101 1102 1 100 -1
1102 1103 1 101 -1
1103 1104 1 102 -1
1104 1105 1 103 -1
1105 1106 1 104 -1
1106 1107 1 105 -1
1107 1108 1 106 -1
1108 1109 1 107 -1
1109 1110 1 108 -1
1110 1111 1 109 -1
1111 1112 1 110 -1
1112 1113 1 111 -1
1113 1114 1 112 -1
1114 1115 1 113 -1
1115 1116 1 114 -1
1116 1117 1 115 -1
1117 1118 1 116 -1
1118 1119 1 117 -1
1119 1120 1 118 -1
1120 1121 1 119 -1
1121 1122 1 120 -1
1122 1123 1 121 -1
1123 1124 1 122 -1
1124 1125 1 123 -1
1125 1126 1 124 -1
1126 1127 1 125 -1
1127 1128 1 126 -1
1128 1129 1 127 -1
1129 1130 1 128 -1
1130 1131 1 129 -1
1131 1132 1 130 -1
1132 1133 1 131 -1
1133 1134 1 132 -1
1134 1135 1 133 -1
1135 1136 1 134 -1
1136 1137 1 135 -1
1137 1138 1 136 -1
1138 1139 1 137 -1
1139 1140 1 138 -1
1140 1141 1 139 -1
1141 1142 1 140 -1
1142 1143 1 141 -1
1143 1144 1 142 -1
1144 1145 1 143 -1
1145 1146 1 144 -1
1146 1147 1 145 -1
1147 1148 1 146 -1
1148 1149 1 147 -1
1149 1150 1 148 -1
1150 1151 1 149 -1
1151 1152 1 150 -1
1152 1153 1 151 -1
1153 1154 1 152 -1
1154 1155 1 153 -1
1155 1156 1 154 -1
1156 1157 1 155 -1
1157 1158 1 156 -1
1158 1159 1 157 -1
1159 1160 1 158 -1
1160 1161 1 159 -1
1161 1162 1 160 -1
1162 1163 1 161 -1
1163 1164 1 162 -1
1164 1165 1 163 -1
1165 1166 1 164 -1
1166 1167 1 165 -1
1167 1168 1 166 -1
1168 1169 1 167 -1
1169 1170 1 168 -1
1170 1171 1 169 -1
1171 1172 1 170 -1
1172 1173 1 171 -1
1173 1174 1 172 -1
1174 1175 1 173 -1
1175 1176 1 174 -1
1176 1177 1 175 -1
1177 1178 1 176 -1
1178 1179 1 177 -1
1179 1180 1 178 -1
1180 1181 1 179 -1
1181 1182 1 180 -1
1182 1183 1 181 -1
1183 1184 1 182 -1
1184 1185 1 183 -1
1185 1186 1 184 -1
1186 1187 1 185 -1
1187 1188 1 186 -1
1188 1189 1 187 -1
1189 1190 1 188 -1
1190 1191 1 189 -1
1191 1192 1 190 -1
1192 1193 1 191 -1
1193 1194 1 192 -1
1194 1195 1 193 -1
1195 1196 1 194 -1
1196 1197 1 195 -1
1197 1198 1 196 -1
1198 1199 1 197 -1
1199 1200 1 198 -1
1200 1201 1 199 -1
1201 1202 1 200 -1
1202 1203 1 201 -1
1203 1204 1 202 -1
1204 1205 1 203 -1
1205 1206 1 204 -1
1206 1207 1 205 -1
1207 1208 1 206 -1
1208 1209 1 207 -1
1209 1210 1 208 -1
1210 1211 1 209 -1
1211 1212 1 210 -1
1212 1213 1 211 -1
1213 1214 1 212 -1
1214 1215 1 213 -1
1215 1216 1 214 -1
1216 1217 1 215 -1
1217 1218 1 216 -1
1218 1219 1 217 -1
1219 1220 1 218 -1
1220 1221 1 219 -1
1221 1222 1 220 -1
1222 1223 1 221 -1
1223 1224 1 222 -1
1224 1225 1 223 -1
1225 1226 1 224 -1
1226 1227 1 225 -1
1227 1228 1 226 -1
1228 1229 1 227 -1
1229 1230 1 228 -1
1230 1231 1 229 -1
1231 1232 1 230 -1
1232 1233 1 231 -1
1233 1234 1 232 -1
1234 1235 1 233 -1
1235 1236 1 234 -1
1236 1237 1 235 -1
1237 1238 1 236 -1
1238 1239 1 237 -1
1239 1240 1 238 -1
1240 1241 1 239 -1
1241 1242 1 240 -1
1242 1243 1 241 -1
1243 1244 1 242 -1
1244 1245 1 243 -1
1245 1246 1 244 -1
1246 1247 1 245 -1
1247 1248 1 246 -1
1248 1249 1 247 -1
1249 1250 1 248 -1
1250 1251 1 249 -1
1251 1252 1 250 -1
1252 1253 1 251 -1
1253 1254 1 252 -1
1254 1255 1 253 -1
1255 1256 1 254 -1
1256 1257 1 255 -1
1257 1258 1 256 -1
1258 1259 1 257 -1
1259 1260 1 258 -1
1260 1261 1 259 -1
1261 1262 1 260 -1
1262 1263 1 261 -1
1263 1264 1 262 -1
1264 1265 1 263 -1
1265 1266 1 264 -1
1266 1267 1 265 -1
1267 1268 1 266 -1
1268 1269 1 267 -1
1269 1270 1 268 -1
1270 1271 1 269 -1
1271 1272 1 270 -1
1272 1273 1 271 -1
1273 1274 1 272 -1
1274 1275 1 273 -1
1275 1276 1 274 -1
1276 1277 1 275 -1
1277 1278 1 276 -1
1278 1279 1 277 -1
1279 1280 1 278 -1
1280 1281 1 279 -1
1281 1282 1 280 -1
1282 1283 1 281 -1
1283 1284 1 282 -1
1284 1285 1 283 -1
1285 1286 1 284 -1
1286 1287 1 285 -1
1287 1288 1 286 -1
1288 1289 1 287 -1
1289 1290 1 288 -1
1290 1291 1 289 -1
1291 1292 1 290 -1
1292 1293 1 291 -1
1293 1294 1 292 -1
1294 1295 1 293 -1
1295 1296 1 294 -1
1296 1297 1 295 -1
1297 1298 1 296 -1
1298 1299 1 297 -1
1299 1300 1 298 -1
1300 1301 1 299 -1
1301 1302 1 300 -1
1302 1303 1 301 -1
1303 1304 1 302 -1
1304 1305 1 303 -1
1305 1306 1 304 -1
1306 1307 1 305 -1
1307 1308 1 306 -1
1308 1309 1 307 -1
1309 1310 1 308 -1
1310 1311 1 309 -1
1311 1312 1 310 -1
1312 1313 1 311 -1
1313 1314 1 312 -1
1314 1315 1 313 -1
1315 1316 1 314 -1
1316 1317 1 315 -1
1317 1318 1 316 -1
1318 1319 1 317 -1
1319 1320 1 318 -1
1320 1321 1 319 -1
1321 1322 1 320 -1
1322 1323 1 321 -1
1323 1324 1 322 -1
1324 1325 1 323 -1
1325 1326 1 324 -1
1326 1327 1 325 -1
1327 1328 1 326 -1
1328 1329 1 327 -1
1329 1330 1 328 -1
1330 1331 1 329 -1
1331 1332 1 330 -1
1332 1333 1 331 -1
1333 1334 1 332 -1
1334 1335 1 333 -1
1335 1336 1 334 -1
1336 1337 1 335 -1
1337 1338 1 336 -1
1338 1339 1 337 -1
1339 1340 1 338 -1
1340 1341 1 339 -1
1341 1342 1 340 -1
1342 1343 1 341 -1
1343 1344 1 342 -1
1344 1345 1 343 -1
1345 1346 1 344 -1
1346 1347 1 345 -1
1347 1348 1 346 -1
1348 1349 1 347 -1
1349 1350 1 348 -1
1350 1351 1 349 -1
1351 1352 1 350 -1
1352 1353 1 351 -1
1353 1354 1 352 -1
1354 1355 1 353 -1
1355 1356 1 354 -1
1356 1357 1 355 -1
1357 1358 1 356 -1
1358 1359 1 357 -1
1359 1360 1 358 -1
1360 1361 1 359 -1
1361 1362 1 360 -1
1362 1363 1 361 -1
1363 1364 1 362 -1
1364 1365 1 363 -1
1365 1366 1 364 -1
1366 1367 1 365 -1
1367 1368 1 366 -1
1368 1369 1 367 -1
1369 1370 1 368 -1
1370 1371 1 369 -1
1371 1372 1 370 -1
1372 1373 1 371 -1
1373 1374 1 372 -1
1374 1375 1 373 -1
1375 1376 1 374 -1
1376 1377 1 375 -1
1377 1378 1 376 -1
1378 1379 1 377 -1
1379 1380 1 378 -1
1380 1381 1 379 -1
1381 1382 1 380 -1
1382 1383 1 381 -1
1383 1384 1 382 -1
1384 1385 1 383 -1
1385 1386 1 384 -1
1386 1387 1 385 -1
1387 1388 1 386 -1
1388 1389 1 387 -1
1389 1390 1 388 -1
1390 1391 1 389 -1
1391 1392 1 390 -1
1392 1393 1 391 -1
1393 1394 1 392 -1
1394 1395 1 393 -1
1395 1396 1 394 -1
1396 1397 1 395 -1
1397 1398 1 396 -1
1398 1399 1 397 -1
1399 1400 1 398 -1
1400 1401 1 399 -1
1401 1402 1 400 -1
1402 1403 1 401 -1
1403 1404 1 402 -1
1404 1405 1 403 -1
1405 1406 1 404 -1
1406 1407 1 405 -1
1407 1408 1 406 -1
1408 1409 1 407 -1
1409 1410 1 408 -1
1410 1411 1 409 -1
1411 1412 1 410 -1
1412 1413 1 411 -1
1413 1414 1 412 -1
1414 1415 1 413 -1
1415 1416 1 414 -1
1416 1417 1 415 -1
1417 1418 1 416 -1
1418 1419 1 417 -1
1419 1420 1 418 -1
1420 1421 1 419 -1
1421 1422 1 420 -1
1422 1423 1 421 -1
1423 1424 1 422 -1
1424 1425 1 423 -1
1425 1426 1 424 -1
1426 1427 1 425 -1
1427 1428 1 426 -1
1428 1429 1 427 -1
1429 1430 1 428 -1
1430 1431 1 429 -1
1431 1432 1 430 -1
1432 1433 1 431 -1
1433 1434 1 432 -1
1434 1435 1 433 -1
1435 1436 1 434 -1
1436 1437 1 435 -1
1437 1438 1 436 -1
1438 1439 1 437 -1
1439 1440 1 438 -1
1440 1441 1 439 -1
1441 1442 1 440 -1
1442 1443 1 441 -1
1443 1444 1 442 -1
1444 1445 1 443 -1
1445 1446 1 444 -1
1446 1447 1 445 -1
1447 1448 1 446 -1
1448 1449 1 447 -1
1449 1450 1 448 -1
1450 1451 1 449 -1
1451 1452 1 450 -1
1452 1453 1 451 -1
1453 1454 1 452 -1
1454 1455 1 453 -1
1455 1456 1 454 -1
1456 1457 1 455 -1
1457 1458 1 456 -1
1458 1459 1 457 -1
1459 1460 1 458 -1
1460 1461 1 459 -1
1461 1462 1 460 -1
1462 1463 1 461 -1
1463 1464 1 462 -1
1464 1465 1 463 -1
1465 1466 1 464 -1
1466 1467 1 465 -1
1467 1468 1 466 -1
1468 1469 1 467 -1
1469 1470 1 468 -1
1470 1471 1 469 -1
1471 1472 1 470 -1
1472 1473 1 471 -1
1473 1474 1 472 -1
1474 1475 1 473 -1
1475 1476 1 474 -1
1476 1477 1 475 -1
1477 1478 1 476 -1
1478 1479 1 477 -1
1479 1480 1 478 -1
1480 1481 1 479 -1
1481 1482 1 480 -1
1482 1483 1 481 -1
1483 1484 1 482 -1
1484 1485 1 483 -1
1485 1486 1 484 -1
1486 1487 1 485 -1
1487 1488 1 486 -1
1488 1489 1 487 -1
1489 1490 1 488 -1
1490 1491 1 489 -1
1491 1492 1 490 -1
1492 1493 1 491 -1
1493 1494 1 492 -1
1494 1495 1 493 -1
1495 1496 1 494 -1
1496 1497 1 495 -1
1497 1498 1 496 -1
1498 1499 1 497 -1
1499 1500 1 498 -1
1500 1501 1 499 -1
1501 1502 1 500 -1
1502 1503 1 501 -1
1503 1504 1 502 -1
1504 1505 1 503 -1
1505 1506 1 504 -1
1506 1507 1 505 -1
1507 1508 1 506 -1
1508 1509 1 507 -1
1509 1510 1 508 -1
1510 1511 1 509 -1
1511 1512 1 510 -1
1512 1513 1 511 -1
1513 1514 1 512 -1
1514 1515 1 513 -1
1515 1516 1 514 -1
1516 1517 1 515 -1
1517 1518 1 516 -1
1518 1519 1 517 -1
1519 1520 1 518 -1
1520 1521 1 519 -1
1521 1522 1 520 -1
1522 1523 1 521 -1
1523 1524 1 522 -1
1524 1525 1 523 -1
1525 1526 1 524 -1
1526 1527 1 525 -1
1527 1528 1 526 -1
1528 1529 1 527 -1
1529 1530 1 528 -1
1530 1531 1 529 -1
1531 1532 1 530 -1
1532 1533 1 531 -1
1533 1534 1 532 -1
1534 1535 1 533 -1
1535 1536 1 534 -1
1536 1537 1 535 -1
1537 1538 1 536 -1
1538 1539 1 537 -1
1539 1540 1 538 -1
1540 1541 1 539 -1
1541 1542 1 540 -1
1542 1543 1 541 -1
1543 1544 1 542 -1
1544 1545 1 543 -1
1545 1546 1 544 -1
1546 1547 1 545 -1
1547 1548 1 546 -1
1548 1549 1 547 -1
1549 1550 1 548 -1
1550 1551 1 549 -1
1551 1552 1 550 -1
1552 1553 1 551 -1
1553 1554 1 552 -1
1554 1555 1 553 -1
1555 1556 1 554 -1
1556 1557 1 555 -1
1557 1558 1 556 -1
1558 1559 1 557 -1
1559 1560 1 558 -1
1560 1561 1 559 -1
1561 1562 1 560 -1
1562 1563 1 561 -1
1563 1564 1 562 -1
1564 1565 1 563 -1
1565 1566 1 564 -1
1566 1567 1 565 -1
1567 1568 1 566 -1
1568 1569 1 567 -1
1569 1570 1 568 -1
1570 1571 1 569 -1
1571 1572 1 570 -1
1572 1573 1 571 -1
1573 1574 1 572 -1
1574 1575 1 573 -1
1575 1576 1 574 -1
1576 1577 1 575 -1
1577 1578 1 576 -1
1578 1579 1 577 -1
1579 1580 1 578 -1
1580 1581 1 579 -1
1581 1582 1 580 -1
1582 1583 1 581 -1
1583 1584 1 582 -1
1584 1585 1 583 -1
1585 1586 1 584 -1
1586 1587 1 585 -1
1587 1588 1 586 -1
1588 1589 1 587 -1
1589 1590 1 588 -1
1590 1591 1 589 -1
1591 1592 1 590 -1
1592 1593 1 591 -1
1593 1594 1 592 -1
1594 1595 1 593 -1
1595 1596 1 594 -1
1596 1597 1 595 -1
1597 1598 1 596 -1
1598 1599 1 597 -1
1599 1600 1 598 -1
1600 1601 1 599 -1
1601 1602 1 600 -1
1602 1603 1 601 -1
1603 1604 1 602 -1
1604 1605 1 603 -1
1605 1606 1 604 -1
1606 1607 1 605 -1
1607 1608 1 606 -1
1608 1609 1 607 -1
1609 1610 1 608 -1
1610 1611 1 609 -1
1611 1612 1 610 -1
1612 1613 1 611 -1
1613 1614 1 612 -1
1614 1615 1 613 -1
1615 1616 1 614 -1
1616 1617 1 615 -1
1617 1618 1 616 -1
1618 1619 1 617 -1
1619 1620 1 618 -1
1620 1621 1 619 -1
1621 1622 1 620 -1
1622 1623 1 621 -1
1623 1624 1 622 -1
1624 1625 1 623 -1
1625 1626 1 624 -1
1626 1627 1 625 -1
1627 1628 1 626 -1
1628 1629 1 627 -1
1629 1630 1 628 -1
1630 1631 1 629 -1
1631 1632 1 630 -1
1632 1633 1 631 -1
1633 1634 1 632 -1
1634 1635 1 633 -1
1635 1636 1 634 -1
1636 1637 1 635 -1
1637 1638 1 636 -1
1638 1639 1 637 -1
1639 1640 1 638 -1
1640 1641 1 639 -1
1641 1642 1 640 -1
1642 1643 1 641 -1
1643 1644 1 642 -1
1644 1645 1 643 -1
1645 1646 1 644 -1
1646 1647 1 645 -1
1647 1648 1 646 -1
1648 1649 1 647 -1
1649 1650 1 648 -1
1650 1651 1 649 -1
1651 1652 1 650 -1
1652 1653 1 651 -1
1653 1654 1 652 -1
1654 1655 1 653 -1
1655 1656 1 654 -1
1656 1657 1 655 -1
1657 1658 1 656 -1
1658 1659 1 657 -1
1659 1660 1 658 -1
1660 1661 1 659 -1
1661 1662 1 660 -1
1662 1663 1 661 -1
1663 1664 1 662 -1
1664 1665 1 663 -1
1665 1666 1 664 -1
1666 1667 1 665 -1
1667 1668 1 666 -1
1668 1669 1 667 -1
1669 1670 1 668 -1
1670 1671 1 669 -1
1671 1672 1 670 -1
1672 1673 1 671 -1
1673 1674 1 672 -1
1674 1675 1 673 -1
1675 1676 1 674 -1
1676 1677 1 675 -1
1677 1678 1 676 -1
1678 1679 1 677 -1
1679 1680 1 678 -1
1680 1681 1 679 -1
1681 1682 1 680 -1
1682 1683 1 681 -1
1683 1684 1 682 -1
1684 1685 1 683 -1
1685 1686 1 684 -1
1686 1687 1 685 -1
1687 1688 1 686 -1
1688 1689 1 687 -1
1689 1690 1 688 -1
1690 1691 1 689 -1
1691 1692 1 690 -1
1692 1693 1 691 -1
1693 1694 1 692 -1
1694 1695 1 693 -1
1695 1696 1 694 -1
1696 1697 1 695 -1
1697 1698 1 696 -1
1698 1699 1 697 -1
1699 1700 1 698 -1
1700 1701 1 699 -1
1701 1702 1 700 -1
1702 1703 1 701 -1
1703 1704 1 702 -1
1704 1705 1 703 -1
1705 1706 1 704 -1
1706 1707 1 705 -1
1707 1708 1 706 -1
1708 1709 1 707 -1
1709 1710 1 708 -1
1710 1711 1 709 -1
1711 1712 1 710 -1
1712 1713 1 711 -1
1713 1714 1 712 -1
1714 1715 1 713 -1
1715 1716 1 714 -1
1716 1717 1 715 -1
1717 1718 1 716 -1
1718 1719 1 717 -1
1719 1720 1 718 -1
1720 1721 1 719 -1
1721 1722 1 720 -1
1722 1723 1 721 -1
1723 1724 1 722 -1
1724 1725 1 723 -1
1725 1726 1 724 -1
1726 1727 1 725 -1
1727 1728 1 726 -1
1728 1729 1 727 -1
1729 1730 1 728 -1
1730 1731 1 729 -1
1731 1732 1 730 -1
1732 1733 1 731 -1
1733 1734 1 732 -1
1734 1735 1 733 -1
1735 1736 1 734 -1
1736 1737 1 735 -1
1737 1738 1 736 -1
1738 1739 1 737 -1
1739 1740 1 738 -1
1740 1741 1 739 -1
1741 1742 1 740 -1
1742 1743 1 741 -1
1743 1744 1 742 -1
1744 1745 1 743 -1
1745 1746 1 744 -1
1746 1747 1 745 -1
1747 1748 1 746 -1
1748 1749 1 747 -1
1749 1750 1 748 -1
1750 1751 1 749 -1
1751 1752 1 750 -1
1752 1753 1 751 -1
1753 1754 1 752 -1
1754 1755 1 753 -1
1755 1756 1 754 -1
1756 1757 1 755 -1
1757 1758 1 756 -1
1758 1759 1 757 -1
1759 1760 1 758 -1
1760 1761 1 759 -1
1761 1762 1 760 -1
1762 1763 1 761 -1
1763 1764 1 762 -1
1764 1765 1 763 -1
1765 1766 1 764 -1
1766 1767 1 765 -1
1767 1768 1 766 -1
1768 1769 1 767 -1
1769 1770 1 768 -1
1770 1771 1 769 -1
1771 1772 1 770 -1
1772 1773 1 771 -1
1773 1774 1 772 -1
1774 1775 1 773 -1
1775 1776 1 774 -1
1776 1777 1 775 -1
1777 1778 1 776 -1
1778 1779 1 777 -1
1779 1780 1 778 -1
1780 1781 1 779 -1
1781 1782 1 780 -1
1782 1783 1 781 -1
1783 1784 1 782 -1
1784 1785 1 783 -1
1785 1786 1 784 -1
1786 1787 1 785 -1
1787 1788 1 786 -1
1788 1789 1 787 -1
1789 1790 1 788 -1
1790 1791 1 789 -1
1791 1792 1 790 -1
1792 1793 1 791 -1
1793 1794 1 792 -1
1794 1795 1 793 -1
1795 1796 1 794 -1
1796 1797 1 795 -1
1797 1798 1 796 -1
1798 1799 1 797 -1
1799 1800 1 798 -1
1800 1801 1 799 -1
1801 1802 1 800 -1
1802 1803 1 801 -1
1803 1804 1 802 -1
1804 1805 1 803 -1
1805 1806 1 804 -1
1806 1807 1 805 -1
1807 1808 1 806 -1
1808 1809 1 807 -1
1809 1810 1 808 -1
1810 1811 1 809 -1
1811 1812 1 810 -1
1812 1813 1 811 -1
1813 1814 1 812 -1
1814 1815 1 813 -1
1815 1816 1 814 -1
1816 1817 1 815 -1
1817 1818 1 816 -1
1818 1819 1 817 -1
1819 1820 1 818 -1
1820 1821 1 819 -1
1821 1822 1 820 -1
1822 1823 1 821 -1
1823 1824 1 822 -1
1824 1825 1 823 -1
1825 1826 1 824 -1
1826 1827 1 825 -1
1827 1828 1 826 -1
1828 1829 1 827 -1
1829 1830 1 828 -1
1830 1831 1 829 -1
1831 1832 1 830 -1
1832 1833 1 831 -1
1833 1834 1 832 -1
1834 1835 1 833 -1
1835 1836 1 834 -1
1836 1837 1 835 -1
1837 1838 1 836 -1
1838 1839 1 837 -1
1839 1840 1 838 -1
1840 1841 1 839 -1
1841 1842 1 840 -1
1842 1843 1 841 -1
1843 1844 1 842 -1
1844 1845 1 843 -1
1845 1846 1 844 -1
1846 1847 1 845 -1
1847 1848 1 846 -1
1848 1849 1 847 -1
1849 1850 1 848 -1
1850 1851 1 849 -1
1851 1852 1 850 -1
1852 1853 1 851 -1
1853 1854 1 852 -1
1854 1855 1 853 -1
1855 1856 1 854 -1
1856 1857 1 855 -1
1857 1858 1 856 -1
1858 1859 1 857 -1
1859 1860 1 858 -1
1860 1861 1 859 -1
1861 1862 1 860 -1
1862 1863 1 861 -1
1863 1864 1 862 -1
1864 1865 1 863 -1
1865 1866 1 864 -1
1866 1867 1 865 -1
1867 1868 1 866 -1
1868 1869 1 867 -1
1869 1870 1 868 -1
1870 1871 1 869 -1
1871 1872 1 870 -1
1872 1873 1 871 -1
1873 1874 1 872 -1
1874 1875 1 873 -1
1875 1876 1 874 -1
1876 1877 1 875 -1
1877 1878 1 876 -1
1878 1879 1 877 -1
1879 1880 1 878 -1
1880 1881 1 879 -1
1881 1882 1 880 -1
1882 1883 1 881 -1
1883 1884 1 882 -1
1884 1885 1 883 -1
1885 1886 1 884 -1
1886 1887 1 885 -1
1887 1888 1 886 -1
1888 1889 1 887 -1
1889 1890 1 888 -1
1890 1891 1 889 -1
1891 1892 1 890 -1
1892 1893 1 891 -1
1893 1894 1 892 -1
1894 1895 1 893 -1
1895 1896 1 894 -1
1896 1897 1 895 -1
1897 1898 1 896 -1
1898 1899 1 897 -1
1899 1900 1 898 -1
1900 1901 1 899 -1
1901 1902 1 900 -1
1902 1903 1 901 -1
1903 1904 1 902 -1
1904 1905 1 903 -1
1905 1906 1 904 -1
1906 1907 1 905 -1
1907 1908 1 906 -1
1908 1909 1 907 -1
1909 1910 1 908 -1
1910 1911 1 909 -1
1911 1912 1 910 -1
1912 1913 1 911 -1
1913 1914 1 912 -1
1914 1915 1 913 -1
1915 1916 1 914 -1
1916 1917 1 915 -1
1917 1918 1 916 -1
1918 1919 1 917 -1
1919 1920 1 918 -1
1920 1921 1 919 -1
1921 1922 1 920 -1
1922 1923 1 921 -1
1923 1924 1 922 -1
1924 1925 1 923 -1
1925 1926 1 924 -1
1926 1927 1 925 -1
1927 1928 1 926 -1
1928 1929 1 927 -1
1929 1930 1 928 -1
1930 1931 1 929 -1
1931 1932 1 930 -1
1932 1933 1 931 -1
1933 1934 1 932 -1
1934 1935 1 933 -1
1935 1936 1 934 -1
1936 1937 1 935 -1
1937 1938 1 936 -1
1938 1939 1 937 -1
1939 1940 1 938 -1
1940 1941 1 939 -1
1941 1942 1 940 -1
1942 1943 1 941 -1
1943 1944 1 942 -1
1944 1945 1 943 -1
1945 1946 1 944 -1
1946 1947 1 945 -1
1947 1948 1 946 -1
1948 1949 1 947 -1
1949 1950 1 948 -1
1950 1951 1 949 -1
1951 1952 1 950 -1
1952 1953 1 951 -1
1953 1954 1 952 -1
1954 1955 1 953 -1
1955 1956 1 954 -1
1956 1957 1 955 -1
1957 1958 1 956 -1
1958 1959 1 957 -1
1959 1960 1 958 -1
1960 1961 1 959 -1
1961 1962 1 960 -1
1962 1963 1 961 -1
1963 1964 1 962 -1
1964 1965 1 963 -1
1965 1966 1 964 -1
1966 1967 1 965 -1
1967 1968 1 966 -1
1968 1969 1 967 -1
1969 1970 1 968 -1
1970 1971 1 969 -1
1971 1972 1 970 -1
1972 1973 1 971 -1
1973 1974 1 972 -1
1974 1975 1 973 -1
1975 1976 1 974 -1
1976 1977 1 975 -1
1977 1978 1 976 -1
1978 1979 1 977 -1
1979 1980 1 978 -1
1980 1981 1 979 -1
1981 1982 1 980 -1
1982 1983 1 981 -1
1983 1984 1 982 -1
1984 1985 1 983 -1
1985 1986 1 984 -1
1986 1987 1 985 -1
1987 1988 1 986 -1
1988 1989 1 987 -1
1989 1990 1 988 -1
1990 1991 1 989 -1
1991 1992 1 990 -1
1992 1993 1 991 -1
1993 1994 1 992 -1
1994 1995 1 993 -1
1995 1996 1 994 -1
1996 1997 1 995 -1
1997 1998 1 996 -1
1998 1999 1 997 -1
1999 2000 1 998 -1
2000 2001 1 999 -1
