2.000000e-01 
 0.000000e+00 
 1.886300e+09 
4.361523e-04 
 1.995638e-01 
 1.886300e+09 
4.361523e-04 
 1.995638e-01 
 1.886300e+09 
5.051653e-05 
 1.999495e-01 
 1.886300e+09 
5.051653e-05 
 1.999495e-01 
 1.886300e+09 
5.970481e-06 
 1.999940e-01 
 1.886300e+09 
5.970481e-06 
 1.999940e-01 
 1.886300e+09 
8.426394e-07 
 1.999992e-01 
 1.886300e+09 
8.426394e-07 
 1.999992e-01 
 1.886300e+09 
2.696559e-07 
 1.999997e-01 
 1.886300e+09 
2.696559e-07 
 1.999997e-01 
 1.886300e+09 
2.248739e-07 
 1.999998e-01 
 1.886300e+09 
2.248739e-07 
 1.999998e-01 
 1.886300e+09 
2.408027e-07 
 1.999998e-01 
 1.886300e+09 
2.408027e-07 
 1.999998e-01 
 1.886300e+09 
2.639117e-07 
 1.999997e-01 
 1.886300e+09 
2.639117e-07 
 1.999997e-01 
 1.886300e+09 
2.882788e-07 
 1.999997e-01 
 1.886300e+09 
2.882788e-07 
 1.999997e-01 
 1.886300e+09 
3.126473e-07 
 1.999997e-01 
 1.886300e+09 
3.126473e-07 
 1.999997e-01 
 1.886300e+09 
3.371333e-07 
 1.999997e-01 
 1.886300e+09 
3.371333e-07 
 1.999997e-01 
 1.886300e+09 
3.616835e-07 
 1.999996e-01 
 1.886300e+09 
3.616835e-07 
 1.999996e-01 
 1.886300e+09 
3.861724e-07 
 1.999996e-01 
 1.886300e+09 
3.861724e-07 
 1.999996e-01 
 1.886300e+09 
