0 801 0 799 0
1 802 0 0 1
2 803 0 1 2
3 804 0 2 3
4 805 0 3 4
5 806 0 4 5
6 807 0 5 6
7 808 0 6 7
8 809 0 7 8
9 810 0 8 9
10 811 0 9 10
11 812 0 10 11
12 813 0 11 12
13 814 0 12 13
14 815 0 13 14
15 816 0 14 15
16 817 0 15 16
17 818 0 16 17
18 819 0 17 18
19 820 0 18 19
20 821 0 19 20
21 822 0 20 21
22 823 0 21 22
23 824 0 22 23
24 825 0 23 24
25 826 0 24 25
26 827 0 25 26
27 828 0 26 27
28 829 0 27 28
29 830 0 28 29
30 831 0 29 30
31 832 0 30 31
32 833 0 31 32
33 834 0 32 33
34 835 0 33 34
35 836 0 34 35
36 837 0 35 36
37 838 0 36 37
38 839 0 37 38
39 840 0 38 39
40 841 0 39 40
41 842 0 40 41
42 843 0 41 42
43 844 0 42 43
44 845 0 43 44
45 846 0 44 45
46 847 0 45 46
47 848 0 46 47
48 849 0 47 48
49 850 0 48 49
50 851 0 49 50
51 852 0 50 51
52 853 0 51 52
53 854 0 52 53
54 855 0 53 54
55 856 0 54 55
56 857 0 55 56
57 858 0 56 57
58 859 0 57 58
59 860 0 58 59
60 861 0 59 60
61 862 0 60 61
62 863 0 61 62
63 864 0 62 63
64 865 0 63 64
65 866 0 64 65
66 867 0 65 66
67 868 0 66 67
68 869 0 67 68
69 870 0 68 69
70 871 0 69 70
71 872 0 70 71
72 873 0 71 72
73 874 0 72 73
74 875 0 73 74
75 876 0 74 75
76 877 0 75 76
77 878 0 76 77
78 879 0 77 78
79 880 0 78 79
80 881 0 79 80
81 882 0 80 81
82 883 0 81 82
83 884 0 82 83
84 885 0 83 84
85 886 0 84 85
86 887 0 85 86
87 888 0 86 87
88 889 0 87 88
89 890 0 88 89
90 891 0 89 90
91 892 0 90 91
92 893 0 91 92
93 894 0 92 93
94 895 0 93 94
95 896 0 94 95
96 897 0 95 96
97 898 0 96 97
98 899 0 97 98
99 900 0 98 99
100 901 0 99 100
101 902 0 100 101
102 903 0 101 102
103 904 0 102 103
104 905 0 103 104
105 906 0 104 105
106 907 0 105 106
107 908 0 106 107
108 909 0 107 108
109 910 0 108 109
110 911 0 109 110
111 912 0 110 111
112 913 0 111 112
113 914 0 112 113
114 915 0 113 114
115 916 0 114 115
116 917 0 115 116
117 918 0 116 117
118 919 0 117 118
119 920 0 118 119
120 921 0 119 120
121 922 0 120 121
122 923 0 121 122
123 924 0 122 123
124 925 0 123 124
125 926 0 124 125
126 927 0 125 126
127 928 0 126 127
128 929 0 127 128
129 930 0 128 129
130 931 0 129 130
131 932 0 130 131
132 933 0 131 132
133 934 0 132 133
134 935 0 133 134
135 936 0 134 135
136 937 0 135 136
137 938 0 136 137
138 939 0 137 138
139 940 0 138 139
140 941 0 139 140
141 942 0 140 141
142 943 0 141 142
143 944 0 142 143
144 945 0 143 144
145 946 0 144 145
146 947 0 145 146
147 948 0 146 147
148 949 0 147 148
149 950 0 148 149
150 951 0 149 150
151 952 0 150 151
152 953 0 151 152
153 954 0 152 153
154 955 0 153 154
155 956 0 154 155
156 957 0 155 156
157 958 0 156 157
158 959 0 157 158
159 960 0 158 159
160 961 0 159 160
161 962 0 160 161
162 963 0 161 162
163 964 0 162 163
164 965 0 163 164
165 966 0 164 165
166 967 0 165 166
167 968 0 166 167
168 969 0 167 168
169 970 0 168 169
170 971 0 169 170
171 972 0 170 171
172 973 0 171 172
173 974 0 172 173
174 975 0 173 174
175 976 0 174 175
176 977 0 175 176
177 978 0 176 177
178 979 0 177 178
179 980 0 178 179
180 981 0 179 180
181 982 0 180 181
182 983 0 181 182
183 984 0 182 183
184 985 0 183 184
185 986 0 184 185
186 987 0 185 186
187 988 0 186 187
188 989 0 187 188
189 990 0 188 189
190 991 0 189 190
191 992 0 190 191
192 993 0 191 192
193 994 0 192 193
194 995 0 193 194
195 996 0 194 195
196 997 0 195 196
197 998 0 196 197
198 999 0 197 198
199 1000 0 198 199
200 1001 0 199 200
201 1002 0 200 201
202 1003 0 201 202
203 1004 0 202 203
204 1005 0 203 204
205 1006 0 204 205
206 1007 0 205 206
207 1008 0 206 207
208 1009 0 207 208
209 1010 0 208 209
210 1011 0 209 210
211 1012 0 210 211
212 1013 0 211 212
213 1014 0 212 213
214 1015 0 213 214
215 1016 0 214 215
216 1017 0 215 216
217 1018 0 216 217
218 1019 0 217 218
219 1020 0 218 219
220 1021 0 219 220
221 1022 0 220 221
222 1023 0 221 222
223 1024 0 222 223
224 1025 0 223 224
225 1026 0 224 225
226 1027 0 225 226
227 1028 0 226 227
228 1029 0 227 228
229 1030 0 228 229
230 1031 0 229 230
231 1032 0 230 231
232 1033 0 231 232
233 1034 0 232 233
234 1035 0 233 234
235 1036 0 234 235
236 1037 0 235 236
237 1038 0 236 237
238 1039 0 237 238
239 1040 0 238 239
240 1041 0 239 240
241 1042 0 240 241
242 1043 0 241 242
243 1044 0 242 243
244 1045 0 243 244
245 1046 0 244 245
246 1047 0 245 246
247 1048 0 246 247
248 1049 0 247 248
249 1050 0 248 249
250 1051 0 249 250
251 1052 0 250 251
252 1053 0 251 252
253 1054 0 252 253
254 1055 0 253 254
255 1056 0 254 255
256 1057 0 255 256
257 1058 0 256 257
258 1059 0 257 258
259 1060 0 258 259
260 1061 0 259 260
261 1062 0 260 261
262 1063 0 261 262
263 1064 0 262 263
264 1065 0 263 264
265 1066 0 264 265
266 1067 0 265 266
267 1068 0 266 267
268 1069 0 267 268
269 1070 0 268 269
270 1071 0 269 270
271 1072 0 270 271
272 1073 0 271 272
273 1074 0 272 273
274 1075 0 273 274
275 1076 0 274 275
276 1077 0 275 276
277 1078 0 276 277
278 1079 0 277 278
279 1080 0 278 279
280 1081 0 279 280
281 1082 0 280 281
282 1083 0 281 282
283 1084 0 282 283
284 1085 0 283 284
285 1086 0 284 285
286 1087 0 285 286
287 1088 0 286 287
288 1089 0 287 288
289 1090 0 288 289
290 1091 0 289 290
291 1092 0 290 291
292 1093 0 291 292
293 1094 0 292 293
294 1095 0 293 294
295 1096 0 294 295
296 1097 0 295 296
297 1098 0 296 297
298 1099 0 297 298
299 1100 0 298 299
300 1101 0 299 300
301 1102 0 300 301
302 1103 0 301 302
303 1104 0 302 303
304 1105 0 303 304
305 1106 0 304 305
306 1107 0 305 306
307 1108 0 306 307
308 1109 0 307 308
309 1110 0 308 309
310 1111 0 309 310
311 1112 0 310 311
312 1113 0 311 312
313 1114 0 312 313
314 1115 0 313 314
315 1116 0 314 315
316 1117 0 315 316
317 1118 0 316 317
318 1119 0 317 318
319 1120 0 318 319
320 1121 0 319 320
321 1122 0 320 321
322 1123 0 321 322
323 1124 0 322 323
324 1125 0 323 324
325 1126 0 324 325
326 1127 0 325 326
327 1128 0 326 327
328 1129 0 327 328
329 1130 0 328 329
330 1131 0 329 330
331 1132 0 330 331
332 1133 0 331 332
333 1134 0 332 333
334 1135 0 333 334
335 1136 0 334 335
336 1137 0 335 336
337 1138 0 336 337
338 1139 0 337 338
339 1140 0 338 339
340 1141 0 339 340
341 1142 0 340 341
342 1143 0 341 342
343 1144 0 342 343
344 1145 0 343 344
345 1146 0 344 345
346 1147 0 345 346
347 1148 0 346 347
348 1149 0 347 348
349 1150 0 348 349
350 1151 0 349 350
351 1152 0 350 351
352 1153 0 351 352
353 1154 0 352 353
354 1155 0 353 354
355 1156 0 354 355
356 1157 0 355 356
357 1158 0 356 357
358 1159 0 357 358
359 1160 0 358 359
360 1161 0 359 360
361 1162 0 360 361
362 1163 0 361 362
363 1164 0 362 363
364 1165 0 363 364
365 1166 0 364 365
366 1167 0 365 366
367 1168 0 366 367
368 1169 0 367 368
369 1170 0 368 369
370 1171 0 369 370
371 1172 0 370 371
372 1173 0 371 372
373 1174 0 372 373
374 1175 0 373 374
375 1176 0 374 375
376 1177 0 375 376
377 1178 0 376 377
378 1179 0 377 378
379 1180 0 378 379
380 1181 0 379 380
381 1182 0 380 381
382 1183 0 381 382
383 1184 0 382 383
384 1185 0 383 384
385 1186 0 384 385
386 1187 0 385 386
387 1188 0 386 387
388 1189 0 387 388
389 1190 0 388 389
390 1191 0 389 390
391 1192 0 390 391
392 1193 0 391 392
393 1194 0 392 393
394 1195 0 393 394
395 1196 0 394 395
396 1197 0 395 396
397 1198 0 396 397
398 1199 0 397 398
399 1200 0 398 399
400 1201 0 399 400
401 1202 0 400 401
402 1203 0 401 402
403 1204 0 402 403
404 1205 0 403 404
405 1206 0 404 405
406 1207 0 405 406
407 1208 0 406 407
408 1209 0 407 408
409 1210 0 408 409
410 1211 0 409 410
411 1212 0 410 411
412 1213 0 411 412
413 1214 0 412 413
414 1215 0 413 414
415 1216 0 414 415
416 1217 0 415 416
417 1218 0 416 417
418 1219 0 417 418
419 1220 0 418 419
420 1221 0 419 420
421 1222 0 420 421
422 1223 0 421 422
423 1224 0 422 423
424 1225 0 423 424
425 1226 0 424 425
426 1227 0 425 426
427 1228 0 426 427
428 1229 0 427 428
429 1230 0 428 429
430 1231 0 429 430
431 1232 0 430 431
432 1233 0 431 432
433 1234 0 432 433
434 1235 0 433 434
435 1236 0 434 435
436 1237 0 435 436
437 1238 0 436 437
438 1239 0 437 438
439 1240 0 438 439
440 1241 0 439 440
441 1242 0 440 441
442 1243 0 441 442
443 1244 0 442 443
444 1245 0 443 444
445 1246 0 444 445
446 1247 0 445 446
447 1248 0 446 447
448 1249 0 447 448
449 1250 0 448 449
450 1251 0 449 450
451 1252 0 450 451
452 1253 0 451 452
453 1254 0 452 453
454 1255 0 453 454
455 1256 0 454 455
456 1257 0 455 456
457 1258 0 456 457
458 1259 0 457 458
459 1260 0 458 459
460 1261 0 459 460
461 1262 0 460 461
462 1263 0 461 462
463 1264 0 462 463
464 1265 0 463 464
465 1266 0 464 465
466 1267 0 465 466
467 1268 0 466 467
468 1269 0 467 468
469 1270 0 468 469
470 1271 0 469 470
471 1272 0 470 471
472 1273 0 471 472
473 1274 0 472 473
474 1275 0 473 474
475 1276 0 474 475
476 1277 0 475 476
477 1278 0 476 477
478 1279 0 477 478
479 1280 0 478 479
480 1281 0 479 480
481 1282 0 480 481
482 1283 0 481 482
483 1284 0 482 483
484 1285 0 483 484
485 1286 0 484 485
486 1287 0 485 486
487 1288 0 486 487
488 1289 0 487 488
489 1290 0 488 489
490 1291 0 489 490
491 1292 0 490 491
492 1293 0 491 492
493 1294 0 492 493
494 1295 0 493 494
495 1296 0 494 495
496 1297 0 495 496
497 1298 0 496 497
498 1299 0 497 498
499 1300 0 498 499
500 1301 0 499 500
501 1302 0 500 501
502 1303 0 501 502
503 1304 0 502 503
504 1305 0 503 504
505 1306 0 504 505
506 1307 0 505 506
507 1308 0 506 507
508 1309 0 507 508
509 1310 0 508 509
510 1311 0 509 510
511 1312 0 510 511
512 1313 0 511 512
513 1314 0 512 513
514 1315 0 513 514
515 1316 0 514 515
516 1317 0 515 516
517 1318 0 516 517
518 1319 0 517 518
519 1320 0 518 519
520 1321 0 519 520
521 1322 0 520 521
522 1323 0 521 522
523 1324 0 522 523
524 1325 0 523 524
525 1326 0 524 525
526 1327 0 525 526
527 1328 0 526 527
528 1329 0 527 528
529 1330 0 528 529
530 1331 0 529 530
531 1332 0 530 531
532 1333 0 531 532
533 1334 0 532 533
534 1335 0 533 534
535 1336 0 534 535
536 1337 0 535 536
537 1338 0 536 537
538 1339 0 537 538
539 1340 0 538 539
540 1341 0 539 540
541 1342 0 540 541
542 1343 0 541 542
543 1344 0 542 543
544 1345 0 543 544
545 1346 0 544 545
546 1347 0 545 546
547 1348 0 546 547
548 1349 0 547 548
549 1350 0 548 549
550 1351 0 549 550
551 1352 0 550 551
552 1353 0 551 552
553 1354 0 552 553
554 1355 0 553 554
555 1356 0 554 555
556 1357 0 555 556
557 1358 0 556 557
558 1359 0 557 558
559 1360 0 558 559
560 1361 0 559 560
561 1362 0 560 561
562 1363 0 561 562
563 1364 0 562 563
564 1365 0 563 564
565 1366 0 564 565
566 1367 0 565 566
567 1368 0 566 567
568 1369 0 567 568
569 1370 0 568 569
570 1371 0 569 570
571 1372 0 570 571
572 1373 0 571 572
573 1374 0 572 573
574 1375 0 573 574
575 1376 0 574 575
576 1377 0 575 576
577 1378 0 576 577
578 1379 0 577 578
579 1380 0 578 579
580 1381 0 579 580
581 1382 0 580 581
582 1383 0 581 582
583 1384 0 582 583
584 1385 0 583 584
585 1386 0 584 585
586 1387 0 585 586
587 1388 0 586 587
588 1389 0 587 588
589 1390 0 588 589
590 1391 0 589 590
591 1392 0 590 591
592 1393 0 591 592
593 1394 0 592 593
594 1395 0 593 594
595 1396 0 594 595
596 1397 0 595 596
597 1398 0 596 597
598 1399 0 597 598
599 1400 0 598 599
600 1401 0 599 600
601 1402 0 600 601
602 1403 0 601 602
603 1404 0 602 603
604 1405 0 603 604
605 1406 0 604 605
606 1407 0 605 606
607 1408 0 606 607
608 1409 0 607 608
609 1410 0 608 609
610 1411 0 609 610
611 1412 0 610 611
612 1413 0 611 612
613 1414 0 612 613
614 1415 0 613 614
615 1416 0 614 615
616 1417 0 615 616
617 1418 0 616 617
618 1419 0 617 618
619 1420 0 618 619
620 1421 0 619 620
621 1422 0 620 621
622 1423 0 621 622
623 1424 0 622 623
624 1425 0 623 624
625 1426 0 624 625
626 1427 0 625 626
627 1428 0 626 627
628 1429 0 627 628
629 1430 0 628 629
630 1431 0 629 630
631 1432 0 630 631
632 1433 0 631 632
633 1434 0 632 633
634 1435 0 633 634
635 1436 0 634 635
636 1437 0 635 636
637 1438 0 636 637
638 1439 0 637 638
639 1440 0 638 639
640 1441 0 639 640
641 1442 0 640 641
642 1443 0 641 642
643 1444 0 642 643
644 1445 0 643 644
645 1446 0 644 645
646 1447 0 645 646
647 1448 0 646 647
648 1449 0 647 648
649 1450 0 648 649
650 1451 0 649 650
651 1452 0 650 651
652 1453 0 651 652
653 1454 0 652 653
654 1455 0 653 654
655 1456 0 654 655
656 1457 0 655 656
657 1458 0 656 657
658 1459 0 657 658
659 1460 0 658 659
660 1461 0 659 660
661 1462 0 660 661
662 1463 0 661 662
663 1464 0 662 663
664 1465 0 663 664
665 1466 0 664 665
666 1467 0 665 666
667 1468 0 666 667
668 1469 0 667 668
669 1470 0 668 669
670 1471 0 669 670
671 1472 0 670 671
672 1473 0 671 672
673 1474 0 672 673
674 1475 0 673 674
675 1476 0 674 675
676 1477 0 675 676
677 1478 0 676 677
678 1479 0 677 678
679 1480 0 678 679
680 1481 0 679 680
681 1482 0 680 681
682 1483 0 681 682
683 1484 0 682 683
684 1485 0 683 684
685 1486 0 684 685
686 1487 0 685 686
687 1488 0 686 687
688 1489 0 687 688
689 1490 0 688 689
690 1491 0 689 690
691 1492 0 690 691
692 1493 0 691 692
693 1494 0 692 693
694 1495 0 693 694
695 1496 0 694 695
696 1497 0 695 696
697 1498 0 696 697
698 1499 0 697 698
699 1500 0 698 699
700 1501 0 699 700
701 1502 0 700 701
702 1503 0 701 702
703 1504 0 702 703
704 1505 0 703 704
705 1506 0 704 705
706 1507 0 705 706
707 1508 0 706 707
708 1509 0 707 708
709 1510 0 708 709
710 1511 0 709 710
711 1512 0 710 711
712 1513 0 711 712
713 1514 0 712 713
714 1515 0 713 714
715 1516 0 714 715
716 1517 0 715 716
717 1518 0 716 717
718 1519 0 717 718
719 1520 0 718 719
720 1521 0 719 720
721 1522 0 720 721
722 1523 0 721 722
723 1524 0 722 723
724 1525 0 723 724
725 1526 0 724 725
726 1527 0 725 726
727 1528 0 726 727
728 1529 0 727 728
729 1530 0 728 729
730 1531 0 729 730
731 1532 0 730 731
732 1533 0 731 732
733 1534 0 732 733
734 1535 0 733 734
735 1536 0 734 735
736 1537 0 735 736
737 1538 0 736 737
738 1539 0 737 738
739 1540 0 738 739
740 1541 0 739 740
741 1542 0 740 741
742 1543 0 741 742
743 1544 0 742 743
744 1545 0 743 744
745 1546 0 744 745
746 1547 0 745 746
747 1548 0 746 747
748 1549 0 747 748
749 1550 0 748 749
750 1551 0 749 750
751 1552 0 750 751
752 1553 0 751 752
753 1554 0 752 753
754 1555 0 753 754
755 1556 0 754 755
756 1557 0 755 756
757 1558 0 756 757
758 1559 0 757 758
759 1560 0 758 759
760 1561 0 759 760
761 1562 0 760 761
762 1563 0 761 762
763 1564 0 762 763
764 1565 0 763 764
765 1566 0 764 765
766 1567 0 765 766
767 1568 0 766 767
768 1569 0 767 768
769 1570 0 768 769
770 1571 0 769 770
771 1572 0 770 771
772 1573 0 771 772
773 1574 0 772 773
774 1575 0 773 774
775 1576 0 774 775
776 1577 0 775 776
777 1578 0 776 777
778 1579 0 777 778
779 1580 0 778 779
780 1581 0 779 780
781 1582 0 780 781
782 1583 0 781 782
783 1584 0 782 783
784 1585 0 783 784
785 1586 0 784 785
786 1587 0 785 786
787 1588 0 786 787
788 1589 0 787 788
789 1590 0 788 789
790 1591 0 789 790
791 1592 0 790 791
792 1593 0 791 792
793 1594 0 792 793
794 1595 0 793 794
795 1596 0 794 795
796 1597 0 795 796
797 1598 0 796 797
798 1599 0 797 798
799 1600 0 798 799
801 1602 0 1599 800
802 1603 0 800 801
803 1604 0 801 802
804 1605 0 802 803
805 1606 0 803 804
806 1607 0 804 805
807 1608 0 805 806
808 1609 0 806 807
809 1610 0 807 808
810 1611 0 808 809
811 1612 0 809 810
812 1613 0 810 811
813 1614 0 811 812
814 1615 0 812 813
815 1616 0 813 814
816 1617 0 814 815
817 1618 0 815 816
818 1619 0 816 817
819 1620 0 817 818
820 1621 0 818 819
821 1622 0 819 820
822 1623 0 820 821
823 1624 0 821 822
824 1625 0 822 823
825 1626 0 823 824
826 1627 0 824 825
827 1628 0 825 826
828 1629 0 826 827
829 1630 0 827 828
830 1631 0 828 829
831 1632 0 829 830
832 1633 0 830 831
833 1634 0 831 832
834 1635 0 832 833
835 1636 0 833 834
836 1637 0 834 835
837 1638 0 835 836
838 1639 0 836 837
839 1640 0 837 838
840 1641 0 838 839
841 1642 0 839 840
842 1643 0 840 841
843 1644 0 841 842
844 1645 0 842 843
845 1646 0 843 844
846 1647 0 844 845
847 1648 0 845 846
848 1649 0 846 847
849 1650 0 847 848
850 1651 0 848 849
851 1652 0 849 850
852 1653 0 850 851
853 1654 0 851 852
854 1655 0 852 853
855 1656 0 853 854
856 1657 0 854 855
857 1658 0 855 856
858 1659 0 856 857
859 1660 0 857 858
860 1661 0 858 859
861 1662 0 859 860
862 1663 0 860 861
863 1664 0 861 862
864 1665 0 862 863
865 1666 0 863 864
866 1667 0 864 865
867 1668 0 865 866
868 1669 0 866 867
869 1670 0 867 868
870 1671 0 868 869
871 1672 0 869 870
872 1673 0 870 871
873 1674 0 871 872
874 1675 0 872 873
875 1676 0 873 874
876 1677 0 874 875
877 1678 0 875 876
878 1679 0 876 877
879 1680 0 877 878
880 1681 0 878 879
881 1682 0 879 880
882 1683 0 880 881
883 1684 0 881 882
884 1685 0 882 883
885 1686 0 883 884
886 1687 0 884 885
887 1688 0 885 886
888 1689 0 886 887
889 1690 0 887 888
890 1691 0 888 889
891 1692 0 889 890
892 1693 0 890 891
893 1694 0 891 892
894 1695 0 892 893
895 1696 0 893 894
896 1697 0 894 895
897 1698 0 895 896
898 1699 0 896 897
899 1700 0 897 898
900 1701 0 898 899
901 1702 0 899 900
902 1703 0 900 901
903 1704 0 901 902
904 1705 0 902 903
905 1706 0 903 904
906 1707 0 904 905
907 1708 0 905 906
908 1709 0 906 907
909 1710 0 907 908
910 1711 0 908 909
911 1712 0 909 910
912 1713 0 910 911
913 1714 0 911 912
914 1715 0 912 913
915 1716 0 913 914
916 1717 0 914 915
917 1718 0 915 916
918 1719 0 916 917
919 1720 0 917 918
920 1721 0 918 919
921 1722 0 919 920
922 1723 0 920 921
923 1724 0 921 922
924 1725 0 922 923
925 1726 0 923 924
926 1727 0 924 925
927 1728 0 925 926
928 1729 0 926 927
929 1730 0 927 928
930 1731 0 928 929
931 1732 0 929 930
932 1733 0 930 931
933 1734 0 931 932
934 1735 0 932 933
935 1736 0 933 934
936 1737 0 934 935
937 1738 0 935 936
938 1739 0 936 937
939 1740 0 937 938
940 1741 0 938 939
941 1742 0 939 940
942 1743 0 940 941
943 1744 0 941 942
944 1745 0 942 943
945 1746 0 943 944
946 1747 0 944 945
947 1748 0 945 946
948 1749 0 946 947
949 1750 0 947 948
950 1751 0 948 949
951 1752 0 949 950
952 1753 0 950 951
953 1754 0 951 952
954 1755 0 952 953
955 1756 0 953 954
956 1757 0 954 955
957 1758 0 955 956
958 1759 0 956 957
959 1760 0 957 958
960 1761 0 958 959
961 1762 0 959 960
962 1763 0 960 961
963 1764 0 961 962
964 1765 0 962 963
965 1766 0 963 964
966 1767 0 964 965
967 1768 0 965 966
968 1769 0 966 967
969 1770 0 967 968
970 1771 0 968 969
971 1772 0 969 970
972 1773 0 970 971
973 1774 0 971 972
974 1775 0 972 973
975 1776 0 973 974
976 1777 0 974 975
977 1778 0 975 976
978 1779 0 976 977
979 1780 0 977 978
980 1781 0 978 979
981 1782 0 979 980
982 1783 0 980 981
983 1784 0 981 982
984 1785 0 982 983
985 1786 0 983 984
986 1787 0 984 985
987 1788 0 985 986
988 1789 0 986 987
989 1790 0 987 988
990 1791 0 988 989
991 1792 0 989 990
992 1793 0 990 991
993 1794 0 991 992
994 1795 0 992 993
995 1796 0 993 994
996 1797 0 994 995
997 1798 0 995 996
998 1799 0 996 997
999 1800 0 997 998
1000 1801 0 998 999
1001 1802 0 999 1000
1002 1803 0 1000 1001
1003 1804 0 1001 1002
1004 1805 0 1002 1003
1005 1806 0 1003 1004
1006 1807 0 1004 1005
1007 1808 0 1005 1006
1008 1809 0 1006 1007
1009 1810 0 1007 1008
1010 1811 0 1008 1009
1011 1812 0 1009 1010
1012 1813 0 1010 1011
1013 1814 0 1011 1012
1014 1815 0 1012 1013
1015 1816 0 1013 1014
1016 1817 0 1014 1015
1017 1818 0 1015 1016
1018 1819 0 1016 1017
1019 1820 0 1017 1018
1020 1821 0 1018 1019
1021 1822 0 1019 1020
1022 1823 0 1020 1021
1023 1824 0 1021 1022
1024 1825 0 1022 1023
1025 1826 0 1023 1024
1026 1827 0 1024 1025
1027 1828 0 1025 1026
1028 1829 0 1026 1027
1029 1830 0 1027 1028
1030 1831 0 1028 1029
1031 1832 0 1029 1030
1032 1833 0 1030 1031
1033 1834 0 1031 1032
1034 1835 0 1032 1033
1035 1836 0 1033 1034
1036 1837 0 1034 1035
1037 1838 0 1035 1036
1038 1839 0 1036 1037
1039 1840 0 1037 1038
1040 1841 0 1038 1039
1041 1842 0 1039 1040
1042 1843 0 1040 1041
1043 1844 0 1041 1042
1044 1845 0 1042 1043
1045 1846 0 1043 1044
1046 1847 0 1044 1045
1047 1848 0 1045 1046
1048 1849 0 1046 1047
1049 1850 0 1047 1048
1050 1851 0 1048 1049
1051 1852 0 1049 1050
1052 1853 0 1050 1051
1053 1854 0 1051 1052
1054 1855 0 1052 1053
1055 1856 0 1053 1054
1056 1857 0 1054 1055
1057 1858 0 1055 1056
1058 1859 0 1056 1057
1059 1860 0 1057 1058
1060 1861 0 1058 1059
1061 1862 0 1059 1060
1062 1863 0 1060 1061
1063 1864 0 1061 1062
1064 1865 0 1062 1063
1065 1866 0 1063 1064
1066 1867 0 1064 1065
1067 1868 0 1065 1066
1068 1869 0 1066 1067
1069 1870 0 1067 1068
1070 1871 0 1068 1069
1071 1872 0 1069 1070
1072 1873 0 1070 1071
1073 1874 0 1071 1072
1074 1875 0 1072 1073
1075 1876 0 1073 1074
1076 1877 0 1074 1075
1077 1878 0 1075 1076
1078 1879 0 1076 1077
1079 1880 0 1077 1078
1080 1881 0 1078 1079
1081 1882 0 1079 1080
1082 1883 0 1080 1081
1083 1884 0 1081 1082
1084 1885 0 1082 1083
1085 1886 0 1083 1084
1086 1887 0 1084 1085
1087 1888 0 1085 1086
1088 1889 0 1086 1087
1089 1890 0 1087 1088
1090 1891 0 1088 1089
1091 1892 0 1089 1090
1092 1893 0 1090 1091
1093 1894 0 1091 1092
1094 1895 0 1092 1093
1095 1896 0 1093 1094
1096 1897 0 1094 1095
1097 1898 0 1095 1096
1098 1899 0 1096 1097
1099 1900 0 1097 1098
1100 1901 0 1098 1099
1101 1902 0 1099 1100
1102 1903 0 1100 1101
1103 1904 0 1101 1102
1104 1905 0 1102 1103
1105 1906 0 1103 1104
1106 1907 0 1104 1105
1107 1908 0 1105 1106
1108 1909 0 1106 1107
1109 1910 0 1107 1108
1110 1911 0 1108 1109
1111 1912 0 1109 1110
1112 1913 0 1110 1111
1113 1914 0 1111 1112
1114 1915 0 1112 1113
1115 1916 0 1113 1114
1116 1917 0 1114 1115
1117 1918 0 1115 1116
1118 1919 0 1116 1117
1119 1920 0 1117 1118
1120 1921 0 1118 1119
1121 1922 0 1119 1120
1122 1923 0 1120 1121
1123 1924 0 1121 1122
1124 1925 0 1122 1123
1125 1926 0 1123 1124
1126 1927 0 1124 1125
1127 1928 0 1125 1126
1128 1929 0 1126 1127
1129 1930 0 1127 1128
1130 1931 0 1128 1129
1131 1932 0 1129 1130
1132 1933 0 1130 1131
1133 1934 0 1131 1132
1134 1935 0 1132 1133
1135 1936 0 1133 1134
1136 1937 0 1134 1135
1137 1938 0 1135 1136
1138 1939 0 1136 1137
1139 1940 0 1137 1138
1140 1941 0 1138 1139
1141 1942 0 1139 1140
1142 1943 0 1140 1141
1143 1944 0 1141 1142
1144 1945 0 1142 1143
1145 1946 0 1143 1144
1146 1947 0 1144 1145
1147 1948 0 1145 1146
1148 1949 0 1146 1147
1149 1950 0 1147 1148
1150 1951 0 1148 1149
1151 1952 0 1149 1150
1152 1953 0 1150 1151
1153 1954 0 1151 1152
1154 1955 0 1152 1153
1155 1956 0 1153 1154
1156 1957 0 1154 1155
1157 1958 0 1155 1156
1158 1959 0 1156 1157
1159 1960 0 1157 1158
1160 1961 0 1158 1159
1161 1962 0 1159 1160
1162 1963 0 1160 1161
1163 1964 0 1161 1162
1164 1965 0 1162 1163
1165 1966 0 1163 1164
1166 1967 0 1164 1165
1167 1968 0 1165 1166
1168 1969 0 1166 1167
1169 1970 0 1167 1168
1170 1971 0 1168 1169
1171 1972 0 1169 1170
1172 1973 0 1170 1171
1173 1974 0 1171 1172
1174 1975 0 1172 1173
1175 1976 0 1173 1174
1176 1977 0 1174 1175
1177 1978 0 1175 1176
1178 1979 0 1176 1177
1179 1980 0 1177 1178
1180 1981 0 1178 1179
1181 1982 0 1179 1180
1182 1983 0 1180 1181
1183 1984 0 1181 1182
1184 1985 0 1182 1183
1185 1986 0 1183 1184
1186 1987 0 1184 1185
1187 1988 0 1185 1186
1188 1989 0 1186 1187
1189 1990 0 1187 1188
1190 1991 0 1188 1189
1191 1992 0 1189 1190
1192 1993 0 1190 1191
1193 1994 0 1191 1192
1194 1995 0 1192 1193
1195 1996 0 1193 1194
1196 1997 0 1194 1195
1197 1998 0 1195 1196
1198 1999 0 1196 1197
1199 2000 0 1197 1198
1200 2001 0 1198 1199
1201 2002 0 1199 1200
1202 2003 0 1200 1201
1203 2004 0 1201 1202
1204 2005 0 1202 1203
1205 2006 0 1203 1204
1206 2007 0 1204 1205
1207 2008 0 1205 1206
1208 2009 0 1206 1207
1209 2010 0 1207 1208
1210 2011 0 1208 1209
1211 2012 0 1209 1210
1212 2013 0 1210 1211
1213 2014 0 1211 1212
1214 2015 0 1212 1213
1215 2016 0 1213 1214
1216 2017 0 1214 1215
1217 2018 0 1215 1216
1218 2019 0 1216 1217
1219 2020 0 1217 1218
1220 2021 0 1218 1219
1221 2022 0 1219 1220
1222 2023 0 1220 1221
1223 2024 0 1221 1222
1224 2025 0 1222 1223
1225 2026 0 1223 1224
1226 2027 0 1224 1225
1227 2028 0 1225 1226
1228 2029 0 1226 1227
1229 2030 0 1227 1228
1230 2031 0 1228 1229
1231 2032 0 1229 1230
1232 2033 0 1230 1231
1233 2034 0 1231 1232
1234 2035 0 1232 1233
1235 2036 0 1233 1234
1236 2037 0 1234 1235
1237 2038 0 1235 1236
1238 2039 0 1236 1237
1239 2040 0 1237 1238
1240 2041 0 1238 1239
1241 2042 0 1239 1240
1242 2043 0 1240 1241
1243 2044 0 1241 1242
1244 2045 0 1242 1243
1245 2046 0 1243 1244
1246 2047 0 1244 1245
1247 2048 0 1245 1246
1248 2049 0 1246 1247
1249 2050 0 1247 1248
1250 2051 0 1248 1249
1251 2052 0 1249 1250
1252 2053 0 1250 1251
1253 2054 0 1251 1252
1254 2055 0 1252 1253
1255 2056 0 1253 1254
1256 2057 0 1254 1255
1257 2058 0 1255 1256
1258 2059 0 1256 1257
1259 2060 0 1257 1258
1260 2061 0 1258 1259
1261 2062 0 1259 1260
1262 2063 0 1260 1261
1263 2064 0 1261 1262
1264 2065 0 1262 1263
1265 2066 0 1263 1264
1266 2067 0 1264 1265
1267 2068 0 1265 1266
1268 2069 0 1266 1267
1269 2070 0 1267 1268
1270 2071 0 1268 1269
1271 2072 0 1269 1270
1272 2073 0 1270 1271
1273 2074 0 1271 1272
1274 2075 0 1272 1273
1275 2076 0 1273 1274
1276 2077 0 1274 1275
1277 2078 0 1275 1276
1278 2079 0 1276 1277
1279 2080 0 1277 1278
1280 2081 0 1278 1279
1281 2082 0 1279 1280
1282 2083 0 1280 1281
1283 2084 0 1281 1282
1284 2085 0 1282 1283
1285 2086 0 1283 1284
1286 2087 0 1284 1285
1287 2088 0 1285 1286
1288 2089 0 1286 1287
1289 2090 0 1287 1288
1290 2091 0 1288 1289
1291 2092 0 1289 1290
1292 2093 0 1290 1291
1293 2094 0 1291 1292
1294 2095 0 1292 1293
1295 2096 0 1293 1294
1296 2097 0 1294 1295
1297 2098 0 1295 1296
1298 2099 0 1296 1297
1299 2100 0 1297 1298
1300 2101 0 1298 1299
1301 2102 0 1299 1300
1302 2103 0 1300 1301
1303 2104 0 1301 1302
1304 2105 0 1302 1303
1305 2106 0 1303 1304
1306 2107 0 1304 1305
1307 2108 0 1305 1306
1308 2109 0 1306 1307
1309 2110 0 1307 1308
1310 2111 0 1308 1309
1311 2112 0 1309 1310
1312 2113 0 1310 1311
1313 2114 0 1311 1312
1314 2115 0 1312 1313
1315 2116 0 1313 1314
1316 2117 0 1314 1315
1317 2118 0 1315 1316
1318 2119 0 1316 1317
1319 2120 0 1317 1318
1320 2121 0 1318 1319
1321 2122 0 1319 1320
1322 2123 0 1320 1321
1323 2124 0 1321 1322
1324 2125 0 1322 1323
1325 2126 0 1323 1324
1326 2127 0 1324 1325
1327 2128 0 1325 1326
1328 2129 0 1326 1327
1329 2130 0 1327 1328
1330 2131 0 1328 1329
1331 2132 0 1329 1330
1332 2133 0 1330 1331
1333 2134 0 1331 1332
1334 2135 0 1332 1333
1335 2136 0 1333 1334
1336 2137 0 1334 1335
1337 2138 0 1335 1336
1338 2139 0 1336 1337
1339 2140 0 1337 1338
1340 2141 0 1338 1339
1341 2142 0 1339 1340
1342 2143 0 1340 1341
1343 2144 0 1341 1342
1344 2145 0 1342 1343
1345 2146 0 1343 1344
1346 2147 0 1344 1345
1347 2148 0 1345 1346
1348 2149 0 1346 1347
1349 2150 0 1347 1348
1350 2151 0 1348 1349
1351 2152 0 1349 1350
1352 2153 0 1350 1351
1353 2154 0 1351 1352
1354 2155 0 1352 1353
1355 2156 0 1353 1354
1356 2157 0 1354 1355
1357 2158 0 1355 1356
1358 2159 0 1356 1357
1359 2160 0 1357 1358
1360 2161 0 1358 1359
1361 2162 0 1359 1360
1362 2163 0 1360 1361
1363 2164 0 1361 1362
1364 2165 0 1362 1363
1365 2166 0 1363 1364
1366 2167 0 1364 1365
1367 2168 0 1365 1366
1368 2169 0 1366 1367
1369 2170 0 1367 1368
1370 2171 0 1368 1369
1371 2172 0 1369 1370
1372 2173 0 1370 1371
1373 2174 0 1371 1372
1374 2175 0 1372 1373
1375 2176 0 1373 1374
1376 2177 0 1374 1375
1377 2178 0 1375 1376
1378 2179 0 1376 1377
1379 2180 0 1377 1378
1380 2181 0 1378 1379
1381 2182 0 1379 1380
1382 2183 0 1380 1381
1383 2184 0 1381 1382
1384 2185 0 1382 1383
1385 2186 0 1383 1384
1386 2187 0 1384 1385
1387 2188 0 1385 1386
1388 2189 0 1386 1387
1389 2190 0 1387 1388
1390 2191 0 1388 1389
1391 2192 0 1389 1390
1392 2193 0 1390 1391
1393 2194 0 1391 1392
1394 2195 0 1392 1393
1395 2196 0 1393 1394
1396 2197 0 1394 1395
1397 2198 0 1395 1396
1398 2199 0 1396 1397
1399 2200 0 1397 1398
1400 2201 0 1398 1399
1401 2202 0 1399 1400
1402 2203 0 1400 1401
1403 2204 0 1401 1402
1404 2205 0 1402 1403
1405 2206 0 1403 1404
1406 2207 0 1404 1405
1407 2208 0 1405 1406
1408 2209 0 1406 1407
1409 2210 0 1407 1408
1410 2211 0 1408 1409
1411 2212 0 1409 1410
1412 2213 0 1410 1411
1413 2214 0 1411 1412
1414 2215 0 1412 1413
1415 2216 0 1413 1414
1416 2217 0 1414 1415
1417 2218 0 1415 1416
1418 2219 0 1416 1417
1419 2220 0 1417 1418
1420 2221 0 1418 1419
1421 2222 0 1419 1420
1422 2223 0 1420 1421
1423 2224 0 1421 1422
1424 2225 0 1422 1423
1425 2226 0 1423 1424
1426 2227 0 1424 1425
1427 2228 0 1425 1426
1428 2229 0 1426 1427
1429 2230 0 1427 1428
1430 2231 0 1428 1429
1431 2232 0 1429 1430
1432 2233 0 1430 1431
1433 2234 0 1431 1432
1434 2235 0 1432 1433
1435 2236 0 1433 1434
1436 2237 0 1434 1435
1437 2238 0 1435 1436
1438 2239 0 1436 1437
1439 2240 0 1437 1438
1440 2241 0 1438 1439
1441 2242 0 1439 1440
1442 2243 0 1440 1441
1443 2244 0 1441 1442
1444 2245 0 1442 1443
1445 2246 0 1443 1444
1446 2247 0 1444 1445
1447 2248 0 1445 1446
1448 2249 0 1446 1447
1449 2250 0 1447 1448
1450 2251 0 1448 1449
1451 2252 0 1449 1450
1452 2253 0 1450 1451
1453 2254 0 1451 1452
1454 2255 0 1452 1453
1455 2256 0 1453 1454
1456 2257 0 1454 1455
1457 2258 0 1455 1456
1458 2259 0 1456 1457
1459 2260 0 1457 1458
1460 2261 0 1458 1459
1461 2262 0 1459 1460
1462 2263 0 1460 1461
1463 2264 0 1461 1462
1464 2265 0 1462 1463
1465 2266 0 1463 1464
1466 2267 0 1464 1465
1467 2268 0 1465 1466
1468 2269 0 1466 1467
1469 2270 0 1467 1468
1470 2271 0 1468 1469
1471 2272 0 1469 1470
1472 2273 0 1470 1471
1473 2274 0 1471 1472
1474 2275 0 1472 1473
1475 2276 0 1473 1474
1476 2277 0 1474 1475
1477 2278 0 1475 1476
1478 2279 0 1476 1477
1479 2280 0 1477 1478
1480 2281 0 1478 1479
1481 2282 0 1479 1480
1482 2283 0 1480 1481
1483 2284 0 1481 1482
1484 2285 0 1482 1483
1485 2286 0 1483 1484
1486 2287 0 1484 1485
1487 2288 0 1485 1486
1488 2289 0 1486 1487
1489 2290 0 1487 1488
1490 2291 0 1488 1489
1491 2292 0 1489 1490
1492 2293 0 1490 1491
1493 2294 0 1491 1492
1494 2295 0 1492 1493
1495 2296 0 1493 1494
1496 2297 0 1494 1495
1497 2298 0 1495 1496
1498 2299 0 1496 1497
1499 2300 0 1497 1498
1500 2301 0 1498 1499
1501 2302 0 1499 1500
1502 2303 0 1500 1501
1503 2304 0 1501 1502
1504 2305 0 1502 1503
1505 2306 0 1503 1504
1506 2307 0 1504 1505
1507 2308 0 1505 1506
1508 2309 0 1506 1507
1509 2310 0 1507 1508
1510 2311 0 1508 1509
1511 2312 0 1509 1510
1512 2313 0 1510 1511
1513 2314 0 1511 1512
1514 2315 0 1512 1513
1515 2316 0 1513 1514
1516 2317 0 1514 1515
1517 2318 0 1515 1516
1518 2319 0 1516 1517
1519 2320 0 1517 1518
1520 2321 0 1518 1519
1521 2322 0 1519 1520
1522 2323 0 1520 1521
1523 2324 0 1521 1522
1524 2325 0 1522 1523
1525 2326 0 1523 1524
1526 2327 0 1524 1525
1527 2328 0 1525 1526
1528 2329 0 1526 1527
1529 2330 0 1527 1528
1530 2331 0 1528 1529
1531 2332 0 1529 1530
1532 2333 0 1530 1531
1533 2334 0 1531 1532
1534 2335 0 1532 1533
1535 2336 0 1533 1534
1536 2337 0 1534 1535
1537 2338 0 1535 1536
1538 2339 0 1536 1537
1539 2340 0 1537 1538
1540 2341 0 1538 1539
1541 2342 0 1539 1540
1542 2343 0 1540 1541
1543 2344 0 1541 1542
1544 2345 0 1542 1543
1545 2346 0 1543 1544
1546 2347 0 1544 1545
1547 2348 0 1545 1546
1548 2349 0 1546 1547
1549 2350 0 1547 1548
1550 2351 0 1548 1549
1551 2352 0 1549 1550
1552 2353 0 1550 1551
1553 2354 0 1551 1552
1554 2355 0 1552 1553
1555 2356 0 1553 1554
1556 2357 0 1554 1555
1557 2358 0 1555 1556
1558 2359 0 1556 1557
1559 2360 0 1557 1558
1560 2361 0 1558 1559
1561 2362 0 1559 1560
1562 2363 0 1560 1561
1563 2364 0 1561 1562
1564 2365 0 1562 1563
1565 2366 0 1563 1564
1566 2367 0 1564 1565
1567 2368 0 1565 1566
1568 2369 0 1566 1567
1569 2370 0 1567 1568
1570 2371 0 1568 1569
1571 2372 0 1569 1570
1572 2373 0 1570 1571
1573 2374 0 1571 1572
1574 2375 0 1572 1573
1575 2376 0 1573 1574
1576 2377 0 1574 1575
1577 2378 0 1575 1576
1578 2379 0 1576 1577
1579 2380 0 1577 1578
1580 2381 0 1578 1579
1581 2382 0 1579 1580
1582 2383 0 1580 1581
1583 2384 0 1581 1582
1584 2385 0 1582 1583
1585 2386 0 1583 1584
1586 2387 0 1584 1585
1587 2388 0 1585 1586
1588 2389 0 1586 1587
1589 2390 0 1587 1588
1590 2391 0 1588 1589
1591 2392 0 1589 1590
1592 2393 0 1590 1591
1593 2394 0 1591 1592
1594 2395 0 1592 1593
1595 2396 0 1593 1594
1596 2397 0 1594 1595
1597 2398 0 1595 1596
1598 2399 0 1596 1597
1599 2400 0 1597 1598
1600 2401 0 1598 1599
1602 2403 0 2399 1600
1603 2404 0 1600 1601
1604 2405 0 1601 1602
1605 2406 0 1602 1603
1606 2407 0 1603 1604
1607 2408 0 1604 1605
1608 2409 0 1605 1606
1609 2410 0 1606 1607
1610 2411 0 1607 1608
1611 2412 0 1608 1609
1612 2413 0 1609 1610
1613 2414 0 1610 1611
1614 2415 0 1611 1612
1615 2416 0 1612 1613
1616 2417 0 1613 1614
1617 2418 0 1614 1615
1618 2419 0 1615 1616
1619 2420 0 1616 1617
1620 2421 0 1617 1618
1621 2422 0 1618 1619
1622 2423 0 1619 1620
1623 2424 0 1620 1621
1624 2425 0 1621 1622
1625 2426 0 1622 1623
1626 2427 0 1623 1624
1627 2428 0 1624 1625
1628 2429 0 1625 1626
1629 2430 0 1626 1627
1630 2431 0 1627 1628
1631 2432 0 1628 1629
1632 2433 0 1629 1630
1633 2434 0 1630 1631
1634 2435 0 1631 1632
1635 2436 0 1632 1633
1636 2437 0 1633 1634
1637 2438 0 1634 1635
1638 2439 0 1635 1636
1639 2440 0 1636 1637
1640 2441 0 1637 1638
1641 2442 0 1638 1639
1642 2443 0 1639 1640
1643 2444 0 1640 1641
1644 2445 0 1641 1642
1645 2446 0 1642 1643
1646 2447 0 1643 1644
1647 2448 0 1644 1645
1648 2449 0 1645 1646
1649 2450 0 1646 1647
1650 2451 0 1647 1648
1651 2452 0 1648 1649
1652 2453 0 1649 1650
1653 2454 0 1650 1651
1654 2455 0 1651 1652
1655 2456 0 1652 1653
1656 2457 0 1653 1654
1657 2458 0 1654 1655
1658 2459 0 1655 1656
1659 2460 0 1656 1657
1660 2461 0 1657 1658
1661 2462 0 1658 1659
1662 2463 0 1659 1660
1663 2464 0 1660 1661
1664 2465 0 1661 1662
1665 2466 0 1662 1663
1666 2467 0 1663 1664
1667 2468 0 1664 1665
1668 2469 0 1665 1666
1669 2470 0 1666 1667
1670 2471 0 1667 1668
1671 2472 0 1668 1669
1672 2473 0 1669 1670
1673 2474 0 1670 1671
1674 2475 0 1671 1672
1675 2476 0 1672 1673
1676 2477 0 1673 1674
1677 2478 0 1674 1675
1678 2479 0 1675 1676
1679 2480 0 1676 1677
1680 2481 0 1677 1678
1681 2482 0 1678 1679
1682 2483 0 1679 1680
1683 2484 0 1680 1681
1684 2485 0 1681 1682
1685 2486 0 1682 1683
1686 2487 0 1683 1684
1687 2488 0 1684 1685
1688 2489 0 1685 1686
1689 2490 0 1686 1687
1690 2491 0 1687 1688
1691 2492 0 1688 1689
1692 2493 0 1689 1690
1693 2494 0 1690 1691
1694 2495 0 1691 1692
1695 2496 0 1692 1693
1696 2497 0 1693 1694
1697 2498 0 1694 1695
1698 2499 0 1695 1696
1699 2500 0 1696 1697
1700 2501 0 1697 1698
1701 2502 0 1698 1699
1702 2503 0 1699 1700
1703 2504 0 1700 1701
1704 2505 0 1701 1702
1705 2506 0 1702 1703
1706 2507 0 1703 1704
1707 2508 0 1704 1705
1708 2509 0 1705 1706
1709 2510 0 1706 1707
1710 2511 0 1707 1708
1711 2512 0 1708 1709
1712 2513 0 1709 1710
1713 2514 0 1710 1711
1714 2515 0 1711 1712
1715 2516 0 1712 1713
1716 2517 0 1713 1714
1717 2518 0 1714 1715
1718 2519 0 1715 1716
1719 2520 0 1716 1717
1720 2521 0 1717 1718
1721 2522 0 1718 1719
1722 2523 0 1719 1720
1723 2524 0 1720 1721
1724 2525 0 1721 1722
1725 2526 0 1722 1723
1726 2527 0 1723 1724
1727 2528 0 1724 1725
1728 2529 0 1725 1726
1729 2530 0 1726 1727
1730 2531 0 1727 1728
1731 2532 0 1728 1729
1732 2533 0 1729 1730
1733 2534 0 1730 1731
1734 2535 0 1731 1732
1735 2536 0 1732 1733
1736 2537 0 1733 1734
1737 2538 0 1734 1735
1738 2539 0 1735 1736
1739 2540 0 1736 1737
1740 2541 0 1737 1738
1741 2542 0 1738 1739
1742 2543 0 1739 1740
1743 2544 0 1740 1741
1744 2545 0 1741 1742
1745 2546 0 1742 1743
1746 2547 0 1743 1744
1747 2548 0 1744 1745
1748 2549 0 1745 1746
1749 2550 0 1746 1747
1750 2551 0 1747 1748
1751 2552 0 1748 1749
1752 2553 0 1749 1750
1753 2554 0 1750 1751
1754 2555 0 1751 1752
1755 2556 0 1752 1753
1756 2557 0 1753 1754
1757 2558 0 1754 1755
1758 2559 0 1755 1756
1759 2560 0 1756 1757
1760 2561 0 1757 1758
1761 2562 0 1758 1759
1762 2563 0 1759 1760
1763 2564 0 1760 1761
1764 2565 0 1761 1762
1765 2566 0 1762 1763
1766 2567 0 1763 1764
1767 2568 0 1764 1765
1768 2569 0 1765 1766
1769 2570 0 1766 1767
1770 2571 0 1767 1768
1771 2572 0 1768 1769
1772 2573 0 1769 1770
1773 2574 0 1770 1771
1774 2575 0 1771 1772
1775 2576 0 1772 1773
1776 2577 0 1773 1774
1777 2578 0 1774 1775
1778 2579 0 1775 1776
1779 2580 0 1776 1777
1780 2581 0 1777 1778
1781 2582 0 1778 1779
1782 2583 0 1779 1780
1783 2584 0 1780 1781
1784 2585 0 1781 1782
1785 2586 0 1782 1783
1786 2587 0 1783 1784
1787 2588 0 1784 1785
1788 2589 0 1785 1786
1789 2590 0 1786 1787
1790 2591 0 1787 1788
1791 2592 0 1788 1789
1792 2593 0 1789 1790
1793 2594 0 1790 1791
1794 2595 0 1791 1792
1795 2596 0 1792 1793
1796 2597 0 1793 1794
1797 2598 0 1794 1795
1798 2599 0 1795 1796
1799 2600 0 1796 1797
1800 2601 0 1797 1798
1801 2602 0 1798 1799
1802 2603 0 1799 1800
1803 2604 0 1800 1801
1804 2605 0 1801 1802
1805 2606 0 1802 1803
1806 2607 0 1803 1804
1807 2608 0 1804 1805
1808 2609 0 1805 1806
1809 2610 0 1806 1807
1810 2611 0 1807 1808
1811 2612 0 1808 1809
1812 2613 0 1809 1810
1813 2614 0 1810 1811
1814 2615 0 1811 1812
1815 2616 0 1812 1813
1816 2617 0 1813 1814
1817 2618 0 1814 1815
1818 2619 0 1815 1816
1819 2620 0 1816 1817
1820 2621 0 1817 1818
1821 2622 0 1818 1819
1822 2623 0 1819 1820
1823 2624 0 1820 1821
1824 2625 0 1821 1822
1825 2626 0 1822 1823
1826 2627 0 1823 1824
1827 2628 0 1824 1825
1828 2629 0 1825 1826
1829 2630 0 1826 1827
1830 2631 0 1827 1828
1831 2632 0 1828 1829
1832 2633 0 1829 1830
1833 2634 0 1830 1831
1834 2635 0 1831 1832
1835 2636 0 1832 1833
1836 2637 0 1833 1834
1837 2638 0 1834 1835
1838 2639 0 1835 1836
1839 2640 0 1836 1837
1840 2641 0 1837 1838
1841 2642 0 1838 1839
1842 2643 0 1839 1840
1843 2644 0 1840 1841
1844 2645 0 1841 1842
1845 2646 0 1842 1843
1846 2647 0 1843 1844
1847 2648 0 1844 1845
1848 2649 0 1845 1846
1849 2650 0 1846 1847
1850 2651 0 1847 1848
1851 2652 0 1848 1849
1852 2653 0 1849 1850
1853 2654 0 1850 1851
1854 2655 0 1851 1852
1855 2656 0 1852 1853
1856 2657 0 1853 1854
1857 2658 0 1854 1855
1858 2659 0 1855 1856
1859 2660 0 1856 1857
1860 2661 0 1857 1858
1861 2662 0 1858 1859
1862 2663 0 1859 1860
1863 2664 0 1860 1861
1864 2665 0 1861 1862
1865 2666 0 1862 1863
1866 2667 0 1863 1864
1867 2668 0 1864 1865
1868 2669 0 1865 1866
1869 2670 0 1866 1867
1870 2671 0 1867 1868
1871 2672 0 1868 1869
1872 2673 0 1869 1870
1873 2674 0 1870 1871
1874 2675 0 1871 1872
1875 2676 0 1872 1873
1876 2677 0 1873 1874
1877 2678 0 1874 1875
1878 2679 0 1875 1876
1879 2680 0 1876 1877
1880 2681 0 1877 1878
1881 2682 0 1878 1879
1882 2683 0 1879 1880
1883 2684 0 1880 1881
1884 2685 0 1881 1882
1885 2686 0 1882 1883
1886 2687 0 1883 1884
1887 2688 0 1884 1885
1888 2689 0 1885 1886
1889 2690 0 1886 1887
1890 2691 0 1887 1888
1891 2692 0 1888 1889
1892 2693 0 1889 1890
1893 2694 0 1890 1891
1894 2695 0 1891 1892
1895 2696 0 1892 1893
1896 2697 0 1893 1894
1897 2698 0 1894 1895
1898 2699 0 1895 1896
1899 2700 0 1896 1897
1900 2701 0 1897 1898
1901 2702 0 1898 1899
1902 2703 0 1899 1900
1903 2704 0 1900 1901
1904 2705 0 1901 1902
1905 2706 0 1902 1903
1906 2707 0 1903 1904
1907 2708 0 1904 1905
1908 2709 0 1905 1906
1909 2710 0 1906 1907
1910 2711 0 1907 1908
1911 2712 0 1908 1909
1912 2713 0 1909 1910
1913 2714 0 1910 1911
1914 2715 0 1911 1912
1915 2716 0 1912 1913
1916 2717 0 1913 1914
1917 2718 0 1914 1915
1918 2719 0 1915 1916
1919 2720 0 1916 1917
1920 2721 0 1917 1918
1921 2722 0 1918 1919
1922 2723 0 1919 1920
1923 2724 0 1920 1921
1924 2725 0 1921 1922
1925 2726 0 1922 1923
1926 2727 0 1923 1924
1927 2728 0 1924 1925
1928 2729 0 1925 1926
1929 2730 0 1926 1927
1930 2731 0 1927 1928
1931 2732 0 1928 1929
1932 2733 0 1929 1930
1933 2734 0 1930 1931
1934 2735 0 1931 1932
1935 2736 0 1932 1933
1936 2737 0 1933 1934
1937 2738 0 1934 1935
1938 2739 0 1935 1936
1939 2740 0 1936 1937
1940 2741 0 1937 1938
1941 2742 0 1938 1939
1942 2743 0 1939 1940
1943 2744 0 1940 1941
1944 2745 0 1941 1942
1945 2746 0 1942 1943
1946 2747 0 1943 1944
1947 2748 0 1944 1945
1948 2749 0 1945 1946
1949 2750 0 1946 1947
1950 2751 0 1947 1948
1951 2752 0 1948 1949
1952 2753 0 1949 1950
1953 2754 0 1950 1951
1954 2755 0 1951 1952
1955 2756 0 1952 1953
1956 2757 0 1953 1954
1957 2758 0 1954 1955
1958 2759 0 1955 1956
1959 2760 0 1956 1957
1960 2761 0 1957 1958
1961 2762 0 1958 1959
1962 2763 0 1959 1960
1963 2764 0 1960 1961
1964 2765 0 1961 1962
1965 2766 0 1962 1963
1966 2767 0 1963 1964
1967 2768 0 1964 1965
1968 2769 0 1965 1966
1969 2770 0 1966 1967
1970 2771 0 1967 1968
1971 2772 0 1968 1969
1972 2773 0 1969 1970
1973 2774 0 1970 1971
1974 2775 0 1971 1972
1975 2776 0 1972 1973
1976 2777 0 1973 1974
1977 2778 0 1974 1975
1978 2779 0 1975 1976
1979 2780 0 1976 1977
1980 2781 0 1977 1978
1981 2782 0 1978 1979
1982 2783 0 1979 1980
1983 2784 0 1980 1981
1984 2785 0 1981 1982
1985 2786 0 1982 1983
1986 2787 0 1983 1984
1987 2788 0 1984 1985
1988 2789 0 1985 1986
1989 2790 0 1986 1987
1990 2791 0 1987 1988
1991 2792 0 1988 1989
1992 2793 0 1989 1990
1993 2794 0 1990 1991
1994 2795 0 1991 1992
1995 2796 0 1992 1993
1996 2797 0 1993 1994
1997 2798 0 1994 1995
1998 2799 0 1995 1996
1999 2800 0 1996 1997
2000 2801 0 1997 1998
2001 2802 0 1998 1999
2002 2803 0 1999 2000
2003 2804 0 2000 2001
2004 2805 0 2001 2002
2005 2806 0 2002 2003
2006 2807 0 2003 2004
2007 2808 0 2004 2005
2008 2809 0 2005 2006
2009 2810 0 2006 2007
2010 2811 0 2007 2008
2011 2812 0 2008 2009
2012 2813 0 2009 2010
2013 2814 0 2010 2011
2014 2815 0 2011 2012
2015 2816 0 2012 2013
2016 2817 0 2013 2014
2017 2818 0 2014 2015
2018 2819 0 2015 2016
2019 2820 0 2016 2017
2020 2821 0 2017 2018
2021 2822 0 2018 2019
2022 2823 0 2019 2020
2023 2824 0 2020 2021
2024 2825 0 2021 2022
2025 2826 0 2022 2023
2026 2827 0 2023 2024
2027 2828 0 2024 2025
2028 2829 0 2025 2026
2029 2830 0 2026 2027
2030 2831 0 2027 2028
2031 2832 0 2028 2029
2032 2833 0 2029 2030
2033 2834 0 2030 2031
2034 2835 0 2031 2032
2035 2836 0 2032 2033
2036 2837 0 2033 2034
2037 2838 0 2034 2035
2038 2839 0 2035 2036
2039 2840 0 2036 2037
2040 2841 0 2037 2038
2041 2842 0 2038 2039
2042 2843 0 2039 2040
2043 2844 0 2040 2041
2044 2845 0 2041 2042
2045 2846 0 2042 2043
2046 2847 0 2043 2044
2047 2848 0 2044 2045
2048 2849 0 2045 2046
2049 2850 0 2046 2047
2050 2851 0 2047 2048
2051 2852 0 2048 2049
2052 2853 0 2049 2050
2053 2854 0 2050 2051
2054 2855 0 2051 2052
2055 2856 0 2052 2053
2056 2857 0 2053 2054
2057 2858 0 2054 2055
2058 2859 0 2055 2056
2059 2860 0 2056 2057
2060 2861 0 2057 2058
2061 2862 0 2058 2059
2062 2863 0 2059 2060
2063 2864 0 2060 2061
2064 2865 0 2061 2062
2065 2866 0 2062 2063
2066 2867 0 2063 2064
2067 2868 0 2064 2065
2068 2869 0 2065 2066
2069 2870 0 2066 2067
2070 2871 0 2067 2068
2071 2872 0 2068 2069
2072 2873 0 2069 2070
2073 2874 0 2070 2071
2074 2875 0 2071 2072
2075 2876 0 2072 2073
2076 2877 0 2073 2074
2077 2878 0 2074 2075
2078 2879 0 2075 2076
2079 2880 0 2076 2077
2080 2881 0 2077 2078
2081 2882 0 2078 2079
2082 2883 0 2079 2080
2083 2884 0 2080 2081
2084 2885 0 2081 2082
2085 2886 0 2082 2083
2086 2887 0 2083 2084
2087 2888 0 2084 2085
2088 2889 0 2085 2086
2089 2890 0 2086 2087
2090 2891 0 2087 2088
2091 2892 0 2088 2089
2092 2893 0 2089 2090
2093 2894 0 2090 2091
2094 2895 0 2091 2092
2095 2896 0 2092 2093
2096 2897 0 2093 2094
2097 2898 0 2094 2095
2098 2899 0 2095 2096
2099 2900 0 2096 2097
2100 2901 0 2097 2098
2101 2902 0 2098 2099
2102 2903 0 2099 2100
2103 2904 0 2100 2101
2104 2905 0 2101 2102
2105 2906 0 2102 2103
2106 2907 0 2103 2104
2107 2908 0 2104 2105
2108 2909 0 2105 2106
2109 2910 0 2106 2107
2110 2911 0 2107 2108
2111 2912 0 2108 2109
2112 2913 0 2109 2110
2113 2914 0 2110 2111
2114 2915 0 2111 2112
2115 2916 0 2112 2113
2116 2917 0 2113 2114
2117 2918 0 2114 2115
2118 2919 0 2115 2116
2119 2920 0 2116 2117
2120 2921 0 2117 2118
2121 2922 0 2118 2119
2122 2923 0 2119 2120
2123 2924 0 2120 2121
2124 2925 0 2121 2122
2125 2926 0 2122 2123
2126 2927 0 2123 2124
2127 2928 0 2124 2125
2128 2929 0 2125 2126
2129 2930 0 2126 2127
2130 2931 0 2127 2128
2131 2932 0 2128 2129
2132 2933 0 2129 2130
2133 2934 0 2130 2131
2134 2935 0 2131 2132
2135 2936 0 2132 2133
2136 2937 0 2133 2134
2137 2938 0 2134 2135
2138 2939 0 2135 2136
2139 2940 0 2136 2137
2140 2941 0 2137 2138
2141 2942 0 2138 2139
2142 2943 0 2139 2140
2143 2944 0 2140 2141
2144 2945 0 2141 2142
2145 2946 0 2142 2143
2146 2947 0 2143 2144
2147 2948 0 2144 2145
2148 2949 0 2145 2146
2149 2950 0 2146 2147
2150 2951 0 2147 2148
2151 2952 0 2148 2149
2152 2953 0 2149 2150
2153 2954 0 2150 2151
2154 2955 0 2151 2152
2155 2956 0 2152 2153
2156 2957 0 2153 2154
2157 2958 0 2154 2155
2158 2959 0 2155 2156
2159 2960 0 2156 2157
2160 2961 0 2157 2158
2161 2962 0 2158 2159
2162 2963 0 2159 2160
2163 2964 0 2160 2161
2164 2965 0 2161 2162
2165 2966 0 2162 2163
2166 2967 0 2163 2164
2167 2968 0 2164 2165
2168 2969 0 2165 2166
2169 2970 0 2166 2167
2170 2971 0 2167 2168
2171 2972 0 2168 2169
2172 2973 0 2169 2170
2173 2974 0 2170 2171
2174 2975 0 2171 2172
2175 2976 0 2172 2173
2176 2977 0 2173 2174
2177 2978 0 2174 2175
2178 2979 0 2175 2176
2179 2980 0 2176 2177
2180 2981 0 2177 2178
2181 2982 0 2178 2179
2182 2983 0 2179 2180
2183 2984 0 2180 2181
2184 2985 0 2181 2182
2185 2986 0 2182 2183
2186 2987 0 2183 2184
2187 2988 0 2184 2185
2188 2989 0 2185 2186
2189 2990 0 2186 2187
2190 2991 0 2187 2188
2191 2992 0 2188 2189
2192 2993 0 2189 2190
2193 2994 0 2190 2191
2194 2995 0 2191 2192
2195 2996 0 2192 2193
2196 2997 0 2193 2194
2197 2998 0 2194 2195
2198 2999 0 2195 2196
2199 3000 0 2196 2197
2200 3001 0 2197 2198
2201 3002 0 2198 2199
2202 3003 0 2199 2200
2203 3004 0 2200 2201
2204 3005 0 2201 2202
2205 3006 0 2202 2203
2206 3007 0 2203 2204
2207 3008 0 2204 2205
2208 3009 0 2205 2206
2209 3010 0 2206 2207
2210 3011 0 2207 2208
2211 3012 0 2208 2209
2212 3013 0 2209 2210
2213 3014 0 2210 2211
2214 3015 0 2211 2212
2215 3016 0 2212 2213
2216 3017 0 2213 2214
2217 3018 0 2214 2215
2218 3019 0 2215 2216
2219 3020 0 2216 2217
2220 3021 0 2217 2218
2221 3022 0 2218 2219
2222 3023 0 2219 2220
2223 3024 0 2220 2221
2224 3025 0 2221 2222
2225 3026 0 2222 2223
2226 3027 0 2223 2224
2227 3028 0 2224 2225
2228 3029 0 2225 2226
2229 3030 0 2226 2227
2230 3031 0 2227 2228
2231 3032 0 2228 2229
2232 3033 0 2229 2230
2233 3034 0 2230 2231
2234 3035 0 2231 2232
2235 3036 0 2232 2233
2236 3037 0 2233 2234
2237 3038 0 2234 2235
2238 3039 0 2235 2236
2239 3040 0 2236 2237
2240 3041 0 2237 2238
2241 3042 0 2238 2239
2242 3043 0 2239 2240
2243 3044 0 2240 2241
2244 3045 0 2241 2242
2245 3046 0 2242 2243
2246 3047 0 2243 2244
2247 3048 0 2244 2245
2248 3049 0 2245 2246
2249 3050 0 2246 2247
2250 3051 0 2247 2248
2251 3052 0 2248 2249
2252 3053 0 2249 2250
2253 3054 0 2250 2251
2254 3055 0 2251 2252
2255 3056 0 2252 2253
2256 3057 0 2253 2254
2257 3058 0 2254 2255
2258 3059 0 2255 2256
2259 3060 0 2256 2257
2260 3061 0 2257 2258
2261 3062 0 2258 2259
2262 3063 0 2259 2260
2263 3064 0 2260 2261
2264 3065 0 2261 2262
2265 3066 0 2262 2263
2266 3067 0 2263 2264
2267 3068 0 2264 2265
2268 3069 0 2265 2266
2269 3070 0 2266 2267
2270 3071 0 2267 2268
2271 3072 0 2268 2269
2272 3073 0 2269 2270
2273 3074 0 2270 2271
2274 3075 0 2271 2272
2275 3076 0 2272 2273
2276 3077 0 2273 2274
2277 3078 0 2274 2275
2278 3079 0 2275 2276
2279 3080 0 2276 2277
2280 3081 0 2277 2278
2281 3082 0 2278 2279
2282 3083 0 2279 2280
2283 3084 0 2280 2281
2284 3085 0 2281 2282
2285 3086 0 2282 2283
2286 3087 0 2283 2284
2287 3088 0 2284 2285
2288 3089 0 2285 2286
2289 3090 0 2286 2287
2290 3091 0 2287 2288
2291 3092 0 2288 2289
2292 3093 0 2289 2290
2293 3094 0 2290 2291
2294 3095 0 2291 2292
2295 3096 0 2292 2293
2296 3097 0 2293 2294
2297 3098 0 2294 2295
2298 3099 0 2295 2296
2299 3100 0 2296 2297
2300 3101 0 2297 2298
2301 3102 0 2298 2299
2302 3103 0 2299 2300
2303 3104 0 2300 2301
2304 3105 0 2301 2302
2305 3106 0 2302 2303
2306 3107 0 2303 2304
2307 3108 0 2304 2305
2308 3109 0 2305 2306
2309 3110 0 2306 2307
2310 3111 0 2307 2308
2311 3112 0 2308 2309
2312 3113 0 2309 2310
2313 3114 0 2310 2311
2314 3115 0 2311 2312
2315 3116 0 2312 2313
2316 3117 0 2313 2314
2317 3118 0 2314 2315
2318 3119 0 2315 2316
2319 3120 0 2316 2317
2320 3121 0 2317 2318
2321 3122 0 2318 2319
2322 3123 0 2319 2320
2323 3124 0 2320 2321
2324 3125 0 2321 2322
2325 3126 0 2322 2323
2326 3127 0 2323 2324
2327 3128 0 2324 2325
2328 3129 0 2325 2326
2329 3130 0 2326 2327
2330 3131 0 2327 2328
2331 3132 0 2328 2329
2332 3133 0 2329 2330
2333 3134 0 2330 2331
2334 3135 0 2331 2332
2335 3136 0 2332 2333
2336 3137 0 2333 2334
2337 3138 0 2334 2335
2338 3139 0 2335 2336
2339 3140 0 2336 2337
2340 3141 0 2337 2338
2341 3142 0 2338 2339
2342 3143 0 2339 2340
2343 3144 0 2340 2341
2344 3145 0 2341 2342
2345 3146 0 2342 2343
2346 3147 0 2343 2344
2347 3148 0 2344 2345
2348 3149 0 2345 2346
2349 3150 0 2346 2347
2350 3151 0 2347 2348
2351 3152 0 2348 2349
2352 3153 0 2349 2350
2353 3154 0 2350 2351
2354 3155 0 2351 2352
2355 3156 0 2352 2353
2356 3157 0 2353 2354
2357 3158 0 2354 2355
2358 3159 0 2355 2356
2359 3160 0 2356 2357
2360 3161 0 2357 2358
2361 3162 0 2358 2359
2362 3163 0 2359 2360
2363 3164 0 2360 2361
2364 3165 0 2361 2362
2365 3166 0 2362 2363
2366 3167 0 2363 2364
2367 3168 0 2364 2365
2368 3169 0 2365 2366
2369 3170 0 2366 2367
2370 3171 0 2367 2368
2371 3172 0 2368 2369
2372 3173 0 2369 2370
2373 3174 0 2370 2371
2374 3175 0 2371 2372
2375 3176 0 2372 2373
2376 3177 0 2373 2374
2377 3178 0 2374 2375
2378 3179 0 2375 2376
2379 3180 0 2376 2377
2380 3181 0 2377 2378
2381 3182 0 2378 2379
2382 3183 0 2379 2380
2383 3184 0 2380 2381
2384 3185 0 2381 2382
2385 3186 0 2382 2383
2386 3187 0 2383 2384
2387 3188 0 2384 2385
2388 3189 0 2385 2386
2389 3190 0 2386 2387
2390 3191 0 2387 2388
2391 3192 0 2388 2389
2392 3193 0 2389 2390
2393 3194 0 2390 2391
2394 3195 0 2391 2392
2395 3196 0 2392 2393
2396 3197 0 2393 2394
2397 3198 0 2394 2395
2398 3199 0 2395 2396
2399 3200 0 2396 2397
2400 3201 0 2397 2398
2401 3202 0 2398 2399
0 1 0 0 1600
1 2 0 1 1601
2 3 0 2 1602
3 4 0 3 1603
4 5 0 4 1604
5 6 0 5 1605
6 7 0 6 1606
7 8 0 7 1607
8 9 0 8 1608
9 10 0 9 1609
10 11 0 10 1610
11 12 0 11 1611
12 13 0 12 1612
13 14 0 13 1613
14 15 0 14 1614
15 16 0 15 1615
16 17 0 16 1616
17 18 0 17 1617
18 19 0 18 1618
19 20 0 19 1619
20 21 0 20 1620
21 22 0 21 1621
22 23 0 22 1622
23 24 0 23 1623
24 25 0 24 1624
25 26 0 25 1625
26 27 0 26 1626
27 28 0 27 1627
28 29 0 28 1628
29 30 0 29 1629
30 31 0 30 1630
31 32 0 31 1631
32 33 0 32 1632
33 34 0 33 1633
34 35 0 34 1634
35 36 0 35 1635
36 37 0 36 1636
37 38 0 37 1637
38 39 0 38 1638
39 40 0 39 1639
40 41 0 40 1640
41 42 0 41 1641
42 43 0 42 1642
43 44 0 43 1643
44 45 0 44 1644
45 46 0 45 1645
46 47 0 46 1646
47 48 0 47 1647
48 49 0 48 1648
49 50 0 49 1649
50 51 0 50 1650
51 52 0 51 1651
52 53 0 52 1652
53 54 0 53 1653
54 55 0 54 1654
55 56 0 55 1655
56 57 0 56 1656
57 58 0 57 1657
58 59 0 58 1658
59 60 0 59 1659
60 61 0 60 1660
61 62 0 61 1661
62 63 0 62 1662
63 64 0 63 1663
64 65 0 64 1664
65 66 0 65 1665
66 67 0 66 1666
67 68 0 67 1667
68 69 0 68 1668
69 70 0 69 1669
70 71 0 70 1670
71 72 0 71 1671
72 73 0 72 1672
73 74 0 73 1673
74 75 0 74 1674
75 76 0 75 1675
76 77 0 76 1676
77 78 0 77 1677
78 79 0 78 1678
79 80 0 79 1679
80 81 0 80 1680
81 82 0 81 1681
82 83 0 82 1682
83 84 0 83 1683
84 85 0 84 1684
85 86 0 85 1685
86 87 0 86 1686
87 88 0 87 1687
88 89 0 88 1688
89 90 0 89 1689
90 91 0 90 1690
91 92 0 91 1691
92 93 0 92 1692
93 94 0 93 1693
94 95 0 94 1694
95 96 0 95 1695
96 97 0 96 1696
97 98 0 97 1697
98 99 0 98 1698
99 100 0 99 1699
100 101 0 100 1700
101 102 0 101 1701
102 103 0 102 1702
103 104 0 103 1703
104 105 0 104 1704
105 106 0 105 1705
106 107 0 106 1706
107 108 0 107 1707
108 109 0 108 1708
109 110 0 109 1709
110 111 0 110 1710
111 112 0 111 1711
112 113 0 112 1712
113 114 0 113 1713
114 115 0 114 1714
115 116 0 115 1715
116 117 0 116 1716
117 118 0 117 1717
118 119 0 118 1718
119 120 0 119 1719
120 121 0 120 1720
121 122 0 121 1721
122 123 0 122 1722
123 124 0 123 1723
124 125 0 124 1724
125 126 0 125 1725
126 127 0 126 1726
127 128 0 127 1727
128 129 0 128 1728
129 130 0 129 1729
130 131 0 130 1730
131 132 0 131 1731
132 133 0 132 1732
133 134 0 133 1733
134 135 0 134 1734
135 136 0 135 1735
136 137 0 136 1736
137 138 0 137 1737
138 139 0 138 1738
139 140 0 139 1739
140 141 0 140 1740
141 142 0 141 1741
142 143 0 142 1742
143 144 0 143 1743
144 145 0 144 1744
145 146 0 145 1745
146 147 0 146 1746
147 148 0 147 1747
148 149 0 148 1748
149 150 0 149 1749
150 151 0 150 1750
151 152 0 151 1751
152 153 0 152 1752
153 154 0 153 1753
154 155 0 154 1754
155 156 0 155 1755
156 157 0 156 1756
157 158 0 157 1757
158 159 0 158 1758
159 160 0 159 1759
160 161 0 160 1760
161 162 0 161 1761
162 163 0 162 1762
163 164 0 163 1763
164 165 0 164 1764
165 166 0 165 1765
166 167 0 166 1766
167 168 0 167 1767
168 169 0 168 1768
169 170 0 169 1769
170 171 0 170 1770
171 172 0 171 1771
172 173 0 172 1772
173 174 0 173 1773
174 175 0 174 1774
175 176 0 175 1775
176 177 0 176 1776
177 178 0 177 1777
178 179 0 178 1778
179 180 0 179 1779
180 181 0 180 1780
181 182 0 181 1781
182 183 0 182 1782
183 184 0 183 1783
184 185 0 184 1784
185 186 0 185 1785
186 187 0 186 1786
187 188 0 187 1787
188 189 0 188 1788
189 190 0 189 1789
190 191 0 190 1790
191 192 0 191 1791
192 193 0 192 1792
193 194 0 193 1793
194 195 0 194 1794
195 196 0 195 1795
196 197 0 196 1796
197 198 0 197 1797
198 199 0 198 1798
199 200 0 199 1799
200 201 0 200 1800
201 202 0 201 1801
202 203 0 202 1802
203 204 0 203 1803
204 205 0 204 1804
205 206 0 205 1805
206 207 0 206 1806
207 208 0 207 1807
208 209 0 208 1808
209 210 0 209 1809
210 211 0 210 1810
211 212 0 211 1811
212 213 0 212 1812
213 214 0 213 1813
214 215 0 214 1814
215 216 0 215 1815
216 217 0 216 1816
217 218 0 217 1817
218 219 0 218 1818
219 220 0 219 1819
220 221 0 220 1820
221 222 0 221 1821
222 223 0 222 1822
223 224 0 223 1823
224 225 0 224 1824
225 226 0 225 1825
226 227 0 226 1826
227 228 0 227 1827
228 229 0 228 1828
229 230 0 229 1829
230 231 0 230 1830
231 232 0 231 1831
232 233 0 232 1832
233 234 0 233 1833
234 235 0 234 1834
235 236 0 235 1835
236 237 0 236 1836
237 238 0 237 1837
238 239 0 238 1838
239 240 0 239 1839
240 241 0 240 1840
241 242 0 241 1841
242 243 0 242 1842
243 244 0 243 1843
244 245 0 244 1844
245 246 0 245 1845
246 247 0 246 1846
247 248 0 247 1847
248 249 0 248 1848
249 250 0 249 1849
250 251 0 250 1850
251 252 0 251 1851
252 253 0 252 1852
253 254 0 253 1853
254 255 0 254 1854
255 256 0 255 1855
256 257 0 256 1856
257 258 0 257 1857
258 259 0 258 1858
259 260 0 259 1859
260 261 0 260 1860
261 262 0 261 1861
262 263 0 262 1862
263 264 0 263 1863
264 265 0 264 1864
265 266 0 265 1865
266 267 0 266 1866
267 268 0 267 1867
268 269 0 268 1868
269 270 0 269 1869
270 271 0 270 1870
271 272 0 271 1871
272 273 0 272 1872
273 274 0 273 1873
274 275 0 274 1874
275 276 0 275 1875
276 277 0 276 1876
277 278 0 277 1877
278 279 0 278 1878
279 280 0 279 1879
280 281 0 280 1880
281 282 0 281 1881
282 283 0 282 1882
283 284 0 283 1883
284 285 0 284 1884
285 286 0 285 1885
286 287 0 286 1886
287 288 0 287 1887
288 289 0 288 1888
289 290 0 289 1889
290 291 0 290 1890
291 292 0 291 1891
292 293 0 292 1892
293 294 0 293 1893
294 295 0 294 1894
295 296 0 295 1895
296 297 0 296 1896
297 298 0 297 1897
298 299 0 298 1898
299 300 0 299 1899
300 301 0 300 1900
301 302 0 301 1901
302 303 0 302 1902
303 304 0 303 1903
304 305 0 304 1904
305 306 0 305 1905
306 307 0 306 1906
307 308 0 307 1907
308 309 0 308 1908
309 310 0 309 1909
310 311 0 310 1910
311 312 0 311 1911
312 313 0 312 1912
313 314 0 313 1913
314 315 0 314 1914
315 316 0 315 1915
316 317 0 316 1916
317 318 0 317 1917
318 319 0 318 1918
319 320 0 319 1919
320 321 0 320 1920
321 322 0 321 1921
322 323 0 322 1922
323 324 0 323 1923
324 325 0 324 1924
325 326 0 325 1925
326 327 0 326 1926
327 328 0 327 1927
328 329 0 328 1928
329 330 0 329 1929
330 331 0 330 1930
331 332 0 331 1931
332 333 0 332 1932
333 334 0 333 1933
334 335 0 334 1934
335 336 0 335 1935
336 337 0 336 1936
337 338 0 337 1937
338 339 0 338 1938
339 340 0 339 1939
340 341 0 340 1940
341 342 0 341 1941
342 343 0 342 1942
343 344 0 343 1943
344 345 0 344 1944
345 346 0 345 1945
346 347 0 346 1946
347 348 0 347 1947
348 349 0 348 1948
349 350 0 349 1949
350 351 0 350 1950
351 352 0 351 1951
352 353 0 352 1952
353 354 0 353 1953
354 355 0 354 1954
355 356 0 355 1955
356 357 0 356 1956
357 358 0 357 1957
358 359 0 358 1958
359 360 0 359 1959
360 361 0 360 1960
361 362 0 361 1961
362 363 0 362 1962
363 364 0 363 1963
364 365 0 364 1964
365 366 0 365 1965
366 367 0 366 1966
367 368 0 367 1967
368 369 0 368 1968
369 370 0 369 1969
370 371 0 370 1970
371 372 0 371 1971
372 373 0 372 1972
373 374 0 373 1973
374 375 0 374 1974
375 376 0 375 1975
376 377 0 376 1976
377 378 0 377 1977
378 379 0 378 1978
379 380 0 379 1979
380 381 0 380 1980
381 382 0 381 1981
382 383 0 382 1982
383 384 0 383 1983
384 385 0 384 1984
385 386 0 385 1985
386 387 0 386 1986
387 388 0 387 1987
388 389 0 388 1988
389 390 0 389 1989
390 391 0 390 1990
391 392 0 391 1991
392 393 0 392 1992
393 394 0 393 1993
394 395 0 394 1994
395 396 0 395 1995
396 397 0 396 1996
397 398 0 397 1997
398 399 0 398 1998
399 400 0 399 1999
400 401 0 400 2000
401 402 0 401 2001
402 403 0 402 2002
403 404 0 403 2003
404 405 0 404 2004
405 406 0 405 2005
406 407 0 406 2006
407 408 0 407 2007
408 409 0 408 2008
409 410 0 409 2009
410 411 0 410 2010
411 412 0 411 2011
412 413 0 412 2012
413 414 0 413 2013
414 415 0 414 2014
415 416 0 415 2015
416 417 0 416 2016
417 418 0 417 2017
418 419 0 418 2018
419 420 0 419 2019
420 421 0 420 2020
421 422 0 421 2021
422 423 0 422 2022
423 424 0 423 2023
424 425 0 424 2024
425 426 0 425 2025
426 427 0 426 2026
427 428 0 427 2027
428 429 0 428 2028
429 430 0 429 2029
430 431 0 430 2030
431 432 0 431 2031
432 433 0 432 2032
433 434 0 433 2033
434 435 0 434 2034
435 436 0 435 2035
436 437 0 436 2036
437 438 0 437 2037
438 439 0 438 2038
439 440 0 439 2039
440 441 0 440 2040
441 442 0 441 2041
442 443 0 442 2042
443 444 0 443 2043
444 445 0 444 2044
445 446 0 445 2045
446 447 0 446 2046
447 448 0 447 2047
448 449 0 448 2048
449 450 0 449 2049
450 451 0 450 2050
451 452 0 451 2051
452 453 0 452 2052
453 454 0 453 2053
454 455 0 454 2054
455 456 0 455 2055
456 457 0 456 2056
457 458 0 457 2057
458 459 0 458 2058
459 460 0 459 2059
460 461 0 460 2060
461 462 0 461 2061
462 463 0 462 2062
463 464 0 463 2063
464 465 0 464 2064
465 466 0 465 2065
466 467 0 466 2066
467 468 0 467 2067
468 469 0 468 2068
469 470 0 469 2069
470 471 0 470 2070
471 472 0 471 2071
472 473 0 472 2072
473 474 0 473 2073
474 475 0 474 2074
475 476 0 475 2075
476 477 0 476 2076
477 478 0 477 2077
478 479 0 478 2078
479 480 0 479 2079
480 481 0 480 2080
481 482 0 481 2081
482 483 0 482 2082
483 484 0 483 2083
484 485 0 484 2084
485 486 0 485 2085
486 487 0 486 2086
487 488 0 487 2087
488 489 0 488 2088
489 490 0 489 2089
490 491 0 490 2090
491 492 0 491 2091
492 493 0 492 2092
493 494 0 493 2093
494 495 0 494 2094
495 496 0 495 2095
496 497 0 496 2096
497 498 0 497 2097
498 499 0 498 2098
499 500 0 499 2099
500 501 0 500 2100
501 502 0 501 2101
502 503 0 502 2102
503 504 0 503 2103
504 505 0 504 2104
505 506 0 505 2105
506 507 0 506 2106
507 508 0 507 2107
508 509 0 508 2108
509 510 0 509 2109
510 511 0 510 2110
511 512 0 511 2111
512 513 0 512 2112
513 514 0 513 2113
514 515 0 514 2114
515 516 0 515 2115
516 517 0 516 2116
517 518 0 517 2117
518 519 0 518 2118
519 520 0 519 2119
520 521 0 520 2120
521 522 0 521 2121
522 523 0 522 2122
523 524 0 523 2123
524 525 0 524 2124
525 526 0 525 2125
526 527 0 526 2126
527 528 0 527 2127
528 529 0 528 2128
529 530 0 529 2129
530 531 0 530 2130
531 532 0 531 2131
532 533 0 532 2132
533 534 0 533 2133
534 535 0 534 2134
535 536 0 535 2135
536 537 0 536 2136
537 538 0 537 2137
538 539 0 538 2138
539 540 0 539 2139
540 541 0 540 2140
541 542 0 541 2141
542 543 0 542 2142
543 544 0 543 2143
544 545 0 544 2144
545 546 0 545 2145
546 547 0 546 2146
547 548 0 547 2147
548 549 0 548 2148
549 550 0 549 2149
550 551 0 550 2150
551 552 0 551 2151
552 553 0 552 2152
553 554 0 553 2153
554 555 0 554 2154
555 556 0 555 2155
556 557 0 556 2156
557 558 0 557 2157
558 559 0 558 2158
559 560 0 559 2159
560 561 0 560 2160
561 562 0 561 2161
562 563 0 562 2162
563 564 0 563 2163
564 565 0 564 2164
565 566 0 565 2165
566 567 0 566 2166
567 568 0 567 2167
568 569 0 568 2168
569 570 0 569 2169
570 571 0 570 2170
571 572 0 571 2171
572 573 0 572 2172
573 574 0 573 2173
574 575 0 574 2174
575 576 0 575 2175
576 577 0 576 2176
577 578 0 577 2177
578 579 0 578 2178
579 580 0 579 2179
580 581 0 580 2180
581 582 0 581 2181
582 583 0 582 2182
583 584 0 583 2183
584 585 0 584 2184
585 586 0 585 2185
586 587 0 586 2186
587 588 0 587 2187
588 589 0 588 2188
589 590 0 589 2189
590 591 0 590 2190
591 592 0 591 2191
592 593 0 592 2192
593 594 0 593 2193
594 595 0 594 2194
595 596 0 595 2195
596 597 0 596 2196
597 598 0 597 2197
598 599 0 598 2198
599 600 0 599 2199
600 601 0 600 2200
601 602 0 601 2201
602 603 0 602 2202
603 604 0 603 2203
604 605 0 604 2204
605 606 0 605 2205
606 607 0 606 2206
607 608 0 607 2207
608 609 0 608 2208
609 610 0 609 2209
610 611 0 610 2210
611 612 0 611 2211
612 613 0 612 2212
613 614 0 613 2213
614 615 0 614 2214
615 616 0 615 2215
616 617 0 616 2216
617 618 0 617 2217
618 619 0 618 2218
619 620 0 619 2219
620 621 0 620 2220
621 622 0 621 2221
622 623 0 622 2222
623 624 0 623 2223
624 625 0 624 2224
625 626 0 625 2225
626 627 0 626 2226
627 628 0 627 2227
628 629 0 628 2228
629 630 0 629 2229
630 631 0 630 2230
631 632 0 631 2231
632 633 0 632 2232
633 634 0 633 2233
634 635 0 634 2234
635 636 0 635 2235
636 637 0 636 2236
637 638 0 637 2237
638 639 0 638 2238
639 640 0 639 2239
640 641 0 640 2240
641 642 0 641 2241
642 643 0 642 2242
643 644 0 643 2243
644 645 0 644 2244
645 646 0 645 2245
646 647 0 646 2246
647 648 0 647 2247
648 649 0 648 2248
649 650 0 649 2249
650 651 0 650 2250
651 652 0 651 2251
652 653 0 652 2252
653 654 0 653 2253
654 655 0 654 2254
655 656 0 655 2255
656 657 0 656 2256
657 658 0 657 2257
658 659 0 658 2258
659 660 0 659 2259
660 661 0 660 2260
661 662 0 661 2261
662 663 0 662 2262
663 664 0 663 2263
664 665 0 664 2264
665 666 0 665 2265
666 667 0 666 2266
667 668 0 667 2267
668 669 0 668 2268
669 670 0 669 2269
670 671 0 670 2270
671 672 0 671 2271
672 673 0 672 2272
673 674 0 673 2273
674 675 0 674 2274
675 676 0 675 2275
676 677 0 676 2276
677 678 0 677 2277
678 679 0 678 2278
679 680 0 679 2279
680 681 0 680 2280
681 682 0 681 2281
682 683 0 682 2282
683 684 0 683 2283
684 685 0 684 2284
685 686 0 685 2285
686 687 0 686 2286
687 688 0 687 2287
688 689 0 688 2288
689 690 0 689 2289
690 691 0 690 2290
691 692 0 691 2291
692 693 0 692 2292
693 694 0 693 2293
694 695 0 694 2294
695 696 0 695 2295
696 697 0 696 2296
697 698 0 697 2297
698 699 0 698 2298
699 700 0 699 2299
700 701 0 700 2300
701 702 0 701 2301
702 703 0 702 2302
703 704 0 703 2303
704 705 0 704 2304
705 706 0 705 2305
706 707 0 706 2306
707 708 0 707 2307
708 709 0 708 2308
709 710 0 709 2309
710 711 0 710 2310
711 712 0 711 2311
712 713 0 712 2312
713 714 0 713 2313
714 715 0 714 2314
715 716 0 715 2315
716 717 0 716 2316
717 718 0 717 2317
718 719 0 718 2318
719 720 0 719 2319
720 721 0 720 2320
721 722 0 721 2321
722 723 0 722 2322
723 724 0 723 2323
724 725 0 724 2324
725 726 0 725 2325
726 727 0 726 2326
727 728 0 727 2327
728 729 0 728 2328
729 730 0 729 2329
730 731 0 730 2330
731 732 0 731 2331
732 733 0 732 2332
733 734 0 733 2333
734 735 0 734 2334
735 736 0 735 2335
736 737 0 736 2336
737 738 0 737 2337
738 739 0 738 2338
739 740 0 739 2339
740 741 0 740 2340
741 742 0 741 2341
742 743 0 742 2342
743 744 0 743 2343
744 745 0 744 2344
745 746 0 745 2345
746 747 0 746 2346
747 748 0 747 2347
748 749 0 748 2348
749 750 0 749 2349
750 751 0 750 2350
751 752 0 751 2351
752 753 0 752 2352
753 754 0 753 2353
754 755 0 754 2354
755 756 0 755 2355
756 757 0 756 2356
757 758 0 757 2357
758 759 0 758 2358
759 760 0 759 2359
760 761 0 760 2360
761 762 0 761 2361
762 763 0 762 2362
763 764 0 763 2363
764 765 0 764 2364
765 766 0 765 2365
766 767 0 766 2366
767 768 0 767 2367
768 769 0 768 2368
769 770 0 769 2369
770 771 0 770 2370
771 772 0 771 2371
772 773 0 772 2372
773 774 0 773 2373
774 775 0 774 2374
775 776 0 775 2375
776 777 0 776 2376
777 778 0 777 2377
778 779 0 778 2378
779 780 0 779 2379
780 781 0 780 2380
781 782 0 781 2381
782 783 0 782 2382
783 784 0 783 2383
784 785 0 784 2384
785 786 0 785 2385
786 787 0 786 2386
787 788 0 787 2387
788 789 0 788 2388
789 790 0 789 2389
790 791 0 790 2390
791 792 0 791 2391
792 793 0 792 2392
793 794 0 793 2393
794 795 0 794 2394
795 796 0 795 2395
796 797 0 796 2396
797 798 0 797 2397
798 799 0 798 2398
799 800 0 799 2399
801 802 0 800 0
802 803 0 801 1
803 804 0 802 2
804 805 0 803 3
805 806 0 804 4
806 807 0 805 5
807 808 0 806 6
808 809 0 807 7
809 810 0 808 8
810 811 0 809 9
811 812 0 810 10
812 813 0 811 11
813 814 0 812 12
814 815 0 813 13
815 816 0 814 14
816 817 0 815 15
817 818 0 816 16
818 819 0 817 17
819 820 0 818 18
820 821 0 819 19
821 822 0 820 20
822 823 0 821 21
823 824 0 822 22
824 825 0 823 23
825 826 0 824 24
826 827 0 825 25
827 828 0 826 26
828 829 0 827 27
829 830 0 828 28
830 831 0 829 29
831 832 0 830 30
832 833 0 831 31
833 834 0 832 32
834 835 0 833 33
835 836 0 834 34
836 837 0 835 35
837 838 0 836 36
838 839 0 837 37
839 840 0 838 38
840 841 0 839 39
841 842 0 840 40
842 843 0 841 41
843 844 0 842 42
844 845 0 843 43
845 846 0 844 44
846 847 0 845 45
847 848 0 846 46
848 849 0 847 47
849 850 0 848 48
850 851 0 849 49
851 852 0 850 50
852 853 0 851 51
853 854 0 852 52
854 855 0 853 53
855 856 0 854 54
856 857 0 855 55
857 858 0 856 56
858 859 0 857 57
859 860 0 858 58
860 861 0 859 59
861 862 0 860 60
862 863 0 861 61
863 864 0 862 62
864 865 0 863 63
865 866 0 864 64
866 867 0 865 65
867 868 0 866 66
868 869 0 867 67
869 870 0 868 68
870 871 0 869 69
871 872 0 870 70
872 873 0 871 71
873 874 0 872 72
874 875 0 873 73
875 876 0 874 74
876 877 0 875 75
877 878 0 876 76
878 879 0 877 77
879 880 0 878 78
880 881 0 879 79
881 882 0 880 80
882 883 0 881 81
883 884 0 882 82
884 885 0 883 83
885 886 0 884 84
886 887 0 885 85
887 888 0 886 86
888 889 0 887 87
889 890 0 888 88
890 891 0 889 89
891 892 0 890 90
892 893 0 891 91
893 894 0 892 92
894 895 0 893 93
895 896 0 894 94
896 897 0 895 95
897 898 0 896 96
898 899 0 897 97
899 900 0 898 98
900 901 0 899 99
901 902 0 900 100
902 903 0 901 101
903 904 0 902 102
904 905 0 903 103
905 906 0 904 104
906 907 0 905 105
907 908 0 906 106
908 909 0 907 107
909 910 0 908 108
910 911 0 909 109
911 912 0 910 110
912 913 0 911 111
913 914 0 912 112
914 915 0 913 113
915 916 0 914 114
916 917 0 915 115
917 918 0 916 116
918 919 0 917 117
919 920 0 918 118
920 921 0 919 119
921 922 0 920 120
922 923 0 921 121
923 924 0 922 122
924 925 0 923 123
925 926 0 924 124
926 927 0 925 125
927 928 0 926 126
928 929 0 927 127
929 930 0 928 128
930 931 0 929 129
931 932 0 930 130
932 933 0 931 131
933 934 0 932 132
934 935 0 933 133
935 936 0 934 134
936 937 0 935 135
937 938 0 936 136
938 939 0 937 137
939 940 0 938 138
940 941 0 939 139
941 942 0 940 140
942 943 0 941 141
943 944 0 942 142
944 945 0 943 143
945 946 0 944 144
946 947 0 945 145
947 948 0 946 146
948 949 0 947 147
949 950 0 948 148
950 951 0 949 149
951 952 0 950 150
952 953 0 951 151
953 954 0 952 152
954 955 0 953 153
955 956 0 954 154
956 957 0 955 155
957 958 0 956 156
958 959 0 957 157
959 960 0 958 158
960 961 0 959 159
961 962 0 960 160
962 963 0 961 161
963 964 0 962 162
964 965 0 963 163
965 966 0 964 164
966 967 0 965 165
967 968 0 966 166
968 969 0 967 167
969 970 0 968 168
970 971 0 969 169
971 972 0 970 170
972 973 0 971 171
973 974 0 972 172
974 975 0 973 173
975 976 0 974 174
976 977 0 975 175
977 978 0 976 176
978 979 0 977 177
979 980 0 978 178
980 981 0 979 179
981 982 0 980 180
982 983 0 981 181
983 984 0 982 182
984 985 0 983 183
985 986 0 984 184
986 987 0 985 185
987 988 0 986 186
988 989 0 987 187
989 990 0 988 188
990 991 0 989 189
991 992 0 990 190
992 993 0 991 191
993 994 0 992 192
994 995 0 993 193
995 996 0 994 194
996 997 0 995 195
997 998 0 996 196
998 999 0 997 197
999 1000 0 998 198
1000 1001 0 999 199
1001 1002 0 1000 200
1002 1003 0 1001 201
1003 1004 0 1002 202
1004 1005 0 1003 203
1005 1006 0 1004 204
1006 1007 0 1005 205
1007 1008 0 1006 206
1008 1009 0 1007 207
1009 1010 0 1008 208
1010 1011 0 1009 209
1011 1012 0 1010 210
1012 1013 0 1011 211
1013 1014 0 1012 212
1014 1015 0 1013 213
1015 1016 0 1014 214
1016 1017 0 1015 215
1017 1018 0 1016 216
1018 1019 0 1017 217
1019 1020 0 1018 218
1020 1021 0 1019 219
1021 1022 0 1020 220
1022 1023 0 1021 221
1023 1024 0 1022 222
1024 1025 0 1023 223
1025 1026 0 1024 224
1026 1027 0 1025 225
1027 1028 0 1026 226
1028 1029 0 1027 227
1029 1030 0 1028 228
1030 1031 0 1029 229
1031 1032 0 1030 230
1032 1033 0 1031 231
1033 1034 0 1032 232
1034 1035 0 1033 233
1035 1036 0 1034 234
1036 1037 0 1035 235
1037 1038 0 1036 236
1038 1039 0 1037 237
1039 1040 0 1038 238
1040 1041 0 1039 239
1041 1042 0 1040 240
1042 1043 0 1041 241
1043 1044 0 1042 242
1044 1045 0 1043 243
1045 1046 0 1044 244
1046 1047 0 1045 245
1047 1048 0 1046 246
1048 1049 0 1047 247
1049 1050 0 1048 248
1050 1051 0 1049 249
1051 1052 0 1050 250
1052 1053 0 1051 251
1053 1054 0 1052 252
1054 1055 0 1053 253
1055 1056 0 1054 254
1056 1057 0 1055 255
1057 1058 0 1056 256
1058 1059 0 1057 257
1059 1060 0 1058 258
1060 1061 0 1059 259
1061 1062 0 1060 260
1062 1063 0 1061 261
1063 1064 0 1062 262
1064 1065 0 1063 263
1065 1066 0 1064 264
1066 1067 0 1065 265
1067 1068 0 1066 266
1068 1069 0 1067 267
1069 1070 0 1068 268
1070 1071 0 1069 269
1071 1072 0 1070 270
1072 1073 0 1071 271
1073 1074 0 1072 272
1074 1075 0 1073 273
1075 1076 0 1074 274
1076 1077 0 1075 275
1077 1078 0 1076 276
1078 1079 0 1077 277
1079 1080 0 1078 278
1080 1081 0 1079 279
1081 1082 0 1080 280
1082 1083 0 1081 281
1083 1084 0 1082 282
1084 1085 0 1083 283
1085 1086 0 1084 284
1086 1087 0 1085 285
1087 1088 0 1086 286
1088 1089 0 1087 287
1089 1090 0 1088 288
1090 1091 0 1089 289
1091 1092 0 1090 290
1092 1093 0 1091 291
1093 1094 0 1092 292
1094 1095 0 1093 293
1095 1096 0 1094 294
1096 1097 0 1095 295
1097 1098 0 1096 296
1098 1099 0 1097 297
1099 1100 0 1098 298
1100 1101 0 1099 299
1101 1102 0 1100 300
1102 1103 0 1101 301
1103 1104 0 1102 302
1104 1105 0 1103 303
1105 1106 0 1104 304
1106 1107 0 1105 305
1107 1108 0 1106 306
1108 1109 0 1107 307
1109 1110 0 1108 308
1110 1111 0 1109 309
1111 1112 0 1110 310
1112 1113 0 1111 311
1113 1114 0 1112 312
1114 1115 0 1113 313
1115 1116 0 1114 314
1116 1117 0 1115 315
1117 1118 0 1116 316
1118 1119 0 1117 317
1119 1120 0 1118 318
1120 1121 0 1119 319
1121 1122 0 1120 320
1122 1123 0 1121 321
1123 1124 0 1122 322
1124 1125 0 1123 323
1125 1126 0 1124 324
1126 1127 0 1125 325
1127 1128 0 1126 326
1128 1129 0 1127 327
1129 1130 0 1128 328
1130 1131 0 1129 329
1131 1132 0 1130 330
1132 1133 0 1131 331
1133 1134 0 1132 332
1134 1135 0 1133 333
1135 1136 0 1134 334
1136 1137 0 1135 335
1137 1138 0 1136 336
1138 1139 0 1137 337
1139 1140 0 1138 338
1140 1141 0 1139 339
1141 1142 0 1140 340
1142 1143 0 1141 341
1143 1144 0 1142 342
1144 1145 0 1143 343
1145 1146 0 1144 344
1146 1147 0 1145 345
1147 1148 0 1146 346
1148 1149 0 1147 347
1149 1150 0 1148 348
1150 1151 0 1149 349
1151 1152 0 1150 350
1152 1153 0 1151 351
1153 1154 0 1152 352
1154 1155 0 1153 353
1155 1156 0 1154 354
1156 1157 0 1155 355
1157 1158 0 1156 356
1158 1159 0 1157 357
1159 1160 0 1158 358
1160 1161 0 1159 359
1161 1162 0 1160 360
1162 1163 0 1161 361
1163 1164 0 1162 362
1164 1165 0 1163 363
1165 1166 0 1164 364
1166 1167 0 1165 365
1167 1168 0 1166 366
1168 1169 0 1167 367
1169 1170 0 1168 368
1170 1171 0 1169 369
1171 1172 0 1170 370
1172 1173 0 1171 371
1173 1174 0 1172 372
1174 1175 0 1173 373
1175 1176 0 1174 374
1176 1177 0 1175 375
1177 1178 0 1176 376
1178 1179 0 1177 377
1179 1180 0 1178 378
1180 1181 0 1179 379
1181 1182 0 1180 380
1182 1183 0 1181 381
1183 1184 0 1182 382
1184 1185 0 1183 383
1185 1186 0 1184 384
1186 1187 0 1185 385
1187 1188 0 1186 386
1188 1189 0 1187 387
1189 1190 0 1188 388
1190 1191 0 1189 389
1191 1192 0 1190 390
1192 1193 0 1191 391
1193 1194 0 1192 392
1194 1195 0 1193 393
1195 1196 0 1194 394
1196 1197 0 1195 395
1197 1198 0 1196 396
1198 1199 0 1197 397
1199 1200 0 1198 398
1200 1201 0 1199 399
1201 1202 0 1200 400
1202 1203 0 1201 401
1203 1204 0 1202 402
1204 1205 0 1203 403
1205 1206 0 1204 404
1206 1207 0 1205 405
1207 1208 0 1206 406
1208 1209 0 1207 407
1209 1210 0 1208 408
1210 1211 0 1209 409
1211 1212 0 1210 410
1212 1213 0 1211 411
1213 1214 0 1212 412
1214 1215 0 1213 413
1215 1216 0 1214 414
1216 1217 0 1215 415
1217 1218 0 1216 416
1218 1219 0 1217 417
1219 1220 0 1218 418
1220 1221 0 1219 419
1221 1222 0 1220 420
1222 1223 0 1221 421
1223 1224 0 1222 422
1224 1225 0 1223 423
1225 1226 0 1224 424
1226 1227 0 1225 425
1227 1228 0 1226 426
1228 1229 0 1227 427
1229 1230 0 1228 428
1230 1231 0 1229 429
1231 1232 0 1230 430
1232 1233 0 1231 431
1233 1234 0 1232 432
1234 1235 0 1233 433
1235 1236 0 1234 434
1236 1237 0 1235 435
1237 1238 0 1236 436
1238 1239 0 1237 437
1239 1240 0 1238 438
1240 1241 0 1239 439
1241 1242 0 1240 440
1242 1243 0 1241 441
1243 1244 0 1242 442
1244 1245 0 1243 443
1245 1246 0 1244 444
1246 1247 0 1245 445
1247 1248 0 1246 446
1248 1249 0 1247 447
1249 1250 0 1248 448
1250 1251 0 1249 449
1251 1252 0 1250 450
1252 1253 0 1251 451
1253 1254 0 1252 452
1254 1255 0 1253 453
1255 1256 0 1254 454
1256 1257 0 1255 455
1257 1258 0 1256 456
1258 1259 0 1257 457
1259 1260 0 1258 458
1260 1261 0 1259 459
1261 1262 0 1260 460
1262 1263 0 1261 461
1263 1264 0 1262 462
1264 1265 0 1263 463
1265 1266 0 1264 464
1266 1267 0 1265 465
1267 1268 0 1266 466
1268 1269 0 1267 467
1269 1270 0 1268 468
1270 1271 0 1269 469
1271 1272 0 1270 470
1272 1273 0 1271 471
1273 1274 0 1272 472
1274 1275 0 1273 473
1275 1276 0 1274 474
1276 1277 0 1275 475
1277 1278 0 1276 476
1278 1279 0 1277 477
1279 1280 0 1278 478
1280 1281 0 1279 479
1281 1282 0 1280 480
1282 1283 0 1281 481
1283 1284 0 1282 482
1284 1285 0 1283 483
1285 1286 0 1284 484
1286 1287 0 1285 485
1287 1288 0 1286 486
1288 1289 0 1287 487
1289 1290 0 1288 488
1290 1291 0 1289 489
1291 1292 0 1290 490
1292 1293 0 1291 491
1293 1294 0 1292 492
1294 1295 0 1293 493
1295 1296 0 1294 494
1296 1297 0 1295 495
1297 1298 0 1296 496
1298 1299 0 1297 497
1299 1300 0 1298 498
1300 1301 0 1299 499
1301 1302 0 1300 500
1302 1303 0 1301 501
1303 1304 0 1302 502
1304 1305 0 1303 503
1305 1306 0 1304 504
1306 1307 0 1305 505
1307 1308 0 1306 506
1308 1309 0 1307 507
1309 1310 0 1308 508
1310 1311 0 1309 509
1311 1312 0 1310 510
1312 1313 0 1311 511
1313 1314 0 1312 512
1314 1315 0 1313 513
1315 1316 0 1314 514
1316 1317 0 1315 515
1317 1318 0 1316 516
1318 1319 0 1317 517
1319 1320 0 1318 518
1320 1321 0 1319 519
1321 1322 0 1320 520
1322 1323 0 1321 521
1323 1324 0 1322 522
1324 1325 0 1323 523
1325 1326 0 1324 524
1326 1327 0 1325 525
1327 1328 0 1326 526
1328 1329 0 1327 527
1329 1330 0 1328 528
1330 1331 0 1329 529
1331 1332 0 1330 530
1332 1333 0 1331 531
1333 1334 0 1332 532
1334 1335 0 1333 533
1335 1336 0 1334 534
1336 1337 0 1335 535
1337 1338 0 1336 536
1338 1339 0 1337 537
1339 1340 0 1338 538
1340 1341 0 1339 539
1341 1342 0 1340 540
1342 1343 0 1341 541
1343 1344 0 1342 542
1344 1345 0 1343 543
1345 1346 0 1344 544
1346 1347 0 1345 545
1347 1348 0 1346 546
1348 1349 0 1347 547
1349 1350 0 1348 548
1350 1351 0 1349 549
1351 1352 0 1350 550
1352 1353 0 1351 551
1353 1354 0 1352 552
1354 1355 0 1353 553
1355 1356 0 1354 554
1356 1357 0 1355 555
1357 1358 0 1356 556
1358 1359 0 1357 557
1359 1360 0 1358 558
1360 1361 0 1359 559
1361 1362 0 1360 560
1362 1363 0 1361 561
1363 1364 0 1362 562
1364 1365 0 1363 563
1365 1366 0 1364 564
1366 1367 0 1365 565
1367 1368 0 1366 566
1368 1369 0 1367 567
1369 1370 0 1368 568
1370 1371 0 1369 569
1371 1372 0 1370 570
1372 1373 0 1371 571
1373 1374 0 1372 572
1374 1375 0 1373 573
1375 1376 0 1374 574
1376 1377 0 1375 575
1377 1378 0 1376 576
1378 1379 0 1377 577
1379 1380 0 1378 578
1380 1381 0 1379 579
1381 1382 0 1380 580
1382 1383 0 1381 581
1383 1384 0 1382 582
1384 1385 0 1383 583
1385 1386 0 1384 584
1386 1387 0 1385 585
1387 1388 0 1386 586
1388 1389 0 1387 587
1389 1390 0 1388 588
1390 1391 0 1389 589
1391 1392 0 1390 590
1392 1393 0 1391 591
1393 1394 0 1392 592
1394 1395 0 1393 593
1395 1396 0 1394 594
1396 1397 0 1395 595
1397 1398 0 1396 596
1398 1399 0 1397 597
1399 1400 0 1398 598
1400 1401 0 1399 599
1401 1402 0 1400 600
1402 1403 0 1401 601
1403 1404 0 1402 602
1404 1405 0 1403 603
1405 1406 0 1404 604
1406 1407 0 1405 605
1407 1408 0 1406 606
1408 1409 0 1407 607
1409 1410 0 1408 608
1410 1411 0 1409 609
1411 1412 0 1410 610
1412 1413 0 1411 611
1413 1414 0 1412 612
1414 1415 0 1413 613
1415 1416 0 1414 614
1416 1417 0 1415 615
1417 1418 0 1416 616
1418 1419 0 1417 617
1419 1420 0 1418 618
1420 1421 0 1419 619
1421 1422 0 1420 620
1422 1423 0 1421 621
1423 1424 0 1422 622
1424 1425 0 1423 623
1425 1426 0 1424 624
1426 1427 0 1425 625
1427 1428 0 1426 626
1428 1429 0 1427 627
1429 1430 0 1428 628
1430 1431 0 1429 629
1431 1432 0 1430 630
1432 1433 0 1431 631
1433 1434 0 1432 632
1434 1435 0 1433 633
1435 1436 0 1434 634
1436 1437 0 1435 635
1437 1438 0 1436 636
1438 1439 0 1437 637
1439 1440 0 1438 638
1440 1441 0 1439 639
1441 1442 0 1440 640
1442 1443 0 1441 641
1443 1444 0 1442 642
1444 1445 0 1443 643
1445 1446 0 1444 644
1446 1447 0 1445 645
1447 1448 0 1446 646
1448 1449 0 1447 647
1449 1450 0 1448 648
1450 1451 0 1449 649
1451 1452 0 1450 650
1452 1453 0 1451 651
1453 1454 0 1452 652
1454 1455 0 1453 653
1455 1456 0 1454 654
1456 1457 0 1455 655
1457 1458 0 1456 656
1458 1459 0 1457 657
1459 1460 0 1458 658
1460 1461 0 1459 659
1461 1462 0 1460 660
1462 1463 0 1461 661
1463 1464 0 1462 662
1464 1465 0 1463 663
1465 1466 0 1464 664
1466 1467 0 1465 665
1467 1468 0 1466 666
1468 1469 0 1467 667
1469 1470 0 1468 668
1470 1471 0 1469 669
1471 1472 0 1470 670
1472 1473 0 1471 671
1473 1474 0 1472 672
1474 1475 0 1473 673
1475 1476 0 1474 674
1476 1477 0 1475 675
1477 1478 0 1476 676
1478 1479 0 1477 677
1479 1480 0 1478 678
1480 1481 0 1479 679
1481 1482 0 1480 680
1482 1483 0 1481 681
1483 1484 0 1482 682
1484 1485 0 1483 683
1485 1486 0 1484 684
1486 1487 0 1485 685
1487 1488 0 1486 686
1488 1489 0 1487 687
1489 1490 0 1488 688
1490 1491 0 1489 689
1491 1492 0 1490 690
1492 1493 0 1491 691
1493 1494 0 1492 692
1494 1495 0 1493 693
1495 1496 0 1494 694
1496 1497 0 1495 695
1497 1498 0 1496 696
1498 1499 0 1497 697
1499 1500 0 1498 698
1500 1501 0 1499 699
1501 1502 0 1500 700
1502 1503 0 1501 701
1503 1504 0 1502 702
1504 1505 0 1503 703
1505 1506 0 1504 704
1506 1507 0 1505 705
1507 1508 0 1506 706
1508 1509 0 1507 707
1509 1510 0 1508 708
1510 1511 0 1509 709
1511 1512 0 1510 710
1512 1513 0 1511 711
1513 1514 0 1512 712
1514 1515 0 1513 713
1515 1516 0 1514 714
1516 1517 0 1515 715
1517 1518 0 1516 716
1518 1519 0 1517 717
1519 1520 0 1518 718
1520 1521 0 1519 719
1521 1522 0 1520 720
1522 1523 0 1521 721
1523 1524 0 1522 722
1524 1525 0 1523 723
1525 1526 0 1524 724
1526 1527 0 1525 725
1527 1528 0 1526 726
1528 1529 0 1527 727
1529 1530 0 1528 728
1530 1531 0 1529 729
1531 1532 0 1530 730
1532 1533 0 1531 731
1533 1534 0 1532 732
1534 1535 0 1533 733
1535 1536 0 1534 734
1536 1537 0 1535 735
1537 1538 0 1536 736
1538 1539 0 1537 737
1539 1540 0 1538 738
1540 1541 0 1539 739
1541 1542 0 1540 740
1542 1543 0 1541 741
1543 1544 0 1542 742
1544 1545 0 1543 743
1545 1546 0 1544 744
1546 1547 0 1545 745
1547 1548 0 1546 746
1548 1549 0 1547 747
1549 1550 0 1548 748
1550 1551 0 1549 749
1551 1552 0 1550 750
1552 1553 0 1551 751
1553 1554 0 1552 752
1554 1555 0 1553 753
1555 1556 0 1554 754
1556 1557 0 1555 755
1557 1558 0 1556 756
1558 1559 0 1557 757
1559 1560 0 1558 758
1560 1561 0 1559 759
1561 1562 0 1560 760
1562 1563 0 1561 761
1563 1564 0 1562 762
1564 1565 0 1563 763
1565 1566 0 1564 764
1566 1567 0 1565 765
1567 1568 0 1566 766
1568 1569 0 1567 767
1569 1570 0 1568 768
1570 1571 0 1569 769
1571 1572 0 1570 770
1572 1573 0 1571 771
1573 1574 0 1572 772
1574 1575 0 1573 773
1575 1576 0 1574 774
1576 1577 0 1575 775
1577 1578 0 1576 776
1578 1579 0 1577 777
1579 1580 0 1578 778
1580 1581 0 1579 779
1581 1582 0 1580 780
1582 1583 0 1581 781
1583 1584 0 1582 782
1584 1585 0 1583 783
1585 1586 0 1584 784
1586 1587 0 1585 785
1587 1588 0 1586 786
1588 1589 0 1587 787
1589 1590 0 1588 788
1590 1591 0 1589 789
1591 1592 0 1590 790
1592 1593 0 1591 791
1593 1594 0 1592 792
1594 1595 0 1593 793
1595 1596 0 1594 794
1596 1597 0 1595 795
1597 1598 0 1596 796
1598 1599 0 1597 797
1599 1600 0 1598 798
1600 1601 0 1599 799
1602 1603 0 1600 800
1603 1604 0 1601 801
1604 1605 0 1602 802
1605 1606 0 1603 803
1606 1607 0 1604 804
1607 1608 0 1605 805
1608 1609 0 1606 806
1609 1610 0 1607 807
1610 1611 0 1608 808
1611 1612 0 1609 809
1612 1613 0 1610 810
1613 1614 0 1611 811
1614 1615 0 1612 812
1615 1616 0 1613 813
1616 1617 0 1614 814
1617 1618 0 1615 815
1618 1619 0 1616 816
1619 1620 0 1617 817
1620 1621 0 1618 818
1621 1622 0 1619 819
1622 1623 0 1620 820
1623 1624 0 1621 821
1624 1625 0 1622 822
1625 1626 0 1623 823
1626 1627 0 1624 824
1627 1628 0 1625 825
1628 1629 0 1626 826
1629 1630 0 1627 827
1630 1631 0 1628 828
1631 1632 0 1629 829
1632 1633 0 1630 830
1633 1634 0 1631 831
1634 1635 0 1632 832
1635 1636 0 1633 833
1636 1637 0 1634 834
1637 1638 0 1635 835
1638 1639 0 1636 836
1639 1640 0 1637 837
1640 1641 0 1638 838
1641 1642 0 1639 839
1642 1643 0 1640 840
1643 1644 0 1641 841
1644 1645 0 1642 842
1645 1646 0 1643 843
1646 1647 0 1644 844
1647 1648 0 1645 845
1648 1649 0 1646 846
1649 1650 0 1647 847
1650 1651 0 1648 848
1651 1652 0 1649 849
1652 1653 0 1650 850
1653 1654 0 1651 851
1654 1655 0 1652 852
1655 1656 0 1653 853
1656 1657 0 1654 854
1657 1658 0 1655 855
1658 1659 0 1656 856
1659 1660 0 1657 857
1660 1661 0 1658 858
1661 1662 0 1659 859
1662 1663 0 1660 860
1663 1664 0 1661 861
1664 1665 0 1662 862
1665 1666 0 1663 863
1666 1667 0 1664 864
1667 1668 0 1665 865
1668 1669 0 1666 866
1669 1670 0 1667 867
1670 1671 0 1668 868
1671 1672 0 1669 869
1672 1673 0 1670 870
1673 1674 0 1671 871
1674 1675 0 1672 872
1675 1676 0 1673 873
1676 1677 0 1674 874
1677 1678 0 1675 875
1678 1679 0 1676 876
1679 1680 0 1677 877
1680 1681 0 1678 878
1681 1682 0 1679 879
1682 1683 0 1680 880
1683 1684 0 1681 881
1684 1685 0 1682 882
1685 1686 0 1683 883
1686 1687 0 1684 884
1687 1688 0 1685 885
1688 1689 0 1686 886
1689 1690 0 1687 887
1690 1691 0 1688 888
1691 1692 0 1689 889
1692 1693 0 1690 890
1693 1694 0 1691 891
1694 1695 0 1692 892
1695 1696 0 1693 893
1696 1697 0 1694 894
1697 1698 0 1695 895
1698 1699 0 1696 896
1699 1700 0 1697 897
1700 1701 0 1698 898
1701 1702 0 1699 899
1702 1703 0 1700 900
1703 1704 0 1701 901
1704 1705 0 1702 902
1705 1706 0 1703 903
1706 1707 0 1704 904
1707 1708 0 1705 905
1708 1709 0 1706 906
1709 1710 0 1707 907
1710 1711 0 1708 908
1711 1712 0 1709 909
1712 1713 0 1710 910
1713 1714 0 1711 911
1714 1715 0 1712 912
1715 1716 0 1713 913
1716 1717 0 1714 914
1717 1718 0 1715 915
1718 1719 0 1716 916
1719 1720 0 1717 917
1720 1721 0 1718 918
1721 1722 0 1719 919
1722 1723 0 1720 920
1723 1724 0 1721 921
1724 1725 0 1722 922
1725 1726 0 1723 923
1726 1727 0 1724 924
1727 1728 0 1725 925
1728 1729 0 1726 926
1729 1730 0 1727 927
1730 1731 0 1728 928
1731 1732 0 1729 929
1732 1733 0 1730 930
1733 1734 0 1731 931
1734 1735 0 1732 932
1735 1736 0 1733 933
1736 1737 0 1734 934
1737 1738 0 1735 935
1738 1739 0 1736 936
1739 1740 0 1737 937
1740 1741 0 1738 938
1741 1742 0 1739 939
1742 1743 0 1740 940
1743 1744 0 1741 941
1744 1745 0 1742 942
1745 1746 0 1743 943
1746 1747 0 1744 944
1747 1748 0 1745 945
1748 1749 0 1746 946
1749 1750 0 1747 947
1750 1751 0 1748 948
1751 1752 0 1749 949
1752 1753 0 1750 950
1753 1754 0 1751 951
1754 1755 0 1752 952
1755 1756 0 1753 953
1756 1757 0 1754 954
1757 1758 0 1755 955
1758 1759 0 1756 956
1759 1760 0 1757 957
1760 1761 0 1758 958
1761 1762 0 1759 959
1762 1763 0 1760 960
1763 1764 0 1761 961
1764 1765 0 1762 962
1765 1766 0 1763 963
1766 1767 0 1764 964
1767 1768 0 1765 965
1768 1769 0 1766 966
1769 1770 0 1767 967
1770 1771 0 1768 968
1771 1772 0 1769 969
1772 1773 0 1770 970
1773 1774 0 1771 971
1774 1775 0 1772 972
1775 1776 0 1773 973
1776 1777 0 1774 974
1777 1778 0 1775 975
1778 1779 0 1776 976
1779 1780 0 1777 977
1780 1781 0 1778 978
1781 1782 0 1779 979
1782 1783 0 1780 980
1783 1784 0 1781 981
1784 1785 0 1782 982
1785 1786 0 1783 983
1786 1787 0 1784 984
1787 1788 0 1785 985
1788 1789 0 1786 986
1789 1790 0 1787 987
1790 1791 0 1788 988
1791 1792 0 1789 989
1792 1793 0 1790 990
1793 1794 0 1791 991
1794 1795 0 1792 992
1795 1796 0 1793 993
1796 1797 0 1794 994
1797 1798 0 1795 995
1798 1799 0 1796 996
1799 1800 0 1797 997
1800 1801 0 1798 998
1801 1802 0 1799 999
1802 1803 0 1800 1000
1803 1804 0 1801 1001
1804 1805 0 1802 1002
1805 1806 0 1803 1003
1806 1807 0 1804 1004
1807 1808 0 1805 1005
1808 1809 0 1806 1006
1809 1810 0 1807 1007
1810 1811 0 1808 1008
1811 1812 0 1809 1009
1812 1813 0 1810 1010
1813 1814 0 1811 1011
1814 1815 0 1812 1012
1815 1816 0 1813 1013
1816 1817 0 1814 1014
1817 1818 0 1815 1015
1818 1819 0 1816 1016
1819 1820 0 1817 1017
1820 1821 0 1818 1018
1821 1822 0 1819 1019
1822 1823 0 1820 1020
1823 1824 0 1821 1021
1824 1825 0 1822 1022
1825 1826 0 1823 1023
1826 1827 0 1824 1024
1827 1828 0 1825 1025
1828 1829 0 1826 1026
1829 1830 0 1827 1027
1830 1831 0 1828 1028
1831 1832 0 1829 1029
1832 1833 0 1830 1030
1833 1834 0 1831 1031
1834 1835 0 1832 1032
1835 1836 0 1833 1033
1836 1837 0 1834 1034
1837 1838 0 1835 1035
1838 1839 0 1836 1036
1839 1840 0 1837 1037
1840 1841 0 1838 1038
1841 1842 0 1839 1039
1842 1843 0 1840 1040
1843 1844 0 1841 1041
1844 1845 0 1842 1042
1845 1846 0 1843 1043
1846 1847 0 1844 1044
1847 1848 0 1845 1045
1848 1849 0 1846 1046
1849 1850 0 1847 1047
1850 1851 0 1848 1048
1851 1852 0 1849 1049
1852 1853 0 1850 1050
1853 1854 0 1851 1051
1854 1855 0 1852 1052
1855 1856 0 1853 1053
1856 1857 0 1854 1054
1857 1858 0 1855 1055
1858 1859 0 1856 1056
1859 1860 0 1857 1057
1860 1861 0 1858 1058
1861 1862 0 1859 1059
1862 1863 0 1860 1060
1863 1864 0 1861 1061
1864 1865 0 1862 1062
1865 1866 0 1863 1063
1866 1867 0 1864 1064
1867 1868 0 1865 1065
1868 1869 0 1866 1066
1869 1870 0 1867 1067
1870 1871 0 1868 1068
1871 1872 0 1869 1069
1872 1873 0 1870 1070
1873 1874 0 1871 1071
1874 1875 0 1872 1072
1875 1876 0 1873 1073
1876 1877 0 1874 1074
1877 1878 0 1875 1075
1878 1879 0 1876 1076
1879 1880 0 1877 1077
1880 1881 0 1878 1078
1881 1882 0 1879 1079
1882 1883 0 1880 1080
1883 1884 0 1881 1081
1884 1885 0 1882 1082
1885 1886 0 1883 1083
1886 1887 0 1884 1084
1887 1888 0 1885 1085
1888 1889 0 1886 1086
1889 1890 0 1887 1087
1890 1891 0 1888 1088
1891 1892 0 1889 1089
1892 1893 0 1890 1090
1893 1894 0 1891 1091
1894 1895 0 1892 1092
1895 1896 0 1893 1093
1896 1897 0 1894 1094
1897 1898 0 1895 1095
1898 1899 0 1896 1096
1899 1900 0 1897 1097
1900 1901 0 1898 1098
1901 1902 0 1899 1099
1902 1903 0 1900 1100
1903 1904 0 1901 1101
1904 1905 0 1902 1102
1905 1906 0 1903 1103
1906 1907 0 1904 1104
1907 1908 0 1905 1105
1908 1909 0 1906 1106
1909 1910 0 1907 1107
1910 1911 0 1908 1108
1911 1912 0 1909 1109
1912 1913 0 1910 1110
1913 1914 0 1911 1111
1914 1915 0 1912 1112
1915 1916 0 1913 1113
1916 1917 0 1914 1114
1917 1918 0 1915 1115
1918 1919 0 1916 1116
1919 1920 0 1917 1117
1920 1921 0 1918 1118
1921 1922 0 1919 1119
1922 1923 0 1920 1120
1923 1924 0 1921 1121
1924 1925 0 1922 1122
1925 1926 0 1923 1123
1926 1927 0 1924 1124
1927 1928 0 1925 1125
1928 1929 0 1926 1126
1929 1930 0 1927 1127
1930 1931 0 1928 1128
1931 1932 0 1929 1129
1932 1933 0 1930 1130
1933 1934 0 1931 1131
1934 1935 0 1932 1132
1935 1936 0 1933 1133
1936 1937 0 1934 1134
1937 1938 0 1935 1135
1938 1939 0 1936 1136
1939 1940 0 1937 1137
1940 1941 0 1938 1138
1941 1942 0 1939 1139
1942 1943 0 1940 1140
1943 1944 0 1941 1141
1944 1945 0 1942 1142
1945 1946 0 1943 1143
1946 1947 0 1944 1144
1947 1948 0 1945 1145
1948 1949 0 1946 1146
1949 1950 0 1947 1147
1950 1951 0 1948 1148
1951 1952 0 1949 1149
1952 1953 0 1950 1150
1953 1954 0 1951 1151
1954 1955 0 1952 1152
1955 1956 0 1953 1153
1956 1957 0 1954 1154
1957 1958 0 1955 1155
1958 1959 0 1956 1156
1959 1960 0 1957 1157
1960 1961 0 1958 1158
1961 1962 0 1959 1159
1962 1963 0 1960 1160
1963 1964 0 1961 1161
1964 1965 0 1962 1162
1965 1966 0 1963 1163
1966 1967 0 1964 1164
1967 1968 0 1965 1165
1968 1969 0 1966 1166
1969 1970 0 1967 1167
1970 1971 0 1968 1168
1971 1972 0 1969 1169
1972 1973 0 1970 1170
1973 1974 0 1971 1171
1974 1975 0 1972 1172
1975 1976 0 1973 1173
1976 1977 0 1974 1174
1977 1978 0 1975 1175
1978 1979 0 1976 1176
1979 1980 0 1977 1177
1980 1981 0 1978 1178
1981 1982 0 1979 1179
1982 1983 0 1980 1180
1983 1984 0 1981 1181
1984 1985 0 1982 1182
1985 1986 0 1983 1183
1986 1987 0 1984 1184
1987 1988 0 1985 1185
1988 1989 0 1986 1186
1989 1990 0 1987 1187
1990 1991 0 1988 1188
1991 1992 0 1989 1189
1992 1993 0 1990 1190
1993 1994 0 1991 1191
1994 1995 0 1992 1192
1995 1996 0 1993 1193
1996 1997 0 1994 1194
1997 1998 0 1995 1195
1998 1999 0 1996 1196
1999 2000 0 1997 1197
2000 2001 0 1998 1198
2001 2002 0 1999 1199
2002 2003 0 2000 1200
2003 2004 0 2001 1201
2004 2005 0 2002 1202
2005 2006 0 2003 1203
2006 2007 0 2004 1204
2007 2008 0 2005 1205
2008 2009 0 2006 1206
2009 2010 0 2007 1207
2010 2011 0 2008 1208
2011 2012 0 2009 1209
2012 2013 0 2010 1210
2013 2014 0 2011 1211
2014 2015 0 2012 1212
2015 2016 0 2013 1213
2016 2017 0 2014 1214
2017 2018 0 2015 1215
2018 2019 0 2016 1216
2019 2020 0 2017 1217
2020 2021 0 2018 1218
2021 2022 0 2019 1219
2022 2023 0 2020 1220
2023 2024 0 2021 1221
2024 2025 0 2022 1222
2025 2026 0 2023 1223
2026 2027 0 2024 1224
2027 2028 0 2025 1225
2028 2029 0 2026 1226
2029 2030 0 2027 1227
2030 2031 0 2028 1228
2031 2032 0 2029 1229
2032 2033 0 2030 1230
2033 2034 0 2031 1231
2034 2035 0 2032 1232
2035 2036 0 2033 1233
2036 2037 0 2034 1234
2037 2038 0 2035 1235
2038 2039 0 2036 1236
2039 2040 0 2037 1237
2040 2041 0 2038 1238
2041 2042 0 2039 1239
2042 2043 0 2040 1240
2043 2044 0 2041 1241
2044 2045 0 2042 1242
2045 2046 0 2043 1243
2046 2047 0 2044 1244
2047 2048 0 2045 1245
2048 2049 0 2046 1246
2049 2050 0 2047 1247
2050 2051 0 2048 1248
2051 2052 0 2049 1249
2052 2053 0 2050 1250
2053 2054 0 2051 1251
2054 2055 0 2052 1252
2055 2056 0 2053 1253
2056 2057 0 2054 1254
2057 2058 0 2055 1255
2058 2059 0 2056 1256
2059 2060 0 2057 1257
2060 2061 0 2058 1258
2061 2062 0 2059 1259
2062 2063 0 2060 1260
2063 2064 0 2061 1261
2064 2065 0 2062 1262
2065 2066 0 2063 1263
2066 2067 0 2064 1264
2067 2068 0 2065 1265
2068 2069 0 2066 1266
2069 2070 0 2067 1267
2070 2071 0 2068 1268
2071 2072 0 2069 1269
2072 2073 0 2070 1270
2073 2074 0 2071 1271
2074 2075 0 2072 1272
2075 2076 0 2073 1273
2076 2077 0 2074 1274
2077 2078 0 2075 1275
2078 2079 0 2076 1276
2079 2080 0 2077 1277
2080 2081 0 2078 1278
2081 2082 0 2079 1279
2082 2083 0 2080 1280
2083 2084 0 2081 1281
2084 2085 0 2082 1282
2085 2086 0 2083 1283
2086 2087 0 2084 1284
2087 2088 0 2085 1285
2088 2089 0 2086 1286
2089 2090 0 2087 1287
2090 2091 0 2088 1288
2091 2092 0 2089 1289
2092 2093 0 2090 1290
2093 2094 0 2091 1291
2094 2095 0 2092 1292
2095 2096 0 2093 1293
2096 2097 0 2094 1294
2097 2098 0 2095 1295
2098 2099 0 2096 1296
2099 2100 0 2097 1297
2100 2101 0 2098 1298
2101 2102 0 2099 1299
2102 2103 0 2100 1300
2103 2104 0 2101 1301
2104 2105 0 2102 1302
2105 2106 0 2103 1303
2106 2107 0 2104 1304
2107 2108 0 2105 1305
2108 2109 0 2106 1306
2109 2110 0 2107 1307
2110 2111 0 2108 1308
2111 2112 0 2109 1309
2112 2113 0 2110 1310
2113 2114 0 2111 1311
2114 2115 0 2112 1312
2115 2116 0 2113 1313
2116 2117 0 2114 1314
2117 2118 0 2115 1315
2118 2119 0 2116 1316
2119 2120 0 2117 1317
2120 2121 0 2118 1318
2121 2122 0 2119 1319
2122 2123 0 2120 1320
2123 2124 0 2121 1321
2124 2125 0 2122 1322
2125 2126 0 2123 1323
2126 2127 0 2124 1324
2127 2128 0 2125 1325
2128 2129 0 2126 1326
2129 2130 0 2127 1327
2130 2131 0 2128 1328
2131 2132 0 2129 1329
2132 2133 0 2130 1330
2133 2134 0 2131 1331
2134 2135 0 2132 1332
2135 2136 0 2133 1333
2136 2137 0 2134 1334
2137 2138 0 2135 1335
2138 2139 0 2136 1336
2139 2140 0 2137 1337
2140 2141 0 2138 1338
2141 2142 0 2139 1339
2142 2143 0 2140 1340
2143 2144 0 2141 1341
2144 2145 0 2142 1342
2145 2146 0 2143 1343
2146 2147 0 2144 1344
2147 2148 0 2145 1345
2148 2149 0 2146 1346
2149 2150 0 2147 1347
2150 2151 0 2148 1348
2151 2152 0 2149 1349
2152 2153 0 2150 1350
2153 2154 0 2151 1351
2154 2155 0 2152 1352
2155 2156 0 2153 1353
2156 2157 0 2154 1354
2157 2158 0 2155 1355
2158 2159 0 2156 1356
2159 2160 0 2157 1357
2160 2161 0 2158 1358
2161 2162 0 2159 1359
2162 2163 0 2160 1360
2163 2164 0 2161 1361
2164 2165 0 2162 1362
2165 2166 0 2163 1363
2166 2167 0 2164 1364
2167 2168 0 2165 1365
2168 2169 0 2166 1366
2169 2170 0 2167 1367
2170 2171 0 2168 1368
2171 2172 0 2169 1369
2172 2173 0 2170 1370
2173 2174 0 2171 1371
2174 2175 0 2172 1372
2175 2176 0 2173 1373
2176 2177 0 2174 1374
2177 2178 0 2175 1375
2178 2179 0 2176 1376
2179 2180 0 2177 1377
2180 2181 0 2178 1378
2181 2182 0 2179 1379
2182 2183 0 2180 1380
2183 2184 0 2181 1381
2184 2185 0 2182 1382
2185 2186 0 2183 1383
2186 2187 0 2184 1384
2187 2188 0 2185 1385
2188 2189 0 2186 1386
2189 2190 0 2187 1387
2190 2191 0 2188 1388
2191 2192 0 2189 1389
2192 2193 0 2190 1390
2193 2194 0 2191 1391
2194 2195 0 2192 1392
2195 2196 0 2193 1393
2196 2197 0 2194 1394
2197 2198 0 2195 1395
2198 2199 0 2196 1396
2199 2200 0 2197 1397
2200 2201 0 2198 1398
2201 2202 0 2199 1399
2202 2203 0 2200 1400
2203 2204 0 2201 1401
2204 2205 0 2202 1402
2205 2206 0 2203 1403
2206 2207 0 2204 1404
2207 2208 0 2205 1405
2208 2209 0 2206 1406
2209 2210 0 2207 1407
2210 2211 0 2208 1408
2211 2212 0 2209 1409
2212 2213 0 2210 1410
2213 2214 0 2211 1411
2214 2215 0 2212 1412
2215 2216 0 2213 1413
2216 2217 0 2214 1414
2217 2218 0 2215 1415
2218 2219 0 2216 1416
2219 2220 0 2217 1417
2220 2221 0 2218 1418
2221 2222 0 2219 1419
2222 2223 0 2220 1420
2223 2224 0 2221 1421
2224 2225 0 2222 1422
2225 2226 0 2223 1423
2226 2227 0 2224 1424
2227 2228 0 2225 1425
2228 2229 0 2226 1426
2229 2230 0 2227 1427
2230 2231 0 2228 1428
2231 2232 0 2229 1429
2232 2233 0 2230 1430
2233 2234 0 2231 1431
2234 2235 0 2232 1432
2235 2236 0 2233 1433
2236 2237 0 2234 1434
2237 2238 0 2235 1435
2238 2239 0 2236 1436
2239 2240 0 2237 1437
2240 2241 0 2238 1438
2241 2242 0 2239 1439
2242 2243 0 2240 1440
2243 2244 0 2241 1441
2244 2245 0 2242 1442
2245 2246 0 2243 1443
2246 2247 0 2244 1444
2247 2248 0 2245 1445
2248 2249 0 2246 1446
2249 2250 0 2247 1447
2250 2251 0 2248 1448
2251 2252 0 2249 1449
2252 2253 0 2250 1450
2253 2254 0 2251 1451
2254 2255 0 2252 1452
2255 2256 0 2253 1453
2256 2257 0 2254 1454
2257 2258 0 2255 1455
2258 2259 0 2256 1456
2259 2260 0 2257 1457
2260 2261 0 2258 1458
2261 2262 0 2259 1459
2262 2263 0 2260 1460
2263 2264 0 2261 1461
2264 2265 0 2262 1462
2265 2266 0 2263 1463
2266 2267 0 2264 1464
2267 2268 0 2265 1465
2268 2269 0 2266 1466
2269 2270 0 2267 1467
2270 2271 0 2268 1468
2271 2272 0 2269 1469
2272 2273 0 2270 1470
2273 2274 0 2271 1471
2274 2275 0 2272 1472
2275 2276 0 2273 1473
2276 2277 0 2274 1474
2277 2278 0 2275 1475
2278 2279 0 2276 1476
2279 2280 0 2277 1477
2280 2281 0 2278 1478
2281 2282 0 2279 1479
2282 2283 0 2280 1480
2283 2284 0 2281 1481
2284 2285 0 2282 1482
2285 2286 0 2283 1483
2286 2287 0 2284 1484
2287 2288 0 2285 1485
2288 2289 0 2286 1486
2289 2290 0 2287 1487
2290 2291 0 2288 1488
2291 2292 0 2289 1489
2292 2293 0 2290 1490
2293 2294 0 2291 1491
2294 2295 0 2292 1492
2295 2296 0 2293 1493
2296 2297 0 2294 1494
2297 2298 0 2295 1495
2298 2299 0 2296 1496
2299 2300 0 2297 1497
2300 2301 0 2298 1498
2301 2302 0 2299 1499
2302 2303 0 2300 1500
2303 2304 0 2301 1501
2304 2305 0 2302 1502
2305 2306 0 2303 1503
2306 2307 0 2304 1504
2307 2308 0 2305 1505
2308 2309 0 2306 1506
2309 2310 0 2307 1507
2310 2311 0 2308 1508
2311 2312 0 2309 1509
2312 2313 0 2310 1510
2313 2314 0 2311 1511
2314 2315 0 2312 1512
2315 2316 0 2313 1513
2316 2317 0 2314 1514
2317 2318 0 2315 1515
2318 2319 0 2316 1516
2319 2320 0 2317 1517
2320 2321 0 2318 1518
2321 2322 0 2319 1519
2322 2323 0 2320 1520
2323 2324 0 2321 1521
2324 2325 0 2322 1522
2325 2326 0 2323 1523
2326 2327 0 2324 1524
2327 2328 0 2325 1525
2328 2329 0 2326 1526
2329 2330 0 2327 1527
2330 2331 0 2328 1528
2331 2332 0 2329 1529
2332 2333 0 2330 1530
2333 2334 0 2331 1531
2334 2335 0 2332 1532
2335 2336 0 2333 1533
2336 2337 0 2334 1534
2337 2338 0 2335 1535
2338 2339 0 2336 1536
2339 2340 0 2337 1537
2340 2341 0 2338 1538
2341 2342 0 2339 1539
2342 2343 0 2340 1540
2343 2344 0 2341 1541
2344 2345 0 2342 1542
2345 2346 0 2343 1543
2346 2347 0 2344 1544
2347 2348 0 2345 1545
2348 2349 0 2346 1546
2349 2350 0 2347 1547
2350 2351 0 2348 1548
2351 2352 0 2349 1549
2352 2353 0 2350 1550
2353 2354 0 2351 1551
2354 2355 0 2352 1552
2355 2356 0 2353 1553
2356 2357 0 2354 1554
2357 2358 0 2355 1555
2358 2359 0 2356 1556
2359 2360 0 2357 1557
2360 2361 0 2358 1558
2361 2362 0 2359 1559
2362 2363 0 2360 1560
2363 2364 0 2361 1561
2364 2365 0 2362 1562
2365 2366 0 2363 1563
2366 2367 0 2364 1564
2367 2368 0 2365 1565
2368 2369 0 2366 1566
2369 2370 0 2367 1567
2370 2371 0 2368 1568
2371 2372 0 2369 1569
2372 2373 0 2370 1570
2373 2374 0 2371 1571
2374 2375 0 2372 1572
2375 2376 0 2373 1573
2376 2377 0 2374 1574
2377 2378 0 2375 1575
2378 2379 0 2376 1576
2379 2380 0 2377 1577
2380 2381 0 2378 1578
2381 2382 0 2379 1579
2382 2383 0 2380 1580
2383 2384 0 2381 1581
2384 2385 0 2382 1582
2385 2386 0 2383 1583
2386 2387 0 2384 1584
2387 2388 0 2385 1585
2388 2389 0 2386 1586
2389 2390 0 2387 1587
2390 2391 0 2388 1588
2391 2392 0 2389 1589
2392 2393 0 2390 1590
2393 2394 0 2391 1591
2394 2395 0 2392 1592
2395 2396 0 2393 1593
2396 2397 0 2394 1594
2397 2398 0 2395 1595
2398 2399 0 2396 1596
2399 2400 0 2397 1597
2400 2401 0 2398 1598
2401 2402 0 2399 1599
