0 61 2 0 -1
1 62 0 0 1
2 63 0 1 2
3 64 0 2 3
4 65 0 3 4
5 66 0 4 5
6 67 0 5 6
7 68 0 6 7
8 69 0 7 8
9 70 0 8 9
10 71 0 9 10
11 72 0 10 11
12 73 0 11 12
13 74 0 12 13
14 75 0 13 14
15 76 0 14 15
16 77 0 15 16
17 78 0 16 17
18 79 0 17 18
19 80 0 18 19
20 81 0 19 20
21 82 0 20 21
22 83 0 21 22
23 84 0 22 23
24 85 0 23 24
25 86 0 24 25
26 87 0 25 26
27 88 0 26 27
28 89 0 27 28
29 90 0 28 29
30 91 0 29 30
31 92 0 30 31
32 93 0 31 32
33 94 0 32 33
34 95 0 33 34
35 96 0 34 35
36 97 0 35 36
37 98 0 36 37
38 99 0 37 38
39 100 0 38 39
40 101 0 39 40
41 102 0 40 41
42 103 0 41 42
43 104 0 42 43
44 105 0 43 44
45 106 0 44 45
46 107 0 45 46
47 108 0 46 47
48 109 0 47 48
49 110 0 48 49
50 111 0 49 50
51 112 0 50 51
52 113 0 51 52
53 114 0 52 53
54 115 0 53 54
55 116 0 54 55
56 117 0 55 56
57 118 0 56 57
58 119 0 57 58
59 120 0 58 59
60 121 2 59 -1
61 122 2 60 -1
62 123 0 60 61
63 124 0 61 62
64 125 0 62 63
65 126 0 63 64
66 127 0 64 65
67 128 0 65 66
68 129 0 66 67
69 130 0 67 68
70 131 0 68 69
71 132 0 69 70
72 133 0 70 71
73 134 0 71 72
74 135 0 72 73
75 136 0 73 74
76 137 0 74 75
77 138 0 75 76
78 139 0 76 77
79 140 0 77 78
80 141 0 78 79
81 142 0 79 80
82 143 0 80 81
83 144 0 81 82
84 145 0 82 83
85 146 0 83 84
86 147 0 84 85
87 148 0 85 86
88 149 0 86 87
89 150 0 87 88
90 151 0 88 89
91 152 0 89 90
92 153 0 90 91
93 154 0 91 92
94 155 0 92 93
95 156 0 93 94
96 157 0 94 95
97 158 0 95 96
98 159 0 96 97
99 160 0 97 98
100 161 0 98 99
101 162 0 99 100
102 163 0 100 101
103 164 0 101 102
104 165 0 102 103
105 166 0 103 104
106 167 0 104 105
107 168 0 105 106
108 169 0 106 107
109 170 0 107 108
110 171 0 108 109
111 172 0 109 110
112 173 0 110 111
113 174 0 111 112
114 175 0 112 113
115 176 0 113 114
116 177 0 114 115
117 178 0 115 116
118 179 0 116 117
119 180 0 117 118
120 181 0 118 119
121 182 2 119 -1
122 183 2 120 -1
123 184 0 120 121
124 185 0 121 122
125 186 0 122 123
126 187 0 123 124
127 188 0 124 125
128 189 0 125 126
129 190 0 126 127
130 191 0 127 128
131 192 0 128 129
132 193 0 129 130
133 194 0 130 131
134 195 0 131 132
135 196 0 132 133
136 197 0 133 134
137 198 0 134 135
138 199 0 135 136
139 200 0 136 137
140 201 0 137 138
141 202 0 138 139
142 203 0 139 140
143 204 0 140 141
144 205 0 141 142
145 206 0 142 143
146 207 0 143 144
147 208 0 144 145
148 209 0 145 146
149 210 0 146 147
150 211 0 147 148
151 212 0 148 149
152 213 0 149 150
153 214 0 150 151
154 215 0 151 152
155 216 0 152 153
156 217 0 153 154
157 218 0 154 155
158 219 0 155 156
159 220 0 156 157
160 221 0 157 158
161 222 0 158 159
162 223 0 159 160
163 224 0 160 161
164 225 0 161 162
165 226 0 162 163
166 227 0 163 164
167 228 0 164 165
168 229 0 165 166
169 230 0 166 167
170 231 0 167 168
171 232 0 168 169
172 233 0 169 170
173 234 0 170 171
174 235 0 171 172
175 236 0 172 173
176 237 0 173 174
177 238 0 174 175
178 239 0 175 176
179 240 0 176 177
180 241 0 177 178
181 242 0 178 179
182 243 2 179 -1
183 244 2 180 -1
184 245 0 180 181
185 246 0 181 182
186 247 0 182 183
187 248 0 183 184
188 249 0 184 185
189 250 0 185 186
190 251 0 186 187
191 252 0 187 188
192 253 0 188 189
193 254 0 189 190
194 255 0 190 191
195 256 0 191 192
196 257 0 192 193
197 258 0 193 194
198 259 0 194 195
199 260 0 195 196
200 261 0 196 197
201 262 0 197 198
202 263 0 198 199
203 264 0 199 200
204 265 0 200 201
205 266 0 201 202
206 267 0 202 203
207 268 0 203 204
208 269 0 204 205
209 270 0 205 206
210 271 0 206 207
211 272 0 207 208
212 273 0 208 209
213 274 0 209 210
214 275 0 210 211
215 276 0 211 212
216 277 0 212 213
217 278 0 213 214
218 279 0 214 215
219 280 0 215 216
220 281 0 216 217
221 282 0 217 218
222 283 0 218 219
223 284 0 219 220
224 285 0 220 221
225 286 0 221 222
226 287 0 222 223
227 288 0 223 224
228 289 0 224 225
229 290 0 225 226
230 291 0 226 227
231 292 0 227 228
232 293 0 228 229
233 294 0 229 230
234 295 0 230 231
235 296 0 231 232
236 297 0 232 233
237 298 0 233 234
238 299 0 234 235
239 300 0 235 236
240 301 0 236 237
241 302 0 237 238
242 303 0 238 239
243 304 2 239 -1
244 305 2 240 -1
245 306 0 240 241
246 307 0 241 242
247 308 0 242 243
248 309 0 243 244
249 310 0 244 245
250 311 0 245 246
251 312 0 246 247
252 313 0 247 248
253 314 0 248 249
254 315 0 249 250
255 316 0 250 251
256 317 0 251 252
257 318 0 252 253
258 319 0 253 254
259 320 0 254 255
260 321 0 255 256
261 322 0 256 257
262 323 0 257 258
263 324 0 258 259
264 325 0 259 260
265 326 0 260 261
266 327 0 261 262
267 328 0 262 263
268 329 0 263 264
269 330 0 264 265
270 331 0 265 266
271 332 0 266 267
272 333 0 267 268
273 334 0 268 269
274 335 0 269 270
275 336 0 270 271
276 337 0 271 272
277 338 0 272 273
278 339 0 273 274
279 340 0 274 275
280 341 0 275 276
281 342 0 276 277
282 343 0 277 278
283 344 0 278 279
284 345 0 279 280
285 346 0 280 281
286 347 0 281 282
287 348 0 282 283
288 349 0 283 284
289 350 0 284 285
290 351 0 285 286
291 352 0 286 287
292 353 0 287 288
293 354 0 288 289
294 355 0 289 290
295 356 0 290 291
296 357 0 291 292
297 358 0 292 293
298 359 0 293 294
299 360 0 294 295
300 361 0 295 296
301 362 0 296 297
302 363 0 297 298
303 364 0 298 299
304 365 2 299 -1
305 366 2 300 -1
306 367 0 300 301
307 368 0 301 302
308 369 0 302 303
309 370 0 303 304
310 371 0 304 305
311 372 0 305 306
312 373 0 306 307
313 374 0 307 308
314 375 0 308 309
315 376 0 309 310
316 377 0 310 311
317 378 0 311 312
318 379 0 312 313
319 380 0 313 314
320 381 0 314 315
321 382 0 315 316
322 383 0 316 317
323 384 0 317 318
324 385 0 318 319
325 386 0 319 320
326 387 0 320 321
327 388 0 321 322
328 389 0 322 323
329 390 0 323 324
330 391 0 324 325
331 392 0 325 326
332 393 0 326 327
333 394 0 327 328
334 395 0 328 329
335 396 0 329 330
336 397 0 330 331
337 398 0 331 332
338 399 0 332 333
339 400 0 333 334
340 401 0 334 335
341 402 0 335 336
342 403 0 336 337
343 404 0 337 338
344 405 0 338 339
345 406 0 339 340
346 407 0 340 341
347 408 0 341 342
348 409 0 342 343
349 410 0 343 344
350 411 0 344 345
351 412 0 345 346
352 413 0 346 347
353 414 0 347 348
354 415 0 348 349
355 416 0 349 350
356 417 0 350 351
357 418 0 351 352
358 419 0 352 353
359 420 0 353 354
360 421 0 354 355
361 422 0 355 356
362 423 0 356 357
363 424 0 357 358
364 425 0 358 359
365 426 2 359 -1
366 427 2 360 -1
367 428 0 360 361
368 429 0 361 362
369 430 0 362 363
370 431 0 363 364
371 432 0 364 365
372 433 0 365 366
373 434 0 366 367
374 435 0 367 368
375 436 0 368 369
376 437 0 369 370
377 438 0 370 371
378 439 0 371 372
379 440 0 372 373
380 441 0 373 374
381 442 0 374 375
382 443 0 375 376
383 444 0 376 377
384 445 0 377 378
385 446 0 378 379
386 447 0 379 380
387 448 0 380 381
388 449 0 381 382
389 450 0 382 383
390 451 0 383 384
391 452 0 384 385
392 453 0 385 386
393 454 0 386 387
394 455 0 387 388
395 456 0 388 389
396 457 0 389 390
397 458 0 390 391
398 459 0 391 392
399 460 0 392 393
400 461 0 393 394
401 462 0 394 395
402 463 0 395 396
403 464 0 396 397
404 465 0 397 398
405 466 0 398 399
406 467 0 399 400
407 468 0 400 401
408 469 0 401 402
409 470 0 402 403
410 471 0 403 404
411 472 0 404 405
412 473 0 405 406
413 474 0 406 407
414 475 0 407 408
415 476 0 408 409
416 477 0 409 410
417 478 0 410 411
418 479 0 411 412
419 480 0 412 413
420 481 0 413 414
421 482 0 414 415
422 483 0 415 416
423 484 0 416 417
424 485 0 417 418
425 486 0 418 419
426 487 2 419 -1
427 488 2 420 -1
428 489 0 420 421
429 490 0 421 422
430 491 0 422 423
431 492 0 423 424
432 493 0 424 425
433 494 0 425 426
434 495 0 426 427
435 496 0 427 428
436 497 0 428 429
437 498 0 429 430
438 499 0 430 431
439 500 0 431 432
440 501 0 432 433
441 502 0 433 434
442 503 0 434 435
443 504 0 435 436
444 505 0 436 437
445 506 0 437 438
446 507 0 438 439
447 508 0 439 440
448 509 0 440 441
449 510 0 441 442
450 511 0 442 443
451 512 0 443 444
452 513 0 444 445
453 514 0 445 446
454 515 0 446 447
455 516 0 447 448
456 517 0 448 449
457 518 0 449 450
458 519 0 450 451
459 520 0 451 452
460 521 0 452 453
461 522 0 453 454
462 523 0 454 455
463 524 0 455 456
464 525 0 456 457
465 526 0 457 458
466 527 0 458 459
467 528 0 459 460
468 529 0 460 461
469 530 0 461 462
470 531 0 462 463
471 532 0 463 464
472 533 0 464 465
473 534 0 465 466
474 535 0 466 467
475 536 0 467 468
476 537 0 468 469
477 538 0 469 470
478 539 0 470 471
479 540 0 471 472
480 541 0 472 473
481 542 0 473 474
482 543 0 474 475
483 544 0 475 476
484 545 0 476 477
485 546 0 477 478
486 547 0 478 479
487 548 2 479 -1
488 549 2 480 -1
489 550 0 480 481
490 551 0 481 482
491 552 0 482 483
492 553 0 483 484
493 554 0 484 485
494 555 0 485 486
495 556 0 486 487
496 557 0 487 488
497 558 0 488 489
498 559 0 489 490
499 560 0 490 491
500 561 0 491 492
501 562 0 492 493
502 563 0 493 494
503 564 0 494 495
504 565 0 495 496
505 566 0 496 497
506 567 0 497 498
507 568 0 498 499
508 569 0 499 500
509 570 0 500 501
510 571 0 501 502
511 572 0 502 503
512 573 0 503 504
513 574 0 504 505
514 575 0 505 506
515 576 0 506 507
516 577 0 507 508
517 578 0 508 509
518 579 0 509 510
519 580 0 510 511
520 581 0 511 512
521 582 0 512 513
522 583 0 513 514
523 584 0 514 515
524 585 0 515 516
525 586 0 516 517
526 587 0 517 518
527 588 0 518 519
528 589 0 519 520
529 590 0 520 521
530 591 0 521 522
531 592 0 522 523
532 593 0 523 524
533 594 0 524 525
534 595 0 525 526
535 596 0 526 527
536 597 0 527 528
537 598 0 528 529
538 599 0 529 530
539 600 0 530 531
540 601 0 531 532
541 602 0 532 533
542 603 0 533 534
543 604 0 534 535
544 605 0 535 536
545 606 0 536 537
546 607 0 537 538
547 608 0 538 539
548 609 2 539 -1
549 610 2 540 -1
550 611 0 540 541
551 612 0 541 542
552 613 0 542 543
553 614 0 543 544
554 615 0 544 545
555 616 0 545 546
556 617 0 546 547
557 618 0 547 548
558 619 0 548 549
559 620 0 549 550
560 621 0 550 551
561 622 0 551 552
562 623 0 552 553
563 624 0 553 554
564 625 0 554 555
565 626 0 555 556
566 627 0 556 557
567 628 0 557 558
568 629 0 558 559
569 630 0 559 560
570 631 0 560 561
571 632 0 561 562
572 633 0 562 563
573 634 0 563 564
574 635 0 564 565
575 636 0 565 566
576 637 0 566 567
577 638 0 567 568
578 639 0 568 569
579 640 0 569 570
580 641 0 570 571
581 642 0 571 572
582 643 0 572 573
583 644 0 573 574
584 645 0 574 575
585 646 0 575 576
586 647 0 576 577
587 648 0 577 578
588 649 0 578 579
589 650 0 579 580
590 651 0 580 581
591 652 0 581 582
592 653 0 582 583
593 654 0 583 584
594 655 0 584 585
595 656 0 585 586
596 657 0 586 587
597 658 0 587 588
598 659 0 588 589
599 660 0 589 590
600 661 0 590 591
601 662 0 591 592
602 663 0 592 593
603 664 0 593 594
604 665 0 594 595
605 666 0 595 596
606 667 0 596 597
607 668 0 597 598
608 669 0 598 599
609 670 2 599 -1
610 671 2 600 -1
611 672 0 600 601
612 673 0 601 602
613 674 0 602 603
614 675 0 603 604
615 676 0 604 605
616 677 0 605 606
617 678 0 606 607
618 679 0 607 608
619 680 0 608 609
620 681 0 609 610
621 682 0 610 611
622 683 0 611 612
623 684 0 612 613
624 685 0 613 614
625 686 0 614 615
626 687 0 615 616
627 688 0 616 617
628 689 0 617 618
629 690 0 618 619
630 691 0 619 620
631 692 0 620 621
632 693 0 621 622
633 694 0 622 623
634 695 0 623 624
635 696 0 624 625
636 697 0 625 626
637 698 0 626 627
638 699 0 627 628
639 700 0 628 629
640 701 0 629 630
641 702 0 630 631
642 703 0 631 632
643 704 0 632 633
644 705 0 633 634
645 706 0 634 635
646 707 0 635 636
647 708 0 636 637
648 709 0 637 638
649 710 0 638 639
650 711 0 639 640
651 712 0 640 641
652 713 0 641 642
653 714 0 642 643
654 715 0 643 644
655 716 0 644 645
656 717 0 645 646
657 718 0 646 647
658 719 0 647 648
659 720 0 648 649
660 721 0 649 650
661 722 0 650 651
662 723 0 651 652
663 724 0 652 653
664 725 0 653 654
665 726 0 654 655
666 727 0 655 656
667 728 0 656 657
668 729 0 657 658
669 730 0 658 659
670 731 2 659 -1
671 732 2 660 -1
672 733 0 660 661
673 734 0 661 662
674 735 0 662 663
675 736 0 663 664
676 737 0 664 665
677 738 0 665 666
678 739 0 666 667
679 740 0 667 668
680 741 0 668 669
681 742 0 669 670
682 743 0 670 671
683 744 0 671 672
684 745 0 672 673
685 746 0 673 674
686 747 0 674 675
687 748 0 675 676
688 749 0 676 677
689 750 0 677 678
690 751 0 678 679
691 752 0 679 680
692 753 0 680 681
693 754 0 681 682
694 755 0 682 683
695 756 0 683 684
696 757 0 684 685
697 758 0 685 686
698 759 0 686 687
699 760 0 687 688
700 761 0 688 689
701 762 0 689 690
702 763 0 690 691
703 764 0 691 692
704 765 0 692 693
705 766 0 693 694
706 767 0 694 695
707 768 0 695 696
708 769 0 696 697
709 770 0 697 698
710 771 0 698 699
711 772 0 699 700
712 773 0 700 701
713 774 0 701 702
714 775 0 702 703
715 776 0 703 704
716 777 0 704 705
717 778 0 705 706
718 779 0 706 707
719 780 0 707 708
720 781 0 708 709
721 782 0 709 710
722 783 0 710 711
723 784 0 711 712
724 785 0 712 713
725 786 0 713 714
726 787 0 714 715
727 788 0 715 716
728 789 0 716 717
729 790 0 717 718
730 791 0 718 719
731 792 2 719 -1
732 793 2 720 -1
733 794 0 720 721
734 795 0 721 722
735 796 0 722 723
736 797 0 723 724
737 798 0 724 725
738 799 0 725 726
739 800 0 726 727
740 801 0 727 728
741 802 0 728 729
742 803 0 729 730
743 804 0 730 731
744 805 0 731 732
745 806 0 732 733
746 807 0 733 734
747 808 0 734 735
748 809 0 735 736
749 810 0 736 737
750 811 0 737 738
751 812 0 738 739
752 813 0 739 740
753 814 0 740 741
754 815 0 741 742
755 816 0 742 743
756 817 0 743 744
757 818 0 744 745
758 819 0 745 746
759 820 0 746 747
760 821 0 747 748
761 822 0 748 749
762 823 0 749 750
763 824 0 750 751
764 825 0 751 752
765 826 0 752 753
766 827 0 753 754
767 828 0 754 755
768 829 0 755 756
769 830 0 756 757
770 831 0 757 758
771 832 0 758 759
772 833 0 759 760
773 834 0 760 761
774 835 0 761 762
775 836 0 762 763
776 837 0 763 764
777 838 0 764 765
778 839 0 765 766
779 840 0 766 767
780 841 0 767 768
781 842 0 768 769
782 843 0 769 770
783 844 0 770 771
784 845 0 771 772
785 846 0 772 773
786 847 0 773 774
787 848 0 774 775
788 849 0 775 776
789 850 0 776 777
790 851 0 777 778
791 852 0 778 779
792 853 2 779 -1
793 854 2 780 -1
794 855 0 780 781
795 856 0 781 782
796 857 0 782 783
797 858 0 783 784
798 859 0 784 785
799 860 0 785 786
800 861 0 786 787
801 862 0 787 788
802 863 0 788 789
803 864 0 789 790
804 865 0 790 791
805 866 0 791 792
806 867 0 792 793
807 868 0 793 794
808 869 0 794 795
809 870 0 795 796
810 871 0 796 797
811 872 0 797 798
812 873 0 798 799
813 874 0 799 800
814 875 0 800 801
815 876 0 801 802
816 877 0 802 803
817 878 0 803 804
818 879 0 804 805
819 880 0 805 806
820 881 0 806 807
821 882 0 807 808
822 883 0 808 809
823 884 0 809 810
824 885 0 810 811
825 886 0 811 812
826 887 0 812 813
827 888 0 813 814
828 889 0 814 815
829 890 0 815 816
830 891 0 816 817
831 892 0 817 818
832 893 0 818 819
833 894 0 819 820
834 895 0 820 821
835 896 0 821 822
836 897 0 822 823
837 898 0 823 824
838 899 0 824 825
839 900 0 825 826
840 901 0 826 827
841 902 0 827 828
842 903 0 828 829
843 904 0 829 830
844 905 0 830 831
845 906 0 831 832
846 907 0 832 833
847 908 0 833 834
848 909 0 834 835
849 910 0 835 836
850 911 0 836 837
851 912 0 837 838
852 913 0 838 839
853 914 2 839 -1
854 915 2 840 -1
855 916 0 840 841
856 917 0 841 842
857 918 0 842 843
858 919 0 843 844
859 920 0 844 845
860 921 0 845 846
861 922 0 846 847
862 923 0 847 848
863 924 0 848 849
864 925 0 849 850
865 926 0 850 851
866 927 0 851 852
867 928 0 852 853
868 929 0 853 854
869 930 0 854 855
870 931 0 855 856
871 932 0 856 857
872 933 0 857 858
873 934 0 858 859
874 935 0 859 860
875 936 0 860 861
876 937 0 861 862
877 938 0 862 863
878 939 0 863 864
879 940 0 864 865
880 941 0 865 866
881 942 0 866 867
882 943 0 867 868
883 944 0 868 869
884 945 0 869 870
885 946 0 870 871
886 947 0 871 872
887 948 0 872 873
888 949 0 873 874
889 950 0 874 875
890 951 0 875 876
891 952 0 876 877
892 953 0 877 878
893 954 0 878 879
894 955 0 879 880
895 956 0 880 881
896 957 0 881 882
897 958 0 882 883
898 959 0 883 884
899 960 0 884 885
900 961 0 885 886
901 962 0 886 887
902 963 0 887 888
903 964 0 888 889
904 965 0 889 890
905 966 0 890 891
906 967 0 891 892
907 968 0 892 893
908 969 0 893 894
909 970 0 894 895
910 971 0 895 896
911 972 0 896 897
912 973 0 897 898
913 974 0 898 899
914 975 2 899 -1
915 976 2 900 -1
916 977 0 900 901
917 978 0 901 902
918 979 0 902 903
919 980 0 903 904
920 981 0 904 905
921 982 0 905 906
922 983 0 906 907
923 984 0 907 908
924 985 0 908 909
925 986 0 909 910
926 987 0 910 911
927 988 0 911 912
928 989 0 912 913
929 990 0 913 914
930 991 0 914 915
931 992 0 915 916
932 993 0 916 917
933 994 0 917 918
934 995 0 918 919
935 996 0 919 920
936 997 0 920 921
937 998 0 921 922
938 999 0 922 923
939 1000 0 923 924
940 1001 0 924 925
941 1002 0 925 926
942 1003 0 926 927
943 1004 0 927 928
944 1005 0 928 929
945 1006 0 929 930
946 1007 0 930 931
947 1008 0 931 932
948 1009 0 932 933
949 1010 0 933 934
950 1011 0 934 935
951 1012 0 935 936
952 1013 0 936 937
953 1014 0 937 938
954 1015 0 938 939
955 1016 0 939 940
956 1017 0 940 941
957 1018 0 941 942
958 1019 0 942 943
959 1020 0 943 944
960 1021 0 944 945
961 1022 0 945 946
962 1023 0 946 947
963 1024 0 947 948
964 1025 0 948 949
965 1026 0 949 950
966 1027 0 950 951
967 1028 0 951 952
968 1029 0 952 953
969 1030 0 953 954
970 1031 0 954 955
971 1032 0 955 956
972 1033 0 956 957
973 1034 0 957 958
974 1035 0 958 959
975 1036 2 959 -1
976 1037 2 960 -1
977 1038 0 960 961
978 1039 0 961 962
979 1040 0 962 963
980 1041 0 963 964
981 1042 0 964 965
982 1043 0 965 966
983 1044 0 966 967
984 1045 0 967 968
985 1046 0 968 969
986 1047 0 969 970
987 1048 0 970 971
988 1049 0 971 972
989 1050 0 972 973
990 1051 0 973 974
991 1052 0 974 975
992 1053 0 975 976
993 1054 0 976 977
994 1055 0 977 978
995 1056 0 978 979
996 1057 0 979 980
997 1058 0 980 981
998 1059 0 981 982
999 1060 0 982 983
1000 1061 0 983 984
1001 1062 0 984 985
1002 1063 0 985 986
1003 1064 0 986 987
1004 1065 0 987 988
1005 1066 0 988 989
1006 1067 0 989 990
1007 1068 0 990 991
1008 1069 0 991 992
1009 1070 0 992 993
1010 1071 0 993 994
1011 1072 0 994 995
1012 1073 0 995 996
1013 1074 0 996 997
1014 1075 0 997 998
1015 1076 0 998 999
1016 1077 0 999 1000
1017 1078 0 1000 1001
1018 1079 0 1001 1002
1019 1080 0 1002 1003
1020 1081 0 1003 1004
1021 1082 0 1004 1005
1022 1083 0 1005 1006
1023 1084 0 1006 1007
1024 1085 0 1007 1008
1025 1086 0 1008 1009
1026 1087 0 1009 1010
1027 1088 0 1010 1011
1028 1089 0 1011 1012
1029 1090 0 1012 1013
1030 1091 0 1013 1014
1031 1092 0 1014 1015
1032 1093 0 1015 1016
1033 1094 0 1016 1017
1034 1095 0 1017 1018
1035 1096 0 1018 1019
1036 1097 2 1019 -1
1037 1098 2 1020 -1
1038 1099 0 1020 1021
1039 1100 0 1021 1022
1040 1101 0 1022 1023
1041 1102 0 1023 1024
1042 1103 0 1024 1025
1043 1104 0 1025 1026
1044 1105 0 1026 1027
1045 1106 0 1027 1028
1046 1107 0 1028 1029
1047 1108 0 1029 1030
1048 1109 0 1030 1031
1049 1110 0 1031 1032
1050 1111 0 1032 1033
1051 1112 0 1033 1034
1052 1113 0 1034 1035
1053 1114 0 1035 1036
1054 1115 0 1036 1037
1055 1116 0 1037 1038
1056 1117 0 1038 1039
1057 1118 0 1039 1040
1058 1119 0 1040 1041
1059 1120 0 1041 1042
1060 1121 0 1042 1043
1061 1122 0 1043 1044
1062 1123 0 1044 1045
1063 1124 0 1045 1046
1064 1125 0 1046 1047
1065 1126 0 1047 1048
1066 1127 0 1048 1049
1067 1128 0 1049 1050
1068 1129 0 1050 1051
1069 1130 0 1051 1052
1070 1131 0 1052 1053
1071 1132 0 1053 1054
1072 1133 0 1054 1055
1073 1134 0 1055 1056
1074 1135 0 1056 1057
1075 1136 0 1057 1058
1076 1137 0 1058 1059
1077 1138 0 1059 1060
1078 1139 0 1060 1061
1079 1140 0 1061 1062
1080 1141 0 1062 1063
1081 1142 0 1063 1064
1082 1143 0 1064 1065
1083 1144 0 1065 1066
1084 1145 0 1066 1067
1085 1146 0 1067 1068
1086 1147 0 1068 1069
1087 1148 0 1069 1070
1088 1149 0 1070 1071
1089 1150 0 1071 1072
1090 1151 0 1072 1073
1091 1152 0 1073 1074
1092 1153 0 1074 1075
1093 1154 0 1075 1076
1094 1155 0 1076 1077
1095 1156 0 1077 1078
1096 1157 0 1078 1079
1097 1158 2 1079 -1
1098 1159 2 1080 -1
1099 1160 0 1080 1081
1100 1161 0 1081 1082
1101 1162 0 1082 1083
1102 1163 0 1083 1084
1103 1164 0 1084 1085
1104 1165 0 1085 1086
1105 1166 0 1086 1087
1106 1167 0 1087 1088
1107 1168 0 1088 1089
1108 1169 0 1089 1090
1109 1170 0 1090 1091
1110 1171 0 1091 1092
1111 1172 0 1092 1093
1112 1173 0 1093 1094
1113 1174 0 1094 1095
1114 1175 0 1095 1096
1115 1176 0 1096 1097
1116 1177 0 1097 1098
1117 1178 0 1098 1099
1118 1179 0 1099 1100
1119 1180 0 1100 1101
1120 1181 0 1101 1102
1121 1182 0 1102 1103
1122 1183 0 1103 1104
1123 1184 0 1104 1105
1124 1185 0 1105 1106
1125 1186 0 1106 1107
1126 1187 0 1107 1108
1127 1188 0 1108 1109
1128 1189 0 1109 1110
1129 1190 0 1110 1111
1130 1191 0 1111 1112
1131 1192 0 1112 1113
1132 1193 0 1113 1114
1133 1194 0 1114 1115
1134 1195 0 1115 1116
1135 1196 0 1116 1117
1136 1197 0 1117 1118
1137 1198 0 1118 1119
1138 1199 0 1119 1120
1139 1200 0 1120 1121
1140 1201 0 1121 1122
1141 1202 0 1122 1123
1142 1203 0 1123 1124
1143 1204 0 1124 1125
1144 1205 0 1125 1126
1145 1206 0 1126 1127
1146 1207 0 1127 1128
1147 1208 0 1128 1129
1148 1209 0 1129 1130
1149 1210 0 1130 1131
1150 1211 0 1131 1132
1151 1212 0 1132 1133
1152 1213 0 1133 1134
1153 1214 0 1134 1135
1154 1215 0 1135 1136
1155 1216 0 1136 1137
1156 1217 0 1137 1138
1157 1218 0 1138 1139
1158 1219 2 1139 -1
1159 1220 2 1140 -1
1160 1221 0 1140 1141
1161 1222 0 1141 1142
1162 1223 0 1142 1143
1163 1224 0 1143 1144
1164 1225 0 1144 1145
1165 1226 0 1145 1146
1166 1227 0 1146 1147
1167 1228 0 1147 1148
1168 1229 0 1148 1149
1169 1230 0 1149 1150
1170 1231 0 1150 1151
1171 1232 0 1151 1152
1172 1233 0 1152 1153
1173 1234 0 1153 1154
1174 1235 0 1154 1155
1175 1236 0 1155 1156
1176 1237 0 1156 1157
1177 1238 0 1157 1158
1178 1239 0 1158 1159
1179 1240 0 1159 1160
1180 1241 0 1160 1161
1181 1242 0 1161 1162
1182 1243 0 1162 1163
1183 1244 0 1163 1164
1184 1245 0 1164 1165
1185 1246 0 1165 1166
1186 1247 0 1166 1167
1187 1248 0 1167 1168
1188 1249 0 1168 1169
1189 1250 0 1169 1170
1190 1251 0 1170 1171
1191 1252 0 1171 1172
1192 1253 0 1172 1173
1193 1254 0 1173 1174
1194 1255 0 1174 1175
1195 1256 0 1175 1176
1196 1257 0 1176 1177
1197 1258 0 1177 1178
1198 1259 0 1178 1179
1199 1260 0 1179 1180
1200 1261 0 1180 1181
1201 1262 0 1181 1182
1202 1263 0 1182 1183
1203 1264 0 1183 1184
1204 1265 0 1184 1185
1205 1266 0 1185 1186
1206 1267 0 1186 1187
1207 1268 0 1187 1188
1208 1269 0 1188 1189
1209 1270 0 1189 1190
1210 1271 0 1190 1191
1211 1272 0 1191 1192
1212 1273 0 1192 1193
1213 1274 0 1193 1194
1214 1275 0 1194 1195
1215 1276 0 1195 1196
1216 1277 0 1196 1197
1217 1278 0 1197 1198
1218 1279 0 1198 1199
1219 1280 2 1199 -1
1220 1281 2 1200 -1
1221 1282 0 1200 1201
1222 1283 0 1201 1202
1223 1284 0 1202 1203
1224 1285 0 1203 1204
1225 1286 0 1204 1205
1226 1287 0 1205 1206
1227 1288 0 1206 1207
1228 1289 0 1207 1208
1229 1290 0 1208 1209
1230 1291 0 1209 1210
1231 1292 0 1210 1211
1232 1293 0 1211 1212
1233 1294 0 1212 1213
1234 1295 0 1213 1214
1235 1296 0 1214 1215
1236 1297 0 1215 1216
1237 1298 0 1216 1217
1238 1299 0 1217 1218
1239 1300 0 1218 1219
1240 1301 0 1219 1220
1241 1302 0 1220 1221
1242 1303 0 1221 1222
1243 1304 0 1222 1223
1244 1305 0 1223 1224
1245 1306 0 1224 1225
1246 1307 0 1225 1226
1247 1308 0 1226 1227
1248 1309 0 1227 1228
1249 1310 0 1228 1229
1250 1311 0 1229 1230
1251 1312 0 1230 1231
1252 1313 0 1231 1232
1253 1314 0 1232 1233
1254 1315 0 1233 1234
1255 1316 0 1234 1235
1256 1317 0 1235 1236
1257 1318 0 1236 1237
1258 1319 0 1237 1238
1259 1320 0 1238 1239
1260 1321 0 1239 1240
1261 1322 0 1240 1241
1262 1323 0 1241 1242
1263 1324 0 1242 1243
1264 1325 0 1243 1244
1265 1326 0 1244 1245
1266 1327 0 1245 1246
1267 1328 0 1246 1247
1268 1329 0 1247 1248
1269 1330 0 1248 1249
1270 1331 0 1249 1250
1271 1332 0 1250 1251
1272 1333 0 1251 1252
1273 1334 0 1252 1253
1274 1335 0 1253 1254
1275 1336 0 1254 1255
1276 1337 0 1255 1256
1277 1338 0 1256 1257
1278 1339 0 1257 1258
1279 1340 0 1258 1259
1280 1341 2 1259 -1
1281 1342 2 1260 -1
1282 1343 0 1260 1261
1283 1344 0 1261 1262
1284 1345 0 1262 1263
1285 1346 0 1263 1264
1286 1347 0 1264 1265
1287 1348 0 1265 1266
1288 1349 0 1266 1267
1289 1350 0 1267 1268
1290 1351 0 1268 1269
1291 1352 0 1269 1270
1292 1353 0 1270 1271
1293 1354 0 1271 1272
1294 1355 0 1272 1273
1295 1356 0 1273 1274
1296 1357 0 1274 1275
1297 1358 0 1275 1276
1298 1359 0 1276 1277
1299 1360 0 1277 1278
1300 1361 0 1278 1279
1301 1362 0 1279 1280
1302 1363 0 1280 1281
1303 1364 0 1281 1282
1304 1365 0 1282 1283
1305 1366 0 1283 1284
1306 1367 0 1284 1285
1307 1368 0 1285 1286
1308 1369 0 1286 1287
1309 1370 0 1287 1288
1310 1371 0 1288 1289
1311 1372 0 1289 1290
1312 1373 0 1290 1291
1313 1374 0 1291 1292
1314 1375 0 1292 1293
1315 1376 0 1293 1294
1316 1377 0 1294 1295
1317 1378 0 1295 1296
1318 1379 0 1296 1297
1319 1380 0 1297 1298
1320 1381 0 1298 1299
1321 1382 0 1299 1300
1322 1383 0 1300 1301
1323 1384 0 1301 1302
1324 1385 0 1302 1303
1325 1386 0 1303 1304
1326 1387 0 1304 1305
1327 1388 0 1305 1306
1328 1389 0 1306 1307
1329 1390 0 1307 1308
1330 1391 0 1308 1309
1331 1392 0 1309 1310
1332 1393 0 1310 1311
1333 1394 0 1311 1312
1334 1395 0 1312 1313
1335 1396 0 1313 1314
1336 1397 0 1314 1315
1337 1398 0 1315 1316
1338 1399 0 1316 1317
1339 1400 0 1317 1318
1340 1401 0 1318 1319
1341 1402 2 1319 -1
1342 1403 2 1320 -1
1343 1404 0 1320 1321
1344 1405 0 1321 1322
1345 1406 0 1322 1323
1346 1407 0 1323 1324
1347 1408 0 1324 1325
1348 1409 0 1325 1326
1349 1410 0 1326 1327
1350 1411 0 1327 1328
1351 1412 0 1328 1329
1352 1413 0 1329 1330
1353 1414 0 1330 1331
1354 1415 0 1331 1332
1355 1416 0 1332 1333
1356 1417 0 1333 1334
1357 1418 0 1334 1335
1358 1419 0 1335 1336
1359 1420 0 1336 1337
1360 1421 0 1337 1338
1361 1422 0 1338 1339
1362 1423 0 1339 1340
1363 1424 0 1340 1341
1364 1425 0 1341 1342
1365 1426 0 1342 1343
1366 1427 0 1343 1344
1367 1428 0 1344 1345
1368 1429 0 1345 1346
1369 1430 0 1346 1347
1370 1431 0 1347 1348
1371 1432 0 1348 1349
1372 1433 0 1349 1350
1373 1434 0 1350 1351
1374 1435 0 1351 1352
1375 1436 0 1352 1353
1376 1437 0 1353 1354
1377 1438 0 1354 1355
1378 1439 0 1355 1356
1379 1440 0 1356 1357
1380 1441 0 1357 1358
1381 1442 0 1358 1359
1382 1443 0 1359 1360
1383 1444 0 1360 1361
1384 1445 0 1361 1362
1385 1446 0 1362 1363
1386 1447 0 1363 1364
1387 1448 0 1364 1365
1388 1449 0 1365 1366
1389 1450 0 1366 1367
1390 1451 0 1367 1368
1391 1452 0 1368 1369
1392 1453 0 1369 1370
1393 1454 0 1370 1371
1394 1455 0 1371 1372
1395 1456 0 1372 1373
1396 1457 0 1373 1374
1397 1458 0 1374 1375
1398 1459 0 1375 1376
1399 1460 0 1376 1377
1400 1461 0 1377 1378
1401 1462 0 1378 1379
1402 1463 2 1379 -1
1403 1464 2 1380 -1
1404 1465 0 1380 1381
1405 1466 0 1381 1382
1406 1467 0 1382 1383
1407 1468 0 1383 1384
1408 1469 0 1384 1385
1409 1470 0 1385 1386
1410 1471 0 1386 1387
1411 1472 0 1387 1388
1412 1473 0 1388 1389
1413 1474 0 1389 1390
1414 1475 0 1390 1391
1415 1476 0 1391 1392
1416 1477 0 1392 1393
1417 1478 0 1393 1394
1418 1479 0 1394 1395
1419 1480 0 1395 1396
1420 1481 0 1396 1397
1421 1482 0 1397 1398
1422 1483 0 1398 1399
1423 1484 0 1399 1400
1424 1485 0 1400 1401
1425 1486 0 1401 1402
1426 1487 0 1402 1403
1427 1488 0 1403 1404
1428 1489 0 1404 1405
1429 1490 0 1405 1406
1430 1491 0 1406 1407
1431 1492 0 1407 1408
1432 1493 0 1408 1409
1433 1494 0 1409 1410
1434 1495 0 1410 1411
1435 1496 0 1411 1412
1436 1497 0 1412 1413
1437 1498 0 1413 1414
1438 1499 0 1414 1415
1439 1500 0 1415 1416
1440 1501 0 1416 1417
1441 1502 0 1417 1418
1442 1503 0 1418 1419
1443 1504 0 1419 1420
1444 1505 0 1420 1421
1445 1506 0 1421 1422
1446 1507 0 1422 1423
1447 1508 0 1423 1424
1448 1509 0 1424 1425
1449 1510 0 1425 1426
1450 1511 0 1426 1427
1451 1512 0 1427 1428
1452 1513 0 1428 1429
1453 1514 0 1429 1430
1454 1515 0 1430 1431
1455 1516 0 1431 1432
1456 1517 0 1432 1433
1457 1518 0 1433 1434
1458 1519 0 1434 1435
1459 1520 0 1435 1436
1460 1521 0 1436 1437
1461 1522 0 1437 1438
1462 1523 0 1438 1439
1463 1524 2 1439 -1
1464 1525 2 1440 -1
1465 1526 0 1440 1441
1466 1527 0 1441 1442
1467 1528 0 1442 1443
1468 1529 0 1443 1444
1469 1530 0 1444 1445
1470 1531 0 1445 1446
1471 1532 0 1446 1447
1472 1533 0 1447 1448
1473 1534 0 1448 1449
1474 1535 0 1449 1450
1475 1536 0 1450 1451
1476 1537 0 1451 1452
1477 1538 0 1452 1453
1478 1539 0 1453 1454
1479 1540 0 1454 1455
1480 1541 0 1455 1456
1481 1542 0 1456 1457
1482 1543 0 1457 1458
1483 1544 0 1458 1459
1484 1545 0 1459 1460
1485 1546 0 1460 1461
1486 1547 0 1461 1462
1487 1548 0 1462 1463
1488 1549 0 1463 1464
1489 1550 0 1464 1465
1490 1551 0 1465 1466
1491 1552 0 1466 1467
1492 1553 0 1467 1468
1493 1554 0 1468 1469
1494 1555 0 1469 1470
1495 1556 0 1470 1471
1496 1557 0 1471 1472
1497 1558 0 1472 1473
1498 1559 0 1473 1474
1499 1560 0 1474 1475
1500 1561 0 1475 1476
1501 1562 0 1476 1477
1502 1563 0 1477 1478
1503 1564 0 1478 1479
1504 1565 0 1479 1480
1505 1566 0 1480 1481
1506 1567 0 1481 1482
1507 1568 0 1482 1483
1508 1569 0 1483 1484
1509 1570 0 1484 1485
1510 1571 0 1485 1486
1511 1572 0 1486 1487
1512 1573 0 1487 1488
1513 1574 0 1488 1489
1514 1575 0 1489 1490
1515 1576 0 1490 1491
1516 1577 0 1491 1492
1517 1578 0 1492 1493
1518 1579 0 1493 1494
1519 1580 0 1494 1495
1520 1581 0 1495 1496
1521 1582 0 1496 1497
1522 1583 0 1497 1498
1523 1584 0 1498 1499
1524 1585 2 1499 -1
1525 1586 2 1500 -1
1526 1587 0 1500 1501
1527 1588 0 1501 1502
1528 1589 0 1502 1503
1529 1590 0 1503 1504
1530 1591 0 1504 1505
1531 1592 0 1505 1506
1532 1593 0 1506 1507
1533 1594 0 1507 1508
1534 1595 0 1508 1509
1535 1596 0 1509 1510
1536 1597 0 1510 1511
1537 1598 0 1511 1512
1538 1599 0 1512 1513
1539 1600 0 1513 1514
1540 1601 0 1514 1515
1541 1602 0 1515 1516
1542 1603 0 1516 1517
1543 1604 0 1517 1518
1544 1605 0 1518 1519
1545 1606 0 1519 1520
1546 1607 0 1520 1521
1547 1608 0 1521 1522
1548 1609 0 1522 1523
1549 1610 0 1523 1524
1550 1611 0 1524 1525
1551 1612 0 1525 1526
1552 1613 0 1526 1527
1553 1614 0 1527 1528
1554 1615 0 1528 1529
1555 1616 0 1529 1530
1556 1617 0 1530 1531
1557 1618 0 1531 1532
1558 1619 0 1532 1533
1559 1620 0 1533 1534
1560 1621 0 1534 1535
1561 1622 0 1535 1536
1562 1623 0 1536 1537
1563 1624 0 1537 1538
1564 1625 0 1538 1539
1565 1626 0 1539 1540
1566 1627 0 1540 1541
1567 1628 0 1541 1542
1568 1629 0 1542 1543
1569 1630 0 1543 1544
1570 1631 0 1544 1545
1571 1632 0 1545 1546
1572 1633 0 1546 1547
1573 1634 0 1547 1548
1574 1635 0 1548 1549
1575 1636 0 1549 1550
1576 1637 0 1550 1551
1577 1638 0 1551 1552
1578 1639 0 1552 1553
1579 1640 0 1553 1554
1580 1641 0 1554 1555
1581 1642 0 1555 1556
1582 1643 0 1556 1557
1583 1644 0 1557 1558
1584 1645 0 1558 1559
1585 1646 2 1559 -1
1586 1647 2 1560 -1
1587 1648 0 1560 1561
1588 1649 0 1561 1562
1589 1650 0 1562 1563
1590 1651 0 1563 1564
1591 1652 0 1564 1565
1592 1653 0 1565 1566
1593 1654 0 1566 1567
1594 1655 0 1567 1568
1595 1656 0 1568 1569
1596 1657 0 1569 1570
1597 1658 0 1570 1571
1598 1659 0 1571 1572
1599 1660 0 1572 1573
1600 1661 0 1573 1574
1601 1662 0 1574 1575
1602 1663 0 1575 1576
1603 1664 0 1576 1577
1604 1665 0 1577 1578
1605 1666 0 1578 1579
1606 1667 0 1579 1580
1607 1668 0 1580 1581
1608 1669 0 1581 1582
1609 1670 0 1582 1583
1610 1671 0 1583 1584
1611 1672 0 1584 1585
1612 1673 0 1585 1586
1613 1674 0 1586 1587
1614 1675 0 1587 1588
1615 1676 0 1588 1589
1616 1677 0 1589 1590
1617 1678 0 1590 1591
1618 1679 0 1591 1592
1619 1680 0 1592 1593
1620 1681 0 1593 1594
1621 1682 0 1594 1595
1622 1683 0 1595 1596
1623 1684 0 1596 1597
1624 1685 0 1597 1598
1625 1686 0 1598 1599
1626 1687 0 1599 1600
1627 1688 0 1600 1601
1628 1689 0 1601 1602
1629 1690 0 1602 1603
1630 1691 0 1603 1604
1631 1692 0 1604 1605
1632 1693 0 1605 1606
1633 1694 0 1606 1607
1634 1695 0 1607 1608
1635 1696 0 1608 1609
1636 1697 0 1609 1610
1637 1698 0 1610 1611
1638 1699 0 1611 1612
1639 1700 0 1612 1613
1640 1701 0 1613 1614
1641 1702 0 1614 1615
1642 1703 0 1615 1616
1643 1704 0 1616 1617
1644 1705 0 1617 1618
1645 1706 0 1618 1619
1646 1707 2 1619 -1
1647 1708 2 1620 -1
1648 1709 0 1620 1621
1649 1710 0 1621 1622
1650 1711 0 1622 1623
1651 1712 0 1623 1624
1652 1713 0 1624 1625
1653 1714 0 1625 1626
1654 1715 0 1626 1627
1655 1716 0 1627 1628
1656 1717 0 1628 1629
1657 1718 0 1629 1630
1658 1719 0 1630 1631
1659 1720 0 1631 1632
1660 1721 0 1632 1633
1661 1722 0 1633 1634
1662 1723 0 1634 1635
1663 1724 0 1635 1636
1664 1725 0 1636 1637
1665 1726 0 1637 1638
1666 1727 0 1638 1639
1667 1728 0 1639 1640
1668 1729 0 1640 1641
1669 1730 0 1641 1642
1670 1731 0 1642 1643
1671 1732 0 1643 1644
1672 1733 0 1644 1645
1673 1734 0 1645 1646
1674 1735 0 1646 1647
1675 1736 0 1647 1648
1676 1737 0 1648 1649
1677 1738 0 1649 1650
1678 1739 0 1650 1651
1679 1740 0 1651 1652
1680 1741 0 1652 1653
1681 1742 0 1653 1654
1682 1743 0 1654 1655
1683 1744 0 1655 1656
1684 1745 0 1656 1657
1685 1746 0 1657 1658
1686 1747 0 1658 1659
1687 1748 0 1659 1660
1688 1749 0 1660 1661
1689 1750 0 1661 1662
1690 1751 0 1662 1663
1691 1752 0 1663 1664
1692 1753 0 1664 1665
1693 1754 0 1665 1666
1694 1755 0 1666 1667
1695 1756 0 1667 1668
1696 1757 0 1668 1669
1697 1758 0 1669 1670
1698 1759 0 1670 1671
1699 1760 0 1671 1672
1700 1761 0 1672 1673
1701 1762 0 1673 1674
1702 1763 0 1674 1675
1703 1764 0 1675 1676
1704 1765 0 1676 1677
1705 1766 0 1677 1678
1706 1767 0 1678 1679
1707 1768 2 1679 -1
1708 1769 2 1680 -1
1709 1770 0 1680 1681
1710 1771 0 1681 1682
1711 1772 0 1682 1683
1712 1773 0 1683 1684
1713 1774 0 1684 1685
1714 1775 0 1685 1686
1715 1776 0 1686 1687
1716 1777 0 1687 1688
1717 1778 0 1688 1689
1718 1779 0 1689 1690
1719 1780 0 1690 1691
1720 1781 0 1691 1692
1721 1782 0 1692 1693
1722 1783 0 1693 1694
1723 1784 0 1694 1695
1724 1785 0 1695 1696
1725 1786 0 1696 1697
1726 1787 0 1697 1698
1727 1788 0 1698 1699
1728 1789 0 1699 1700
1729 1790 0 1700 1701
1730 1791 0 1701 1702
1731 1792 0 1702 1703
1732 1793 0 1703 1704
1733 1794 0 1704 1705
1734 1795 0 1705 1706
1735 1796 0 1706 1707
1736 1797 0 1707 1708
1737 1798 0 1708 1709
1738 1799 0 1709 1710
1739 1800 0 1710 1711
1740 1801 0 1711 1712
1741 1802 0 1712 1713
1742 1803 0 1713 1714
1743 1804 0 1714 1715
1744 1805 0 1715 1716
1745 1806 0 1716 1717
1746 1807 0 1717 1718
1747 1808 0 1718 1719
1748 1809 0 1719 1720
1749 1810 0 1720 1721
1750 1811 0 1721 1722
1751 1812 0 1722 1723
1752 1813 0 1723 1724
1753 1814 0 1724 1725
1754 1815 0 1725 1726
1755 1816 0 1726 1727
1756 1817 0 1727 1728
1757 1818 0 1728 1729
1758 1819 0 1729 1730
1759 1820 0 1730 1731
1760 1821 0 1731 1732
1761 1822 0 1732 1733
1762 1823 0 1733 1734
1763 1824 0 1734 1735
1764 1825 0 1735 1736
1765 1826 0 1736 1737
1766 1827 0 1737 1738
1767 1828 0 1738 1739
1768 1829 2 1739 -1
1769 1830 2 1740 -1
1770 1831 0 1740 1741
1771 1832 0 1741 1742
1772 1833 0 1742 1743
1773 1834 0 1743 1744
1774 1835 0 1744 1745
1775 1836 0 1745 1746
1776 1837 0 1746 1747
1777 1838 0 1747 1748
1778 1839 0 1748 1749
1779 1840 0 1749 1750
1780 1841 0 1750 1751
1781 1842 0 1751 1752
1782 1843 0 1752 1753
1783 1844 0 1753 1754
1784 1845 0 1754 1755
1785 1846 0 1755 1756
1786 1847 0 1756 1757
1787 1848 0 1757 1758
1788 1849 0 1758 1759
1789 1850 0 1759 1760
1790 1851 0 1760 1761
1791 1852 0 1761 1762
1792 1853 0 1762 1763
1793 1854 0 1763 1764
1794 1855 0 1764 1765
1795 1856 0 1765 1766
1796 1857 0 1766 1767
1797 1858 0 1767 1768
1798 1859 0 1768 1769
1799 1860 0 1769 1770
1800 1861 0 1770 1771
1801 1862 0 1771 1772
1802 1863 0 1772 1773
1803 1864 0 1773 1774
1804 1865 0 1774 1775
1805 1866 0 1775 1776
1806 1867 0 1776 1777
1807 1868 0 1777 1778
1808 1869 0 1778 1779
1809 1870 0 1779 1780
1810 1871 0 1780 1781
1811 1872 0 1781 1782
1812 1873 0 1782 1783
1813 1874 0 1783 1784
1814 1875 0 1784 1785
1815 1876 0 1785 1786
1816 1877 0 1786 1787
1817 1878 0 1787 1788
1818 1879 0 1788 1789
1819 1880 0 1789 1790
1820 1881 0 1790 1791
1821 1882 0 1791 1792
1822 1883 0 1792 1793
1823 1884 0 1793 1794
1824 1885 0 1794 1795
1825 1886 0 1795 1796
1826 1887 0 1796 1797
1827 1888 0 1797 1798
1828 1889 0 1798 1799
1829 1890 2 1799 -1
1830 1891 2 1800 -1
1831 1892 0 1800 1801
1832 1893 0 1801 1802
1833 1894 0 1802 1803
1834 1895 0 1803 1804
1835 1896 0 1804 1805
1836 1897 0 1805 1806
1837 1898 0 1806 1807
1838 1899 0 1807 1808
1839 1900 0 1808 1809
1840 1901 0 1809 1810
1841 1902 0 1810 1811
1842 1903 0 1811 1812
1843 1904 0 1812 1813
1844 1905 0 1813 1814
1845 1906 0 1814 1815
1846 1907 0 1815 1816
1847 1908 0 1816 1817
1848 1909 0 1817 1818
1849 1910 0 1818 1819
1850 1911 0 1819 1820
1851 1912 0 1820 1821
1852 1913 0 1821 1822
1853 1914 0 1822 1823
1854 1915 0 1823 1824
1855 1916 0 1824 1825
1856 1917 0 1825 1826
1857 1918 0 1826 1827
1858 1919 0 1827 1828
1859 1920 0 1828 1829
1860 1921 0 1829 1830
1861 1922 0 1830 1831
1862 1923 0 1831 1832
1863 1924 0 1832 1833
1864 1925 0 1833 1834
1865 1926 0 1834 1835
1866 1927 0 1835 1836
1867 1928 0 1836 1837
1868 1929 0 1837 1838
1869 1930 0 1838 1839
1870 1931 0 1839 1840
1871 1932 0 1840 1841
1872 1933 0 1841 1842
1873 1934 0 1842 1843
1874 1935 0 1843 1844
1875 1936 0 1844 1845
1876 1937 0 1845 1846
1877 1938 0 1846 1847
1878 1939 0 1847 1848
1879 1940 0 1848 1849
1880 1941 0 1849 1850
1881 1942 0 1850 1851
1882 1943 0 1851 1852
1883 1944 0 1852 1853
1884 1945 0 1853 1854
1885 1946 0 1854 1855
1886 1947 0 1855 1856
1887 1948 0 1856 1857
1888 1949 0 1857 1858
1889 1950 0 1858 1859
1890 1951 2 1859 -1
1891 1952 2 1860 -1
1892 1953 0 1860 1861
1893 1954 0 1861 1862
1894 1955 0 1862 1863
1895 1956 0 1863 1864
1896 1957 0 1864 1865
1897 1958 0 1865 1866
1898 1959 0 1866 1867
1899 1960 0 1867 1868
1900 1961 0 1868 1869
1901 1962 0 1869 1870
1902 1963 0 1870 1871
1903 1964 0 1871 1872
1904 1965 0 1872 1873
1905 1966 0 1873 1874
1906 1967 0 1874 1875
1907 1968 0 1875 1876
1908 1969 0 1876 1877
1909 1970 0 1877 1878
1910 1971 0 1878 1879
1911 1972 0 1879 1880
1912 1973 0 1880 1881
1913 1974 0 1881 1882
1914 1975 0 1882 1883
1915 1976 0 1883 1884
1916 1977 0 1884 1885
1917 1978 0 1885 1886
1918 1979 0 1886 1887
1919 1980 0 1887 1888
1920 1981 0 1888 1889
1921 1982 0 1889 1890
1922 1983 0 1890 1891
1923 1984 0 1891 1892
1924 1985 0 1892 1893
1925 1986 0 1893 1894
1926 1987 0 1894 1895
1927 1988 0 1895 1896
1928 1989 0 1896 1897
1929 1990 0 1897 1898
1930 1991 0 1898 1899
1931 1992 0 1899 1900
1932 1993 0 1900 1901
1933 1994 0 1901 1902
1934 1995 0 1902 1903
1935 1996 0 1903 1904
1936 1997 0 1904 1905
1937 1998 0 1905 1906
1938 1999 0 1906 1907
1939 2000 0 1907 1908
1940 2001 0 1908 1909
1941 2002 0 1909 1910
1942 2003 0 1910 1911
1943 2004 0 1911 1912
1944 2005 0 1912 1913
1945 2006 0 1913 1914
1946 2007 0 1914 1915
1947 2008 0 1915 1916
1948 2009 0 1916 1917
1949 2010 0 1917 1918
1950 2011 0 1918 1919
1951 2012 2 1919 -1
1952 2013 2 1920 -1
1953 2014 0 1920 1921
1954 2015 0 1921 1922
1955 2016 0 1922 1923
1956 2017 0 1923 1924
1957 2018 0 1924 1925
1958 2019 0 1925 1926
1959 2020 0 1926 1927
1960 2021 0 1927 1928
1961 2022 0 1928 1929
1962 2023 0 1929 1930
1963 2024 0 1930 1931
1964 2025 0 1931 1932
1965 2026 0 1932 1933
1966 2027 0 1933 1934
1967 2028 0 1934 1935
1968 2029 0 1935 1936
1969 2030 0 1936 1937
1970 2031 0 1937 1938
1971 2032 0 1938 1939
1972 2033 0 1939 1940
1973 2034 0 1940 1941
1974 2035 0 1941 1942
1975 2036 0 1942 1943
1976 2037 0 1943 1944
1977 2038 0 1944 1945
1978 2039 0 1945 1946
1979 2040 0 1946 1947
1980 2041 0 1947 1948
1981 2042 0 1948 1949
1982 2043 0 1949 1950
1983 2044 0 1950 1951
1984 2045 0 1951 1952
1985 2046 0 1952 1953
1986 2047 0 1953 1954
1987 2048 0 1954 1955
1988 2049 0 1955 1956
1989 2050 0 1956 1957
1990 2051 0 1957 1958
1991 2052 0 1958 1959
1992 2053 0 1959 1960
1993 2054 0 1960 1961
1994 2055 0 1961 1962
1995 2056 0 1962 1963
1996 2057 0 1963 1964
1997 2058 0 1964 1965
1998 2059 0 1965 1966
1999 2060 0 1966 1967
2000 2061 0 1967 1968
2001 2062 0 1968 1969
2002 2063 0 1969 1970
2003 2064 0 1970 1971
2004 2065 0 1971 1972
2005 2066 0 1972 1973
2006 2067 0 1973 1974
2007 2068 0 1974 1975
2008 2069 0 1975 1976
2009 2070 0 1976 1977
2010 2071 0 1977 1978
2011 2072 0 1978 1979
2012 2073 2 1979 -1
2013 2074 2 1980 -1
2014 2075 0 1980 1981
2015 2076 0 1981 1982
2016 2077 0 1982 1983
2017 2078 0 1983 1984
2018 2079 0 1984 1985
2019 2080 0 1985 1986
2020 2081 0 1986 1987
2021 2082 0 1987 1988
2022 2083 0 1988 1989
2023 2084 0 1989 1990
2024 2085 0 1990 1991
2025 2086 0 1991 1992
2026 2087 0 1992 1993
2027 2088 0 1993 1994
2028 2089 0 1994 1995
2029 2090 0 1995 1996
2030 2091 0 1996 1997
2031 2092 0 1997 1998
2032 2093 0 1998 1999
2033 2094 0 1999 2000
2034 2095 0 2000 2001
2035 2096 0 2001 2002
2036 2097 0 2002 2003
2037 2098 0 2003 2004
2038 2099 0 2004 2005
2039 2100 0 2005 2006
2040 2101 0 2006 2007
2041 2102 0 2007 2008
2042 2103 0 2008 2009
2043 2104 0 2009 2010
2044 2105 0 2010 2011
2045 2106 0 2011 2012
2046 2107 0 2012 2013
2047 2108 0 2013 2014
2048 2109 0 2014 2015
2049 2110 0 2015 2016
2050 2111 0 2016 2017
2051 2112 0 2017 2018
2052 2113 0 2018 2019
2053 2114 0 2019 2020
2054 2115 0 2020 2021
2055 2116 0 2021 2022
2056 2117 0 2022 2023
2057 2118 0 2023 2024
2058 2119 0 2024 2025
2059 2120 0 2025 2026
2060 2121 0 2026 2027
2061 2122 0 2027 2028
2062 2123 0 2028 2029
2063 2124 0 2029 2030
2064 2125 0 2030 2031
2065 2126 0 2031 2032
2066 2127 0 2032 2033
2067 2128 0 2033 2034
2068 2129 0 2034 2035
2069 2130 0 2035 2036
2070 2131 0 2036 2037
2071 2132 0 2037 2038
2072 2133 0 2038 2039
2073 2134 2 2039 -1
2074 2135 2 2040 -1
2075 2136 0 2040 2041
2076 2137 0 2041 2042
2077 2138 0 2042 2043
2078 2139 0 2043 2044
2079 2140 0 2044 2045
2080 2141 0 2045 2046
2081 2142 0 2046 2047
2082 2143 0 2047 2048
2083 2144 0 2048 2049
2084 2145 0 2049 2050
2085 2146 0 2050 2051
2086 2147 0 2051 2052
2087 2148 0 2052 2053
2088 2149 0 2053 2054
2089 2150 0 2054 2055
2090 2151 0 2055 2056
2091 2152 0 2056 2057
2092 2153 0 2057 2058
2093 2154 0 2058 2059
2094 2155 0 2059 2060
2095 2156 0 2060 2061
2096 2157 0 2061 2062
2097 2158 0 2062 2063
2098 2159 0 2063 2064
2099 2160 0 2064 2065
2100 2161 0 2065 2066
2101 2162 0 2066 2067
2102 2163 0 2067 2068
2103 2164 0 2068 2069
2104 2165 0 2069 2070
2105 2166 0 2070 2071
2106 2167 0 2071 2072
2107 2168 0 2072 2073
2108 2169 0 2073 2074
2109 2170 0 2074 2075
2110 2171 0 2075 2076
2111 2172 0 2076 2077
2112 2173 0 2077 2078
2113 2174 0 2078 2079
2114 2175 0 2079 2080
2115 2176 0 2080 2081
2116 2177 0 2081 2082
2117 2178 0 2082 2083
2118 2179 0 2083 2084
2119 2180 0 2084 2085
2120 2181 0 2085 2086
2121 2182 0 2086 2087
2122 2183 0 2087 2088
2123 2184 0 2088 2089
2124 2185 0 2089 2090
2125 2186 0 2090 2091
2126 2187 0 2091 2092
2127 2188 0 2092 2093
2128 2189 0 2093 2094
2129 2190 0 2094 2095
2130 2191 0 2095 2096
2131 2192 0 2096 2097
2132 2193 0 2097 2098
2133 2194 0 2098 2099
2134 2195 2 2099 -1
2135 2196 2 2100 -1
2136 2197 0 2100 2101
2137 2198 0 2101 2102
2138 2199 0 2102 2103
2139 2200 0 2103 2104
2140 2201 0 2104 2105
2141 2202 0 2105 2106
2142 2203 0 2106 2107
2143 2204 0 2107 2108
2144 2205 0 2108 2109
2145 2206 0 2109 2110
2146 2207 0 2110 2111
2147 2208 0 2111 2112
2148 2209 0 2112 2113
2149 2210 0 2113 2114
2150 2211 0 2114 2115
2151 2212 0 2115 2116
2152 2213 0 2116 2117
2153 2214 0 2117 2118
2154 2215 0 2118 2119
2155 2216 0 2119 2120
2156 2217 0 2120 2121
2157 2218 0 2121 2122
2158 2219 0 2122 2123
2159 2220 0 2123 2124
2160 2221 0 2124 2125
2161 2222 0 2125 2126
2162 2223 0 2126 2127
2163 2224 0 2127 2128
2164 2225 0 2128 2129
2165 2226 0 2129 2130
2166 2227 0 2130 2131
2167 2228 0 2131 2132
2168 2229 0 2132 2133
2169 2230 0 2133 2134
2170 2231 0 2134 2135
2171 2232 0 2135 2136
2172 2233 0 2136 2137
2173 2234 0 2137 2138
2174 2235 0 2138 2139
2175 2236 0 2139 2140
2176 2237 0 2140 2141
2177 2238 0 2141 2142
2178 2239 0 2142 2143
2179 2240 0 2143 2144
2180 2241 0 2144 2145
2181 2242 0 2145 2146
2182 2243 0 2146 2147
2183 2244 0 2147 2148
2184 2245 0 2148 2149
2185 2246 0 2149 2150
2186 2247 0 2150 2151
2187 2248 0 2151 2152
2188 2249 0 2152 2153
2189 2250 0 2153 2154
2190 2251 0 2154 2155
2191 2252 0 2155 2156
2192 2253 0 2156 2157
2193 2254 0 2157 2158
2194 2255 0 2158 2159
2195 2256 2 2159 -1
2196 2257 2 2160 -1
2197 2258 0 2160 2161
2198 2259 0 2161 2162
2199 2260 0 2162 2163
2200 2261 0 2163 2164
2201 2262 0 2164 2165
2202 2263 0 2165 2166
2203 2264 0 2166 2167
2204 2265 0 2167 2168
2205 2266 0 2168 2169
2206 2267 0 2169 2170
2207 2268 0 2170 2171
2208 2269 0 2171 2172
2209 2270 0 2172 2173
2210 2271 0 2173 2174
2211 2272 0 2174 2175
2212 2273 0 2175 2176
2213 2274 0 2176 2177
2214 2275 0 2177 2178
2215 2276 0 2178 2179
2216 2277 0 2179 2180
2217 2278 0 2180 2181
2218 2279 0 2181 2182
2219 2280 0 2182 2183
2220 2281 0 2183 2184
2221 2282 0 2184 2185
2222 2283 0 2185 2186
2223 2284 0 2186 2187
2224 2285 0 2187 2188
2225 2286 0 2188 2189
2226 2287 0 2189 2190
2227 2288 0 2190 2191
2228 2289 0 2191 2192
2229 2290 0 2192 2193
2230 2291 0 2193 2194
2231 2292 0 2194 2195
2232 2293 0 2195 2196
2233 2294 0 2196 2197
2234 2295 0 2197 2198
2235 2296 0 2198 2199
2236 2297 0 2199 2200
2237 2298 0 2200 2201
2238 2299 0 2201 2202
2239 2300 0 2202 2203
2240 2301 0 2203 2204
2241 2302 0 2204 2205
2242 2303 0 2205 2206
2243 2304 0 2206 2207
2244 2305 0 2207 2208
2245 2306 0 2208 2209
2246 2307 0 2209 2210
2247 2308 0 2210 2211
2248 2309 0 2211 2212
2249 2310 0 2212 2213
2250 2311 0 2213 2214
2251 2312 0 2214 2215
2252 2313 0 2215 2216
2253 2314 0 2216 2217
2254 2315 0 2217 2218
2255 2316 0 2218 2219
2256 2317 2 2219 -1
2257 2318 2 2220 -1
2258 2319 0 2220 2221
2259 2320 0 2221 2222
2260 2321 0 2222 2223
2261 2322 0 2223 2224
2262 2323 0 2224 2225
2263 2324 0 2225 2226
2264 2325 0 2226 2227
2265 2326 0 2227 2228
2266 2327 0 2228 2229
2267 2328 0 2229 2230
2268 2329 0 2230 2231
2269 2330 0 2231 2232
2270 2331 0 2232 2233
2271 2332 0 2233 2234
2272 2333 0 2234 2235
2273 2334 0 2235 2236
2274 2335 0 2236 2237
2275 2336 0 2237 2238
2276 2337 0 2238 2239
2277 2338 0 2239 2240
2278 2339 0 2240 2241
2279 2340 0 2241 2242
2280 2341 0 2242 2243
2281 2342 0 2243 2244
2282 2343 0 2244 2245
2283 2344 0 2245 2246
2284 2345 0 2246 2247
2285 2346 0 2247 2248
2286 2347 0 2248 2249
2287 2348 0 2249 2250
2288 2349 0 2250 2251
2289 2350 0 2251 2252
2290 2351 0 2252 2253
2291 2352 0 2253 2254
2292 2353 0 2254 2255
2293 2354 0 2255 2256
2294 2355 0 2256 2257
2295 2356 0 2257 2258
2296 2357 0 2258 2259
2297 2358 0 2259 2260
2298 2359 0 2260 2261
2299 2360 0 2261 2262
2300 2361 0 2262 2263
2301 2362 0 2263 2264
2302 2363 0 2264 2265
2303 2364 0 2265 2266
2304 2365 0 2266 2267
2305 2366 0 2267 2268
2306 2367 0 2268 2269
2307 2368 0 2269 2270
2308 2369 0 2270 2271
2309 2370 0 2271 2272
2310 2371 0 2272 2273
2311 2372 0 2273 2274
2312 2373 0 2274 2275
2313 2374 0 2275 2276
2314 2375 0 2276 2277
2315 2376 0 2277 2278
2316 2377 0 2278 2279
2317 2378 2 2279 -1
2318 2379 2 2280 -1
2319 2380 0 2280 2281
2320 2381 0 2281 2282
2321 2382 0 2282 2283
2322 2383 0 2283 2284
2323 2384 0 2284 2285
2324 2385 0 2285 2286
2325 2386 0 2286 2287
2326 2387 0 2287 2288
2327 2388 0 2288 2289
2328 2389 0 2289 2290
2329 2390 0 2290 2291
2330 2391 0 2291 2292
2331 2392 0 2292 2293
2332 2393 0 2293 2294
2333 2394 0 2294 2295
2334 2395 0 2295 2296
2335 2396 0 2296 2297
2336 2397 0 2297 2298
2337 2398 0 2298 2299
2338 2399 0 2299 2300
2339 2400 0 2300 2301
2340 2401 0 2301 2302
2341 2402 0 2302 2303
2342 2403 0 2303 2304
2343 2404 0 2304 2305
2344 2405 0 2305 2306
2345 2406 0 2306 2307
2346 2407 0 2307 2308
2347 2408 0 2308 2309
2348 2409 0 2309 2310
2349 2410 0 2310 2311
2350 2411 0 2311 2312
2351 2412 0 2312 2313
2352 2413 0 2313 2314
2353 2414 0 2314 2315
2354 2415 0 2315 2316
2355 2416 0 2316 2317
2356 2417 0 2317 2318
2357 2418 0 2318 2319
2358 2419 0 2319 2320
2359 2420 0 2320 2321
2360 2421 0 2321 2322
2361 2422 0 2322 2323
2362 2423 0 2323 2324
2363 2424 0 2324 2325
2364 2425 0 2325 2326
2365 2426 0 2326 2327
2366 2427 0 2327 2328
2367 2428 0 2328 2329
2368 2429 0 2329 2330
2369 2430 0 2330 2331
2370 2431 0 2331 2332
2371 2432 0 2332 2333
2372 2433 0 2333 2334
2373 2434 0 2334 2335
2374 2435 0 2335 2336
2375 2436 0 2336 2337
2376 2437 0 2337 2338
2377 2438 0 2338 2339
2378 2439 2 2339 -1
2379 2440 2 2340 -1
2380 2441 0 2340 2341
2381 2442 0 2341 2342
2382 2443 0 2342 2343
2383 2444 0 2343 2344
2384 2445 0 2344 2345
2385 2446 0 2345 2346
2386 2447 0 2346 2347
2387 2448 0 2347 2348
2388 2449 0 2348 2349
2389 2450 0 2349 2350
2390 2451 0 2350 2351
2391 2452 0 2351 2352
2392 2453 0 2352 2353
2393 2454 0 2353 2354
2394 2455 0 2354 2355
2395 2456 0 2355 2356
2396 2457 0 2356 2357
2397 2458 0 2357 2358
2398 2459 0 2358 2359
2399 2460 0 2359 2360
2400 2461 0 2360 2361
2401 2462 0 2361 2362
2402 2463 0 2362 2363
2403 2464 0 2363 2364
2404 2465 0 2364 2365
2405 2466 0 2365 2366
2406 2467 0 2366 2367
2407 2468 0 2367 2368
2408 2469 0 2368 2369
2409 2470 0 2369 2370
2410 2471 0 2370 2371
2411 2472 0 2371 2372
2412 2473 0 2372 2373
2413 2474 0 2373 2374
2414 2475 0 2374 2375
2415 2476 0 2375 2376
2416 2477 0 2376 2377
2417 2478 0 2377 2378
2418 2479 0 2378 2379
2419 2480 0 2379 2380
2420 2481 0 2380 2381
2421 2482 0 2381 2382
2422 2483 0 2382 2383
2423 2484 0 2383 2384
2424 2485 0 2384 2385
2425 2486 0 2385 2386
2426 2487 0 2386 2387
2427 2488 0 2387 2388
2428 2489 0 2388 2389
2429 2490 0 2389 2390
2430 2491 0 2390 2391
2431 2492 0 2391 2392
2432 2493 0 2392 2393
2433 2494 0 2393 2394
2434 2495 0 2394 2395
2435 2496 0 2395 2396
2436 2497 0 2396 2397
2437 2498 0 2397 2398
2438 2499 0 2398 2399
2439 2500 2 2399 -1
0 1 1 0 -1
1 2 1 1 -1
2 3 1 2 -1
3 4 1 3 -1
4 5 1 4 -1
5 6 1 5 -1
6 7 1 6 -1
7 8 1 7 -1
8 9 1 8 -1
9 10 1 9 -1
10 11 1 10 -1
11 12 1 11 -1
12 13 1 12 -1
13 14 1 13 -1
14 15 1 14 -1
15 16 1 15 -1
16 17 1 16 -1
17 18 1 17 -1
18 19 1 18 -1
19 20 1 19 -1
20 21 1 20 -1
21 22 1 21 -1
22 23 1 22 -1
23 24 1 23 -1
24 25 1 24 -1
25 26 1 25 -1
26 27 1 26 -1
27 28 1 27 -1
28 29 1 28 -1
29 30 1 29 -1
30 31 1 30 -1
31 32 1 31 -1
32 33 1 32 -1
33 34 1 33 -1
34 35 1 34 -1
35 36 1 35 -1
36 37 1 36 -1
37 38 1 37 -1
38 39 1 38 -1
39 40 1 39 -1
40 41 1 40 -1
41 42 1 41 -1
42 43 1 42 -1
43 44 1 43 -1
44 45 1 44 -1
45 46 1 45 -1
46 47 1 46 -1
47 48 1 47 -1
48 49 1 48 -1
49 50 1 49 -1
50 51 1 50 -1
51 52 1 51 -1
52 53 1 52 -1
53 54 1 53 -1
54 55 1 54 -1
55 56 1 55 -1
56 57 1 56 -1
57 58 1 57 -1
58 59 1 58 -1
59 60 1 59 -1
61 62 0 60 0
62 63 0 61 1
63 64 0 62 2
64 65 0 63 3
65 66 0 64 4
66 67 0 65 5
67 68 0 66 6
68 69 0 67 7
69 70 0 68 8
70 71 0 69 9
71 72 0 70 10
72 73 0 71 11
73 74 0 72 12
74 75 0 73 13
75 76 0 74 14
76 77 0 75 15
77 78 0 76 16
78 79 0 77 17
79 80 0 78 18
80 81 0 79 19
81 82 0 80 20
82 83 0 81 21
83 84 0 82 22
84 85 0 83 23
85 86 0 84 24
86 87 0 85 25
87 88 0 86 26
88 89 0 87 27
89 90 0 88 28
90 91 0 89 29
91 92 0 90 30
92 93 0 91 31
93 94 0 92 32
94 95 0 93 33
95 96 0 94 34
96 97 0 95 35
97 98 0 96 36
98 99 0 97 37
99 100 0 98 38
100 101 0 99 39
101 102 0 100 40
102 103 0 101 41
103 104 0 102 42
104 105 0 103 43
105 106 0 104 44
106 107 0 105 45
107 108 0 106 46
108 109 0 107 47
109 110 0 108 48
110 111 0 109 49
111 112 0 110 50
112 113 0 111 51
113 114 0 112 52
114 115 0 113 53
115 116 0 114 54
116 117 0 115 55
117 118 0 116 56
118 119 0 117 57
119 120 0 118 58
120 121 0 119 59
122 123 0 120 60
123 124 0 121 61
124 125 0 122 62
125 126 0 123 63
126 127 0 124 64
127 128 0 125 65
128 129 0 126 66
129 130 0 127 67
130 131 0 128 68
131 132 0 129 69
132 133 0 130 70
133 134 0 131 71
134 135 0 132 72
135 136 0 133 73
136 137 0 134 74
137 138 0 135 75
138 139 0 136 76
139 140 0 137 77
140 141 0 138 78
141 142 0 139 79
142 143 0 140 80
143 144 0 141 81
144 145 0 142 82
145 146 0 143 83
146 147 0 144 84
147 148 0 145 85
148 149 0 146 86
149 150 0 147 87
150 151 0 148 88
151 152 0 149 89
152 153 0 150 90
153 154 0 151 91
154 155 0 152 92
155 156 0 153 93
156 157 0 154 94
157 158 0 155 95
158 159 0 156 96
159 160 0 157 97
160 161 0 158 98
161 162 0 159 99
162 163 0 160 100
163 164 0 161 101
164 165 0 162 102
165 166 0 163 103
166 167 0 164 104
167 168 0 165 105
168 169 0 166 106
169 170 0 167 107
170 171 0 168 108
171 172 0 169 109
172 173 0 170 110
173 174 0 171 111
174 175 0 172 112
175 176 0 173 113
176 177 0 174 114
177 178 0 175 115
178 179 0 176 116
179 180 0 177 117
180 181 0 178 118
181 182 0 179 119
183 184 0 180 120
184 185 0 181 121
185 186 0 182 122
186 187 0 183 123
187 188 0 184 124
188 189 0 185 125
189 190 0 186 126
190 191 0 187 127
191 192 0 188 128
192 193 0 189 129
193 194 0 190 130
194 195 0 191 131
195 196 0 192 132
196 197 0 193 133
197 198 0 194 134
198 199 0 195 135
199 200 0 196 136
200 201 0 197 137
201 202 0 198 138
202 203 0 199 139
203 204 0 200 140
204 205 0 201 141
205 206 0 202 142
206 207 0 203 143
207 208 0 204 144
208 209 0 205 145
209 210 0 206 146
210 211 0 207 147
211 212 0 208 148
212 213 0 209 149
213 214 0 210 150
214 215 0 211 151
215 216 0 212 152
216 217 0 213 153
217 218 0 214 154
218 219 0 215 155
219 220 0 216 156
220 221 0 217 157
221 222 0 218 158
222 223 0 219 159
223 224 0 220 160
224 225 0 221 161
225 226 0 222 162
226 227 0 223 163
227 228 0 224 164
228 229 0 225 165
229 230 0 226 166
230 231 0 227 167
231 232 0 228 168
232 233 0 229 169
233 234 0 230 170
234 235 0 231 171
235 236 0 232 172
236 237 0 233 173
237 238 0 234 174
238 239 0 235 175
239 240 0 236 176
240 241 0 237 177
241 242 0 238 178
242 243 0 239 179
244 245 0 240 180
245 246 0 241 181
246 247 0 242 182
247 248 0 243 183
248 249 0 244 184
249 250 0 245 185
250 251 0 246 186
251 252 0 247 187
252 253 0 248 188
253 254 0 249 189
254 255 0 250 190
255 256 0 251 191
256 257 0 252 192
257 258 0 253 193
258 259 0 254 194
259 260 0 255 195
260 261 0 256 196
261 262 0 257 197
262 263 0 258 198
263 264 0 259 199
264 265 0 260 200
265 266 0 261 201
266 267 0 262 202
267 268 0 263 203
268 269 0 264 204
269 270 0 265 205
270 271 0 266 206
271 272 0 267 207
272 273 0 268 208
273 274 0 269 209
274 275 0 270 210
275 276 0 271 211
276 277 0 272 212
277 278 0 273 213
278 279 0 274 214
279 280 0 275 215
280 281 0 276 216
281 282 0 277 217
282 283 0 278 218
283 284 0 279 219
284 285 0 280 220
285 286 0 281 221
286 287 0 282 222
287 288 0 283 223
288 289 0 284 224
289 290 0 285 225
290 291 0 286 226
291 292 0 287 227
292 293 0 288 228
293 294 0 289 229
294 295 0 290 230
295 296 0 291 231
296 297 0 292 232
297 298 0 293 233
298 299 0 294 234
299 300 0 295 235
300 301 0 296 236
301 302 0 297 237
302 303 0 298 238
303 304 0 299 239
305 306 0 300 240
306 307 0 301 241
307 308 0 302 242
308 309 0 303 243
309 310 0 304 244
310 311 0 305 245
311 312 0 306 246
312 313 0 307 247
313 314 0 308 248
314 315 0 309 249
315 316 0 310 250
316 317 0 311 251
317 318 0 312 252
318 319 0 313 253
319 320 0 314 254
320 321 0 315 255
321 322 0 316 256
322 323 0 317 257
323 324 0 318 258
324 325 0 319 259
325 326 0 320 260
326 327 0 321 261
327 328 0 322 262
328 329 0 323 263
329 330 0 324 264
330 331 0 325 265
331 332 0 326 266
332 333 0 327 267
333 334 0 328 268
334 335 0 329 269
335 336 0 330 270
336 337 0 331 271
337 338 0 332 272
338 339 0 333 273
339 340 0 334 274
340 341 0 335 275
341 342 0 336 276
342 343 0 337 277
343 344 0 338 278
344 345 0 339 279
345 346 0 340 280
346 347 0 341 281
347 348 0 342 282
348 349 0 343 283
349 350 0 344 284
350 351 0 345 285
351 352 0 346 286
352 353 0 347 287
353 354 0 348 288
354 355 0 349 289
355 356 0 350 290
356 357 0 351 291
357 358 0 352 292
358 359 0 353 293
359 360 0 354 294
360 361 0 355 295
361 362 0 356 296
362 363 0 357 297
363 364 0 358 298
364 365 0 359 299
366 367 0 360 300
367 368 0 361 301
368 369 0 362 302
369 370 0 363 303
370 371 0 364 304
371 372 0 365 305
372 373 0 366 306
373 374 0 367 307
374 375 0 368 308
375 376 0 369 309
376 377 0 370 310
377 378 0 371 311
378 379 0 372 312
379 380 0 373 313
380 381 0 374 314
381 382 0 375 315
382 383 0 376 316
383 384 0 377 317
384 385 0 378 318
385 386 0 379 319
386 387 0 380 320
387 388 0 381 321
388 389 0 382 322
389 390 0 383 323
390 391 0 384 324
391 392 0 385 325
392 393 0 386 326
393 394 0 387 327
394 395 0 388 328
395 396 0 389 329
396 397 0 390 330
397 398 0 391 331
398 399 0 392 332
399 400 0 393 333
400 401 0 394 334
401 402 0 395 335
402 403 0 396 336
403 404 0 397 337
404 405 0 398 338
405 406 0 399 339
406 407 0 400 340
407 408 0 401 341
408 409 0 402 342
409 410 0 403 343
410 411 0 404 344
411 412 0 405 345
412 413 0 406 346
413 414 0 407 347
414 415 0 408 348
415 416 0 409 349
416 417 0 410 350
417 418 0 411 351
418 419 0 412 352
419 420 0 413 353
420 421 0 414 354
421 422 0 415 355
422 423 0 416 356
423 424 0 417 357
424 425 0 418 358
425 426 0 419 359
427 428 0 420 360
428 429 0 421 361
429 430 0 422 362
430 431 0 423 363
431 432 0 424 364
432 433 0 425 365
433 434 0 426 366
434 435 0 427 367
435 436 0 428 368
436 437 0 429 369
437 438 0 430 370
438 439 0 431 371
439 440 0 432 372
440 441 0 433 373
441 442 0 434 374
442 443 0 435 375
443 444 0 436 376
444 445 0 437 377
445 446 0 438 378
446 447 0 439 379
447 448 0 440 380
448 449 0 441 381
449 450 0 442 382
450 451 0 443 383
451 452 0 444 384
452 453 0 445 385
453 454 0 446 386
454 455 0 447 387
455 456 0 448 388
456 457 0 449 389
457 458 0 450 390
458 459 0 451 391
459 460 0 452 392
460 461 0 453 393
461 462 0 454 394
462 463 0 455 395
463 464 0 456 396
464 465 0 457 397
465 466 0 458 398
466 467 0 459 399
467 468 0 460 400
468 469 0 461 401
469 470 0 462 402
470 471 0 463 403
471 472 0 464 404
472 473 0 465 405
473 474 0 466 406
474 475 0 467 407
475 476 0 468 408
476 477 0 469 409
477 478 0 470 410
478 479 0 471 411
479 480 0 472 412
480 481 0 473 413
481 482 0 474 414
482 483 0 475 415
483 484 0 476 416
484 485 0 477 417
485 486 0 478 418
486 487 0 479 419
488 489 0 480 420
489 490 0 481 421
490 491 0 482 422
491 492 0 483 423
492 493 0 484 424
493 494 0 485 425
494 495 0 486 426
495 496 0 487 427
496 497 0 488 428
497 498 0 489 429
498 499 0 490 430
499 500 0 491 431
500 501 0 492 432
501 502 0 493 433
502 503 0 494 434
503 504 0 495 435
504 505 0 496 436
505 506 0 497 437
506 507 0 498 438
507 508 0 499 439
508 509 0 500 440
509 510 0 501 441
510 511 0 502 442
511 512 0 503 443
512 513 0 504 444
513 514 0 505 445
514 515 0 506 446
515 516 0 507 447
516 517 0 508 448
517 518 0 509 449
518 519 0 510 450
519 520 0 511 451
520 521 0 512 452
521 522 0 513 453
522 523 0 514 454
523 524 0 515 455
524 525 0 516 456
525 526 0 517 457
526 527 0 518 458
527 528 0 519 459
528 529 0 520 460
529 530 0 521 461
530 531 0 522 462
531 532 0 523 463
532 533 0 524 464
533 534 0 525 465
534 535 0 526 466
535 536 0 527 467
536 537 0 528 468
537 538 0 529 469
538 539 0 530 470
539 540 0 531 471
540 541 0 532 472
541 542 0 533 473
542 543 0 534 474
543 544 0 535 475
544 545 0 536 476
545 546 0 537 477
546 547 0 538 478
547 548 0 539 479
549 550 0 540 480
550 551 0 541 481
551 552 0 542 482
552 553 0 543 483
553 554 0 544 484
554 555 0 545 485
555 556 0 546 486
556 557 0 547 487
557 558 0 548 488
558 559 0 549 489
559 560 0 550 490
560 561 0 551 491
561 562 0 552 492
562 563 0 553 493
563 564 0 554 494
564 565 0 555 495
565 566 0 556 496
566 567 0 557 497
567 568 0 558 498
568 569 0 559 499
569 570 0 560 500
570 571 0 561 501
571 572 0 562 502
572 573 0 563 503
573 574 0 564 504
574 575 0 565 505
575 576 0 566 506
576 577 0 567 507
577 578 0 568 508
578 579 0 569 509
579 580 0 570 510
580 581 0 571 511
581 582 0 572 512
582 583 0 573 513
583 584 0 574 514
584 585 0 575 515
585 586 0 576 516
586 587 0 577 517
587 588 0 578 518
588 589 0 579 519
589 590 0 580 520
590 591 0 581 521
591 592 0 582 522
592 593 0 583 523
593 594 0 584 524
594 595 0 585 525
595 596 0 586 526
596 597 0 587 527
597 598 0 588 528
598 599 0 589 529
599 600 0 590 530
600 601 0 591 531
601 602 0 592 532
602 603 0 593 533
603 604 0 594 534
604 605 0 595 535
605 606 0 596 536
606 607 0 597 537
607 608 0 598 538
608 609 0 599 539
610 611 0 600 540
611 612 0 601 541
612 613 0 602 542
613 614 0 603 543
614 615 0 604 544
615 616 0 605 545
616 617 0 606 546
617 618 0 607 547
618 619 0 608 548
619 620 0 609 549
620 621 0 610 550
621 622 0 611 551
622 623 0 612 552
623 624 0 613 553
624 625 0 614 554
625 626 0 615 555
626 627 0 616 556
627 628 0 617 557
628 629 0 618 558
629 630 0 619 559
630 631 0 620 560
631 632 0 621 561
632 633 0 622 562
633 634 0 623 563
634 635 0 624 564
635 636 0 625 565
636 637 0 626 566
637 638 0 627 567
638 639 0 628 568
639 640 0 629 569
640 641 0 630 570
641 642 0 631 571
642 643 0 632 572
643 644 0 633 573
644 645 0 634 574
645 646 0 635 575
646 647 0 636 576
647 648 0 637 577
648 649 0 638 578
649 650 0 639 579
650 651 0 640 580
651 652 0 641 581
652 653 0 642 582
653 654 0 643 583
654 655 0 644 584
655 656 0 645 585
656 657 0 646 586
657 658 0 647 587
658 659 0 648 588
659 660 0 649 589
660 661 0 650 590
661 662 0 651 591
662 663 0 652 592
663 664 0 653 593
664 665 0 654 594
665 666 0 655 595
666 667 0 656 596
667 668 0 657 597
668 669 0 658 598
669 670 0 659 599
671 672 0 660 600
672 673 0 661 601
673 674 0 662 602
674 675 0 663 603
675 676 0 664 604
676 677 0 665 605
677 678 0 666 606
678 679 0 667 607
679 680 0 668 608
680 681 0 669 609
681 682 0 670 610
682 683 0 671 611
683 684 0 672 612
684 685 0 673 613
685 686 0 674 614
686 687 0 675 615
687 688 0 676 616
688 689 0 677 617
689 690 0 678 618
690 691 0 679 619
691 692 0 680 620
692 693 0 681 621
693 694 0 682 622
694 695 0 683 623
695 696 0 684 624
696 697 0 685 625
697 698 0 686 626
698 699 0 687 627
699 700 0 688 628
700 701 0 689 629
701 702 0 690 630
702 703 0 691 631
703 704 0 692 632
704 705 0 693 633
705 706 0 694 634
706 707 0 695 635
707 708 0 696 636
708 709 0 697 637
709 710 0 698 638
710 711 0 699 639
711 712 0 700 640
712 713 0 701 641
713 714 0 702 642
714 715 0 703 643
715 716 0 704 644
716 717 0 705 645
717 718 0 706 646
718 719 0 707 647
719 720 0 708 648
720 721 0 709 649
721 722 0 710 650
722 723 0 711 651
723 724 0 712 652
724 725 0 713 653
725 726 0 714 654
726 727 0 715 655
727 728 0 716 656
728 729 0 717 657
729 730 0 718 658
730 731 0 719 659
732 733 0 720 660
733 734 0 721 661
734 735 0 722 662
735 736 0 723 663
736 737 0 724 664
737 738 0 725 665
738 739 0 726 666
739 740 0 727 667
740 741 0 728 668
741 742 0 729 669
742 743 0 730 670
743 744 0 731 671
744 745 0 732 672
745 746 0 733 673
746 747 0 734 674
747 748 0 735 675
748 749 0 736 676
749 750 0 737 677
750 751 0 738 678
751 752 0 739 679
752 753 0 740 680
753 754 0 741 681
754 755 0 742 682
755 756 0 743 683
756 757 0 744 684
757 758 0 745 685
758 759 0 746 686
759 760 0 747 687
760 761 0 748 688
761 762 0 749 689
762 763 0 750 690
763 764 0 751 691
764 765 0 752 692
765 766 0 753 693
766 767 0 754 694
767 768 0 755 695
768 769 0 756 696
769 770 0 757 697
770 771 0 758 698
771 772 0 759 699
772 773 0 760 700
773 774 0 761 701
774 775 0 762 702
775 776 0 763 703
776 777 0 764 704
777 778 0 765 705
778 779 0 766 706
779 780 0 767 707
780 781 0 768 708
781 782 0 769 709
782 783 0 770 710
783 784 0 771 711
784 785 0 772 712
785 786 0 773 713
786 787 0 774 714
787 788 0 775 715
788 789 0 776 716
789 790 0 777 717
790 791 0 778 718
791 792 0 779 719
793 794 0 780 720
794 795 0 781 721
795 796 0 782 722
796 797 0 783 723
797 798 0 784 724
798 799 0 785 725
799 800 0 786 726
800 801 0 787 727
801 802 0 788 728
802 803 0 789 729
803 804 0 790 730
804 805 0 791 731
805 806 0 792 732
806 807 0 793 733
807 808 0 794 734
808 809 0 795 735
809 810 0 796 736
810 811 0 797 737
811 812 0 798 738
812 813 0 799 739
813 814 0 800 740
814 815 0 801 741
815 816 0 802 742
816 817 0 803 743
817 818 0 804 744
818 819 0 805 745
819 820 0 806 746
820 821 0 807 747
821 822 0 808 748
822 823 0 809 749
823 824 0 810 750
824 825 0 811 751
825 826 0 812 752
826 827 0 813 753
827 828 0 814 754
828 829 0 815 755
829 830 0 816 756
830 831 0 817 757
831 832 0 818 758
832 833 0 819 759
833 834 0 820 760
834 835 0 821 761
835 836 0 822 762
836 837 0 823 763
837 838 0 824 764
838 839 0 825 765
839 840 0 826 766
840 841 0 827 767
841 842 0 828 768
842 843 0 829 769
843 844 0 830 770
844 845 0 831 771
845 846 0 832 772
846 847 0 833 773
847 848 0 834 774
848 849 0 835 775
849 850 0 836 776
850 851 0 837 777
851 852 0 838 778
852 853 0 839 779
854 855 0 840 780
855 856 0 841 781
856 857 0 842 782
857 858 0 843 783
858 859 0 844 784
859 860 0 845 785
860 861 0 846 786
861 862 0 847 787
862 863 0 848 788
863 864 0 849 789
864 865 0 850 790
865 866 0 851 791
866 867 0 852 792
867 868 0 853 793
868 869 0 854 794
869 870 0 855 795
870 871 0 856 796
871 872 0 857 797
872 873 0 858 798
873 874 0 859 799
874 875 0 860 800
875 876 0 861 801
876 877 0 862 802
877 878 0 863 803
878 879 0 864 804
879 880 0 865 805
880 881 0 866 806
881 882 0 867 807
882 883 0 868 808
883 884 0 869 809
884 885 0 870 810
885 886 0 871 811
886 887 0 872 812
887 888 0 873 813
888 889 0 874 814
889 890 0 875 815
890 891 0 876 816
891 892 0 877 817
892 893 0 878 818
893 894 0 879 819
894 895 0 880 820
895 896 0 881 821
896 897 0 882 822
897 898 0 883 823
898 899 0 884 824
899 900 0 885 825
900 901 0 886 826
901 902 0 887 827
902 903 0 888 828
903 904 0 889 829
904 905 0 890 830
905 906 0 891 831
906 907 0 892 832
907 908 0 893 833
908 909 0 894 834
909 910 0 895 835
910 911 0 896 836
911 912 0 897 837
912 913 0 898 838
913 914 0 899 839
915 916 0 900 840
916 917 0 901 841
917 918 0 902 842
918 919 0 903 843
919 920 0 904 844
920 921 0 905 845
921 922 0 906 846
922 923 0 907 847
923 924 0 908 848
924 925 0 909 849
925 926 0 910 850
926 927 0 911 851
927 928 0 912 852
928 929 0 913 853
929 930 0 914 854
930 931 0 915 855
931 932 0 916 856
932 933 0 917 857
933 934 0 918 858
934 935 0 919 859
935 936 0 920 860
936 937 0 921 861
937 938 0 922 862
938 939 0 923 863
939 940 0 924 864
940 941 0 925 865
941 942 0 926 866
942 943 0 927 867
943 944 0 928 868
944 945 0 929 869
945 946 0 930 870
946 947 0 931 871
947 948 0 932 872
948 949 0 933 873
949 950 0 934 874
950 951 0 935 875
951 952 0 936 876
952 953 0 937 877
953 954 0 938 878
954 955 0 939 879
955 956 0 940 880
956 957 0 941 881
957 958 0 942 882
958 959 0 943 883
959 960 0 944 884
960 961 0 945 885
961 962 0 946 886
962 963 0 947 887
963 964 0 948 888
964 965 0 949 889
965 966 0 950 890
966 967 0 951 891
967 968 0 952 892
968 969 0 953 893
969 970 0 954 894
970 971 0 955 895
971 972 0 956 896
972 973 0 957 897
973 974 0 958 898
974 975 0 959 899
976 977 0 960 900
977 978 0 961 901
978 979 0 962 902
979 980 0 963 903
980 981 0 964 904
981 982 0 965 905
982 983 0 966 906
983 984 0 967 907
984 985 0 968 908
985 986 0 969 909
986 987 0 970 910
987 988 0 971 911
988 989 0 972 912
989 990 0 973 913
990 991 0 974 914
991 992 0 975 915
992 993 0 976 916
993 994 0 977 917
994 995 0 978 918
995 996 0 979 919
996 997 0 980 920
997 998 0 981 921
998 999 0 982 922
999 1000 0 983 923
1000 1001 0 984 924
1001 1002 0 985 925
1002 1003 0 986 926
1003 1004 0 987 927
1004 1005 0 988 928
1005 1006 0 989 929
1006 1007 0 990 930
1007 1008 0 991 931
1008 1009 0 992 932
1009 1010 0 993 933
1010 1011 0 994 934
1011 1012 0 995 935
1012 1013 0 996 936
1013 1014 0 997 937
1014 1015 0 998 938
1015 1016 0 999 939
1016 1017 0 1000 940
1017 1018 0 1001 941
1018 1019 0 1002 942
1019 1020 0 1003 943
1020 1021 0 1004 944
1021 1022 0 1005 945
1022 1023 0 1006 946
1023 1024 0 1007 947
1024 1025 0 1008 948
1025 1026 0 1009 949
1026 1027 0 1010 950
1027 1028 0 1011 951
1028 1029 0 1012 952
1029 1030 0 1013 953
1030 1031 0 1014 954
1031 1032 0 1015 955
1032 1033 0 1016 956
1033 1034 0 1017 957
1034 1035 0 1018 958
1035 1036 0 1019 959
1037 1038 0 1020 960
1038 1039 0 1021 961
1039 1040 0 1022 962
1040 1041 0 1023 963
1041 1042 0 1024 964
1042 1043 0 1025 965
1043 1044 0 1026 966
1044 1045 0 1027 967
1045 1046 0 1028 968
1046 1047 0 1029 969
1047 1048 0 1030 970
1048 1049 0 1031 971
1049 1050 0 1032 972
1050 1051 0 1033 973
1051 1052 0 1034 974
1052 1053 0 1035 975
1053 1054 0 1036 976
1054 1055 0 1037 977
1055 1056 0 1038 978
1056 1057 0 1039 979
1057 1058 0 1040 980
1058 1059 0 1041 981
1059 1060 0 1042 982
1060 1061 0 1043 983
1061 1062 0 1044 984
1062 1063 0 1045 985
1063 1064 0 1046 986
1064 1065 0 1047 987
1065 1066 0 1048 988
1066 1067 0 1049 989
1067 1068 0 1050 990
1068 1069 0 1051 991
1069 1070 0 1052 992
1070 1071 0 1053 993
1071 1072 0 1054 994
1072 1073 0 1055 995
1073 1074 0 1056 996
1074 1075 0 1057 997
1075 1076 0 1058 998
1076 1077 0 1059 999
1077 1078 0 1060 1000
1078 1079 0 1061 1001
1079 1080 0 1062 1002
1080 1081 0 1063 1003
1081 1082 0 1064 1004
1082 1083 0 1065 1005
1083 1084 0 1066 1006
1084 1085 0 1067 1007
1085 1086 0 1068 1008
1086 1087 0 1069 1009
1087 1088 0 1070 1010
1088 1089 0 1071 1011
1089 1090 0 1072 1012
1090 1091 0 1073 1013
1091 1092 0 1074 1014
1092 1093 0 1075 1015
1093 1094 0 1076 1016
1094 1095 0 1077 1017
1095 1096 0 1078 1018
1096 1097 0 1079 1019
1098 1099 0 1080 1020
1099 1100 0 1081 1021
1100 1101 0 1082 1022
1101 1102 0 1083 1023
1102 1103 0 1084 1024
1103 1104 0 1085 1025
1104 1105 0 1086 1026
1105 1106 0 1087 1027
1106 1107 0 1088 1028
1107 1108 0 1089 1029
1108 1109 0 1090 1030
1109 1110 0 1091 1031
1110 1111 0 1092 1032
1111 1112 0 1093 1033
1112 1113 0 1094 1034
1113 1114 0 1095 1035
1114 1115 0 1096 1036
1115 1116 0 1097 1037
1116 1117 0 1098 1038
1117 1118 0 1099 1039
1118 1119 0 1100 1040
1119 1120 0 1101 1041
1120 1121 0 1102 1042
1121 1122 0 1103 1043
1122 1123 0 1104 1044
1123 1124 0 1105 1045
1124 1125 0 1106 1046
1125 1126 0 1107 1047
1126 1127 0 1108 1048
1127 1128 0 1109 1049
1128 1129 0 1110 1050
1129 1130 0 1111 1051
1130 1131 0 1112 1052
1131 1132 0 1113 1053
1132 1133 0 1114 1054
1133 1134 0 1115 1055
1134 1135 0 1116 1056
1135 1136 0 1117 1057
1136 1137 0 1118 1058
1137 1138 0 1119 1059
1138 1139 0 1120 1060
1139 1140 0 1121 1061
1140 1141 0 1122 1062
1141 1142 0 1123 1063
1142 1143 0 1124 1064
1143 1144 0 1125 1065
1144 1145 0 1126 1066
1145 1146 0 1127 1067
1146 1147 0 1128 1068
1147 1148 0 1129 1069
1148 1149 0 1130 1070
1149 1150 0 1131 1071
1150 1151 0 1132 1072
1151 1152 0 1133 1073
1152 1153 0 1134 1074
1153 1154 0 1135 1075
1154 1155 0 1136 1076
1155 1156 0 1137 1077
1156 1157 0 1138 1078
1157 1158 0 1139 1079
1159 1160 0 1140 1080
1160 1161 0 1141 1081
1161 1162 0 1142 1082
1162 1163 0 1143 1083
1163 1164 0 1144 1084
1164 1165 0 1145 1085
1165 1166 0 1146 1086
1166 1167 0 1147 1087
1167 1168 0 1148 1088
1168 1169 0 1149 1089
1169 1170 0 1150 1090
1170 1171 0 1151 1091
1171 1172 0 1152 1092
1172 1173 0 1153 1093
1173 1174 0 1154 1094
1174 1175 0 1155 1095
1175 1176 0 1156 1096
1176 1177 0 1157 1097
1177 1178 0 1158 1098
1178 1179 0 1159 1099
1179 1180 0 1160 1100
1180 1181 0 1161 1101
1181 1182 0 1162 1102
1182 1183 0 1163 1103
1183 1184 0 1164 1104
1184 1185 0 1165 1105
1185 1186 0 1166 1106
1186 1187 0 1167 1107
1187 1188 0 1168 1108
1188 1189 0 1169 1109
1189 1190 0 1170 1110
1190 1191 0 1171 1111
1191 1192 0 1172 1112
1192 1193 0 1173 1113
1193 1194 0 1174 1114
1194 1195 0 1175 1115
1195 1196 0 1176 1116
1196 1197 0 1177 1117
1197 1198 0 1178 1118
1198 1199 0 1179 1119
1199 1200 0 1180 1120
1200 1201 0 1181 1121
1201 1202 0 1182 1122
1202 1203 0 1183 1123
1203 1204 0 1184 1124
1204 1205 0 1185 1125
1205 1206 0 1186 1126
1206 1207 0 1187 1127
1207 1208 0 1188 1128
1208 1209 0 1189 1129
1209 1210 0 1190 1130
1210 1211 0 1191 1131
1211 1212 0 1192 1132
1212 1213 0 1193 1133
1213 1214 0 1194 1134
1214 1215 0 1195 1135
1215 1216 0 1196 1136
1216 1217 0 1197 1137
1217 1218 0 1198 1138
1218 1219 0 1199 1139
1220 1221 0 1200 1140
1221 1222 0 1201 1141
1222 1223 0 1202 1142
1223 1224 0 1203 1143
1224 1225 0 1204 1144
1225 1226 0 1205 1145
1226 1227 0 1206 1146
1227 1228 0 1207 1147
1228 1229 0 1208 1148
1229 1230 0 1209 1149
1230 1231 0 1210 1150
1231 1232 0 1211 1151
1232 1233 0 1212 1152
1233 1234 0 1213 1153
1234 1235 0 1214 1154
1235 1236 0 1215 1155
1236 1237 0 1216 1156
1237 1238 0 1217 1157
1238 1239 0 1218 1158
1239 1240 0 1219 1159
1240 1241 0 1220 1160
1241 1242 0 1221 1161
1242 1243 0 1222 1162
1243 1244 0 1223 1163
1244 1245 0 1224 1164
1245 1246 0 1225 1165
1246 1247 0 1226 1166
1247 1248 0 1227 1167
1248 1249 0 1228 1168
1249 1250 0 1229 1169
1250 1251 0 1230 1170
1251 1252 0 1231 1171
1252 1253 0 1232 1172
1253 1254 0 1233 1173
1254 1255 0 1234 1174
1255 1256 0 1235 1175
1256 1257 0 1236 1176
1257 1258 0 1237 1177
1258 1259 0 1238 1178
1259 1260 0 1239 1179
1260 1261 0 1240 1180
1261 1262 0 1241 1181
1262 1263 0 1242 1182
1263 1264 0 1243 1183
1264 1265 0 1244 1184
1265 1266 0 1245 1185
1266 1267 0 1246 1186
1267 1268 0 1247 1187
1268 1269 0 1248 1188
1269 1270 0 1249 1189
1270 1271 0 1250 1190
1271 1272 0 1251 1191
1272 1273 0 1252 1192
1273 1274 0 1253 1193
1274 1275 0 1254 1194
1275 1276 0 1255 1195
1276 1277 0 1256 1196
1277 1278 0 1257 1197
1278 1279 0 1258 1198
1279 1280 0 1259 1199
1281 1282 0 1260 1200
1282 1283 0 1261 1201
1283 1284 0 1262 1202
1284 1285 0 1263 1203
1285 1286 0 1264 1204
1286 1287 0 1265 1205
1287 1288 0 1266 1206
1288 1289 0 1267 1207
1289 1290 0 1268 1208
1290 1291 0 1269 1209
1291 1292 0 1270 1210
1292 1293 0 1271 1211
1293 1294 0 1272 1212
1294 1295 0 1273 1213
1295 1296 0 1274 1214
1296 1297 0 1275 1215
1297 1298 0 1276 1216
1298 1299 0 1277 1217
1299 1300 0 1278 1218
1300 1301 0 1279 1219
1301 1302 0 1280 1220
1302 1303 0 1281 1221
1303 1304 0 1282 1222
1304 1305 0 1283 1223
1305 1306 0 1284 1224
1306 1307 0 1285 1225
1307 1308 0 1286 1226
1308 1309 0 1287 1227
1309 1310 0 1288 1228
1310 1311 0 1289 1229
1311 1312 0 1290 1230
1312 1313 0 1291 1231
1313 1314 0 1292 1232
1314 1315 0 1293 1233
1315 1316 0 1294 1234
1316 1317 0 1295 1235
1317 1318 0 1296 1236
1318 1319 0 1297 1237
1319 1320 0 1298 1238
1320 1321 0 1299 1239
1321 1322 0 1300 1240
1322 1323 0 1301 1241
1323 1324 0 1302 1242
1324 1325 0 1303 1243
1325 1326 0 1304 1244
1326 1327 0 1305 1245
1327 1328 0 1306 1246
1328 1329 0 1307 1247
1329 1330 0 1308 1248
1330 1331 0 1309 1249
1331 1332 0 1310 1250
1332 1333 0 1311 1251
1333 1334 0 1312 1252
1334 1335 0 1313 1253
1335 1336 0 1314 1254
1336 1337 0 1315 1255
1337 1338 0 1316 1256
1338 1339 0 1317 1257
1339 1340 0 1318 1258
1340 1341 0 1319 1259
1342 1343 0 1320 1260
1343 1344 0 1321 1261
1344 1345 0 1322 1262
1345 1346 0 1323 1263
1346 1347 0 1324 1264
1347 1348 0 1325 1265
1348 1349 0 1326 1266
1349 1350 0 1327 1267
1350 1351 0 1328 1268
1351 1352 0 1329 1269
1352 1353 0 1330 1270
1353 1354 0 1331 1271
1354 1355 0 1332 1272
1355 1356 0 1333 1273
1356 1357 0 1334 1274
1357 1358 0 1335 1275
1358 1359 0 1336 1276
1359 1360 0 1337 1277
1360 1361 0 1338 1278
1361 1362 0 1339 1279
1362 1363 0 1340 1280
1363 1364 0 1341 1281
1364 1365 0 1342 1282
1365 1366 0 1343 1283
1366 1367 0 1344 1284
1367 1368 0 1345 1285
1368 1369 0 1346 1286
1369 1370 0 1347 1287
1370 1371 0 1348 1288
1371 1372 0 1349 1289
1372 1373 0 1350 1290
1373 1374 0 1351 1291
1374 1375 0 1352 1292
1375 1376 0 1353 1293
1376 1377 0 1354 1294
1377 1378 0 1355 1295
1378 1379 0 1356 1296
1379 1380 0 1357 1297
1380 1381 0 1358 1298
1381 1382 0 1359 1299
1382 1383 0 1360 1300
1383 1384 0 1361 1301
1384 1385 0 1362 1302
1385 1386 0 1363 1303
1386 1387 0 1364 1304
1387 1388 0 1365 1305
1388 1389 0 1366 1306
1389 1390 0 1367 1307
1390 1391 0 1368 1308
1391 1392 0 1369 1309
1392 1393 0 1370 1310
1393 1394 0 1371 1311
1394 1395 0 1372 1312
1395 1396 0 1373 1313
1396 1397 0 1374 1314
1397 1398 0 1375 1315
1398 1399 0 1376 1316
1399 1400 0 1377 1317
1400 1401 0 1378 1318
1401 1402 0 1379 1319
1403 1404 0 1380 1320
1404 1405 0 1381 1321
1405 1406 0 1382 1322
1406 1407 0 1383 1323
1407 1408 0 1384 1324
1408 1409 0 1385 1325
1409 1410 0 1386 1326
1410 1411 0 1387 1327
1411 1412 0 1388 1328
1412 1413 0 1389 1329
1413 1414 0 1390 1330
1414 1415 0 1391 1331
1415 1416 0 1392 1332
1416 1417 0 1393 1333
1417 1418 0 1394 1334
1418 1419 0 1395 1335
1419 1420 0 1396 1336
1420 1421 0 1397 1337
1421 1422 0 1398 1338
1422 1423 0 1399 1339
1423 1424 0 1400 1340
1424 1425 0 1401 1341
1425 1426 0 1402 1342
1426 1427 0 1403 1343
1427 1428 0 1404 1344
1428 1429 0 1405 1345
1429 1430 0 1406 1346
1430 1431 0 1407 1347
1431 1432 0 1408 1348
1432 1433 0 1409 1349
1433 1434 0 1410 1350
1434 1435 0 1411 1351
1435 1436 0 1412 1352
1436 1437 0 1413 1353
1437 1438 0 1414 1354
1438 1439 0 1415 1355
1439 1440 0 1416 1356
1440 1441 0 1417 1357
1441 1442 0 1418 1358
1442 1443 0 1419 1359
1443 1444 0 1420 1360
1444 1445 0 1421 1361
1445 1446 0 1422 1362
1446 1447 0 1423 1363
1447 1448 0 1424 1364
1448 1449 0 1425 1365
1449 1450 0 1426 1366
1450 1451 0 1427 1367
1451 1452 0 1428 1368
1452 1453 0 1429 1369
1453 1454 0 1430 1370
1454 1455 0 1431 1371
1455 1456 0 1432 1372
1456 1457 0 1433 1373
1457 1458 0 1434 1374
1458 1459 0 1435 1375
1459 1460 0 1436 1376
1460 1461 0 1437 1377
1461 1462 0 1438 1378
1462 1463 0 1439 1379
1464 1465 0 1440 1380
1465 1466 0 1441 1381
1466 1467 0 1442 1382
1467 1468 0 1443 1383
1468 1469 0 1444 1384
1469 1470 0 1445 1385
1470 1471 0 1446 1386
1471 1472 0 1447 1387
1472 1473 0 1448 1388
1473 1474 0 1449 1389
1474 1475 0 1450 1390
1475 1476 0 1451 1391
1476 1477 0 1452 1392
1477 1478 0 1453 1393
1478 1479 0 1454 1394
1479 1480 0 1455 1395
1480 1481 0 1456 1396
1481 1482 0 1457 1397
1482 1483 0 1458 1398
1483 1484 0 1459 1399
1484 1485 0 1460 1400
1485 1486 0 1461 1401
1486 1487 0 1462 1402
1487 1488 0 1463 1403
1488 1489 0 1464 1404
1489 1490 0 1465 1405
1490 1491 0 1466 1406
1491 1492 0 1467 1407
1492 1493 0 1468 1408
1493 1494 0 1469 1409
1494 1495 0 1470 1410
1495 1496 0 1471 1411
1496 1497 0 1472 1412
1497 1498 0 1473 1413
1498 1499 0 1474 1414
1499 1500 0 1475 1415
1500 1501 0 1476 1416
1501 1502 0 1477 1417
1502 1503 0 1478 1418
1503 1504 0 1479 1419
1504 1505 0 1480 1420
1505 1506 0 1481 1421
1506 1507 0 1482 1422
1507 1508 0 1483 1423
1508 1509 0 1484 1424
1509 1510 0 1485 1425
1510 1511 0 1486 1426
1511 1512 0 1487 1427
1512 1513 0 1488 1428
1513 1514 0 1489 1429
1514 1515 0 1490 1430
1515 1516 0 1491 1431
1516 1517 0 1492 1432
1517 1518 0 1493 1433
1518 1519 0 1494 1434
1519 1520 0 1495 1435
1520 1521 0 1496 1436
1521 1522 0 1497 1437
1522 1523 0 1498 1438
1523 1524 0 1499 1439
1525 1526 0 1500 1440
1526 1527 0 1501 1441
1527 1528 0 1502 1442
1528 1529 0 1503 1443
1529 1530 0 1504 1444
1530 1531 0 1505 1445
1531 1532 0 1506 1446
1532 1533 0 1507 1447
1533 1534 0 1508 1448
1534 1535 0 1509 1449
1535 1536 0 1510 1450
1536 1537 0 1511 1451
1537 1538 0 1512 1452
1538 1539 0 1513 1453
1539 1540 0 1514 1454
1540 1541 0 1515 1455
1541 1542 0 1516 1456
1542 1543 0 1517 1457
1543 1544 0 1518 1458
1544 1545 0 1519 1459
1545 1546 0 1520 1460
1546 1547 0 1521 1461
1547 1548 0 1522 1462
1548 1549 0 1523 1463
1549 1550 0 1524 1464
1550 1551 0 1525 1465
1551 1552 0 1526 1466
1552 1553 0 1527 1467
1553 1554 0 1528 1468
1554 1555 0 1529 1469
1555 1556 0 1530 1470
1556 1557 0 1531 1471
1557 1558 0 1532 1472
1558 1559 0 1533 1473
1559 1560 0 1534 1474
1560 1561 0 1535 1475
1561 1562 0 1536 1476
1562 1563 0 1537 1477
1563 1564 0 1538 1478
1564 1565 0 1539 1479
1565 1566 0 1540 1480
1566 1567 0 1541 1481
1567 1568 0 1542 1482
1568 1569 0 1543 1483
1569 1570 0 1544 1484
1570 1571 0 1545 1485
1571 1572 0 1546 1486
1572 1573 0 1547 1487
1573 1574 0 1548 1488
1574 1575 0 1549 1489
1575 1576 0 1550 1490
1576 1577 0 1551 1491
1577 1578 0 1552 1492
1578 1579 0 1553 1493
1579 1580 0 1554 1494
1580 1581 0 1555 1495
1581 1582 0 1556 1496
1582 1583 0 1557 1497
1583 1584 0 1558 1498
1584 1585 0 1559 1499
1586 1587 0 1560 1500
1587 1588 0 1561 1501
1588 1589 0 1562 1502
1589 1590 0 1563 1503
1590 1591 0 1564 1504
1591 1592 0 1565 1505
1592 1593 0 1566 1506
1593 1594 0 1567 1507
1594 1595 0 1568 1508
1595 1596 0 1569 1509
1596 1597 0 1570 1510
1597 1598 0 1571 1511
1598 1599 0 1572 1512
1599 1600 0 1573 1513
1600 1601 0 1574 1514
1601 1602 0 1575 1515
1602 1603 0 1576 1516
1603 1604 0 1577 1517
1604 1605 0 1578 1518
1605 1606 0 1579 1519
1606 1607 0 1580 1520
1607 1608 0 1581 1521
1608 1609 0 1582 1522
1609 1610 0 1583 1523
1610 1611 0 1584 1524
1611 1612 0 1585 1525
1612 1613 0 1586 1526
1613 1614 0 1587 1527
1614 1615 0 1588 1528
1615 1616 0 1589 1529
1616 1617 0 1590 1530
1617 1618 0 1591 1531
1618 1619 0 1592 1532
1619 1620 0 1593 1533
1620 1621 0 1594 1534
1621 1622 0 1595 1535
1622 1623 0 1596 1536
1623 1624 0 1597 1537
1624 1625 0 1598 1538
1625 1626 0 1599 1539
1626 1627 0 1600 1540
1627 1628 0 1601 1541
1628 1629 0 1602 1542
1629 1630 0 1603 1543
1630 1631 0 1604 1544
1631 1632 0 1605 1545
1632 1633 0 1606 1546
1633 1634 0 1607 1547
1634 1635 0 1608 1548
1635 1636 0 1609 1549
1636 1637 0 1610 1550
1637 1638 0 1611 1551
1638 1639 0 1612 1552
1639 1640 0 1613 1553
1640 1641 0 1614 1554
1641 1642 0 1615 1555
1642 1643 0 1616 1556
1643 1644 0 1617 1557
1644 1645 0 1618 1558
1645 1646 0 1619 1559
1647 1648 0 1620 1560
1648 1649 0 1621 1561
1649 1650 0 1622 1562
1650 1651 0 1623 1563
1651 1652 0 1624 1564
1652 1653 0 1625 1565
1653 1654 0 1626 1566
1654 1655 0 1627 1567
1655 1656 0 1628 1568
1656 1657 0 1629 1569
1657 1658 0 1630 1570
1658 1659 0 1631 1571
1659 1660 0 1632 1572
1660 1661 0 1633 1573
1661 1662 0 1634 1574
1662 1663 0 1635 1575
1663 1664 0 1636 1576
1664 1665 0 1637 1577
1665 1666 0 1638 1578
1666 1667 0 1639 1579
1667 1668 0 1640 1580
1668 1669 0 1641 1581
1669 1670 0 1642 1582
1670 1671 0 1643 1583
1671 1672 0 1644 1584
1672 1673 0 1645 1585
1673 1674 0 1646 1586
1674 1675 0 1647 1587
1675 1676 0 1648 1588
1676 1677 0 1649 1589
1677 1678 0 1650 1590
1678 1679 0 1651 1591
1679 1680 0 1652 1592
1680 1681 0 1653 1593
1681 1682 0 1654 1594
1682 1683 0 1655 1595
1683 1684 0 1656 1596
1684 1685 0 1657 1597
1685 1686 0 1658 1598
1686 1687 0 1659 1599
1687 1688 0 1660 1600
1688 1689 0 1661 1601
1689 1690 0 1662 1602
1690 1691 0 1663 1603
1691 1692 0 1664 1604
1692 1693 0 1665 1605
1693 1694 0 1666 1606
1694 1695 0 1667 1607
1695 1696 0 1668 1608
1696 1697 0 1669 1609
1697 1698 0 1670 1610
1698 1699 0 1671 1611
1699 1700 0 1672 1612
1700 1701 0 1673 1613
1701 1702 0 1674 1614
1702 1703 0 1675 1615
1703 1704 0 1676 1616
1704 1705 0 1677 1617
1705 1706 0 1678 1618
1706 1707 0 1679 1619
1708 1709 0 1680 1620
1709 1710 0 1681 1621
1710 1711 0 1682 1622
1711 1712 0 1683 1623
1712 1713 0 1684 1624
1713 1714 0 1685 1625
1714 1715 0 1686 1626
1715 1716 0 1687 1627
1716 1717 0 1688 1628
1717 1718 0 1689 1629
1718 1719 0 1690 1630
1719 1720 0 1691 1631
1720 1721 0 1692 1632
1721 1722 0 1693 1633
1722 1723 0 1694 1634
1723 1724 0 1695 1635
1724 1725 0 1696 1636
1725 1726 0 1697 1637
1726 1727 0 1698 1638
1727 1728 0 1699 1639
1728 1729 0 1700 1640
1729 1730 0 1701 1641
1730 1731 0 1702 1642
1731 1732 0 1703 1643
1732 1733 0 1704 1644
1733 1734 0 1705 1645
1734 1735 0 1706 1646
1735 1736 0 1707 1647
1736 1737 0 1708 1648
1737 1738 0 1709 1649
1738 1739 0 1710 1650
1739 1740 0 1711 1651
1740 1741 0 1712 1652
1741 1742 0 1713 1653
1742 1743 0 1714 1654
1743 1744 0 1715 1655
1744 1745 0 1716 1656
1745 1746 0 1717 1657
1746 1747 0 1718 1658
1747 1748 0 1719 1659
1748 1749 0 1720 1660
1749 1750 0 1721 1661
1750 1751 0 1722 1662
1751 1752 0 1723 1663
1752 1753 0 1724 1664
1753 1754 0 1725 1665
1754 1755 0 1726 1666
1755 1756 0 1727 1667
1756 1757 0 1728 1668
1757 1758 0 1729 1669
1758 1759 0 1730 1670
1759 1760 0 1731 1671
1760 1761 0 1732 1672
1761 1762 0 1733 1673
1762 1763 0 1734 1674
1763 1764 0 1735 1675
1764 1765 0 1736 1676
1765 1766 0 1737 1677
1766 1767 0 1738 1678
1767 1768 0 1739 1679
1769 1770 0 1740 1680
1770 1771 0 1741 1681
1771 1772 0 1742 1682
1772 1773 0 1743 1683
1773 1774 0 1744 1684
1774 1775 0 1745 1685
1775 1776 0 1746 1686
1776 1777 0 1747 1687
1777 1778 0 1748 1688
1778 1779 0 1749 1689
1779 1780 0 1750 1690
1780 1781 0 1751 1691
1781 1782 0 1752 1692
1782 1783 0 1753 1693
1783 1784 0 1754 1694
1784 1785 0 1755 1695
1785 1786 0 1756 1696
1786 1787 0 1757 1697
1787 1788 0 1758 1698
1788 1789 0 1759 1699
1789 1790 0 1760 1700
1790 1791 0 1761 1701
1791 1792 0 1762 1702
1792 1793 0 1763 1703
1793 1794 0 1764 1704
1794 1795 0 1765 1705
1795 1796 0 1766 1706
1796 1797 0 1767 1707
1797 1798 0 1768 1708
1798 1799 0 1769 1709
1799 1800 0 1770 1710
1800 1801 0 1771 1711
1801 1802 0 1772 1712
1802 1803 0 1773 1713
1803 1804 0 1774 1714
1804 1805 0 1775 1715
1805 1806 0 1776 1716
1806 1807 0 1777 1717
1807 1808 0 1778 1718
1808 1809 0 1779 1719
1809 1810 0 1780 1720
1810 1811 0 1781 1721
1811 1812 0 1782 1722
1812 1813 0 1783 1723
1813 1814 0 1784 1724
1814 1815 0 1785 1725
1815 1816 0 1786 1726
1816 1817 0 1787 1727
1817 1818 0 1788 1728
1818 1819 0 1789 1729
1819 1820 0 1790 1730
1820 1821 0 1791 1731
1821 1822 0 1792 1732
1822 1823 0 1793 1733
1823 1824 0 1794 1734
1824 1825 0 1795 1735
1825 1826 0 1796 1736
1826 1827 0 1797 1737
1827 1828 0 1798 1738
1828 1829 0 1799 1739
1830 1831 0 1800 1740
1831 1832 0 1801 1741
1832 1833 0 1802 1742
1833 1834 0 1803 1743
1834 1835 0 1804 1744
1835 1836 0 1805 1745
1836 1837 0 1806 1746
1837 1838 0 1807 1747
1838 1839 0 1808 1748
1839 1840 0 1809 1749
1840 1841 0 1810 1750
1841 1842 0 1811 1751
1842 1843 0 1812 1752
1843 1844 0 1813 1753
1844 1845 0 1814 1754
1845 1846 0 1815 1755
1846 1847 0 1816 1756
1847 1848 0 1817 1757
1848 1849 0 1818 1758
1849 1850 0 1819 1759
1850 1851 0 1820 1760
1851 1852 0 1821 1761
1852 1853 0 1822 1762
1853 1854 0 1823 1763
1854 1855 0 1824 1764
1855 1856 0 1825 1765
1856 1857 0 1826 1766
1857 1858 0 1827 1767
1858 1859 0 1828 1768
1859 1860 0 1829 1769
1860 1861 0 1830 1770
1861 1862 0 1831 1771
1862 1863 0 1832 1772
1863 1864 0 1833 1773
1864 1865 0 1834 1774
1865 1866 0 1835 1775
1866 1867 0 1836 1776
1867 1868 0 1837 1777
1868 1869 0 1838 1778
1869 1870 0 1839 1779
1870 1871 0 1840 1780
1871 1872 0 1841 1781
1872 1873 0 1842 1782
1873 1874 0 1843 1783
1874 1875 0 1844 1784
1875 1876 0 1845 1785
1876 1877 0 1846 1786
1877 1878 0 1847 1787
1878 1879 0 1848 1788
1879 1880 0 1849 1789
1880 1881 0 1850 1790
1881 1882 0 1851 1791
1882 1883 0 1852 1792
1883 1884 0 1853 1793
1884 1885 0 1854 1794
1885 1886 0 1855 1795
1886 1887 0 1856 1796
1887 1888 0 1857 1797
1888 1889 0 1858 1798
1889 1890 0 1859 1799
1891 1892 0 1860 1800
1892 1893 0 1861 1801
1893 1894 0 1862 1802
1894 1895 0 1863 1803
1895 1896 0 1864 1804
1896 1897 0 1865 1805
1897 1898 0 1866 1806
1898 1899 0 1867 1807
1899 1900 0 1868 1808
1900 1901 0 1869 1809
1901 1902 0 1870 1810
1902 1903 0 1871 1811
1903 1904 0 1872 1812
1904 1905 0 1873 1813
1905 1906 0 1874 1814
1906 1907 0 1875 1815
1907 1908 0 1876 1816
1908 1909 0 1877 1817
1909 1910 0 1878 1818
1910 1911 0 1879 1819
1911 1912 0 1880 1820
1912 1913 0 1881 1821
1913 1914 0 1882 1822
1914 1915 0 1883 1823
1915 1916 0 1884 1824
1916 1917 0 1885 1825
1917 1918 0 1886 1826
1918 1919 0 1887 1827
1919 1920 0 1888 1828
1920 1921 0 1889 1829
1921 1922 0 1890 1830
1922 1923 0 1891 1831
1923 1924 0 1892 1832
1924 1925 0 1893 1833
1925 1926 0 1894 1834
1926 1927 0 1895 1835
1927 1928 0 1896 1836
1928 1929 0 1897 1837
1929 1930 0 1898 1838
1930 1931 0 1899 1839
1931 1932 0 1900 1840
1932 1933 0 1901 1841
1933 1934 0 1902 1842
1934 1935 0 1903 1843
1935 1936 0 1904 1844
1936 1937 0 1905 1845
1937 1938 0 1906 1846
1938 1939 0 1907 1847
1939 1940 0 1908 1848
1940 1941 0 1909 1849
1941 1942 0 1910 1850
1942 1943 0 1911 1851
1943 1944 0 1912 1852
1944 1945 0 1913 1853
1945 1946 0 1914 1854
1946 1947 0 1915 1855
1947 1948 0 1916 1856
1948 1949 0 1917 1857
1949 1950 0 1918 1858
1950 1951 0 1919 1859
1952 1953 0 1920 1860
1953 1954 0 1921 1861
1954 1955 0 1922 1862
1955 1956 0 1923 1863
1956 1957 0 1924 1864
1957 1958 0 1925 1865
1958 1959 0 1926 1866
1959 1960 0 1927 1867
1960 1961 0 1928 1868
1961 1962 0 1929 1869
1962 1963 0 1930 1870
1963 1964 0 1931 1871
1964 1965 0 1932 1872
1965 1966 0 1933 1873
1966 1967 0 1934 1874
1967 1968 0 1935 1875
1968 1969 0 1936 1876
1969 1970 0 1937 1877
1970 1971 0 1938 1878
1971 1972 0 1939 1879
1972 1973 0 1940 1880
1973 1974 0 1941 1881
1974 1975 0 1942 1882
1975 1976 0 1943 1883
1976 1977 0 1944 1884
1977 1978 0 1945 1885
1978 1979 0 1946 1886
1979 1980 0 1947 1887
1980 1981 0 1948 1888
1981 1982 0 1949 1889
1982 1983 0 1950 1890
1983 1984 0 1951 1891
1984 1985 0 1952 1892
1985 1986 0 1953 1893
1986 1987 0 1954 1894
1987 1988 0 1955 1895
1988 1989 0 1956 1896
1989 1990 0 1957 1897
1990 1991 0 1958 1898
1991 1992 0 1959 1899
1992 1993 0 1960 1900
1993 1994 0 1961 1901
1994 1995 0 1962 1902
1995 1996 0 1963 1903
1996 1997 0 1964 1904
1997 1998 0 1965 1905
1998 1999 0 1966 1906
1999 2000 0 1967 1907
2000 2001 0 1968 1908
2001 2002 0 1969 1909
2002 2003 0 1970 1910
2003 2004 0 1971 1911
2004 2005 0 1972 1912
2005 2006 0 1973 1913
2006 2007 0 1974 1914
2007 2008 0 1975 1915
2008 2009 0 1976 1916
2009 2010 0 1977 1917
2010 2011 0 1978 1918
2011 2012 0 1979 1919
2013 2014 0 1980 1920
2014 2015 0 1981 1921
2015 2016 0 1982 1922
2016 2017 0 1983 1923
2017 2018 0 1984 1924
2018 2019 0 1985 1925
2019 2020 0 1986 1926
2020 2021 0 1987 1927
2021 2022 0 1988 1928
2022 2023 0 1989 1929
2023 2024 0 1990 1930
2024 2025 0 1991 1931
2025 2026 0 1992 1932
2026 2027 0 1993 1933
2027 2028 0 1994 1934
2028 2029 0 1995 1935
2029 2030 0 1996 1936
2030 2031 0 1997 1937
2031 2032 0 1998 1938
2032 2033 0 1999 1939
2033 2034 0 2000 1940
2034 2035 0 2001 1941
2035 2036 0 2002 1942
2036 2037 0 2003 1943
2037 2038 0 2004 1944
2038 2039 0 2005 1945
2039 2040 0 2006 1946
2040 2041 0 2007 1947
2041 2042 0 2008 1948
2042 2043 0 2009 1949
2043 2044 0 2010 1950
2044 2045 0 2011 1951
2045 2046 0 2012 1952
2046 2047 0 2013 1953
2047 2048 0 2014 1954
2048 2049 0 2015 1955
2049 2050 0 2016 1956
2050 2051 0 2017 1957
2051 2052 0 2018 1958
2052 2053 0 2019 1959
2053 2054 0 2020 1960
2054 2055 0 2021 1961
2055 2056 0 2022 1962
2056 2057 0 2023 1963
2057 2058 0 2024 1964
2058 2059 0 2025 1965
2059 2060 0 2026 1966
2060 2061 0 2027 1967
2061 2062 0 2028 1968
2062 2063 0 2029 1969
2063 2064 0 2030 1970
2064 2065 0 2031 1971
2065 2066 0 2032 1972
2066 2067 0 2033 1973
2067 2068 0 2034 1974
2068 2069 0 2035 1975
2069 2070 0 2036 1976
2070 2071 0 2037 1977
2071 2072 0 2038 1978
2072 2073 0 2039 1979
2074 2075 0 2040 1980
2075 2076 0 2041 1981
2076 2077 0 2042 1982
2077 2078 0 2043 1983
2078 2079 0 2044 1984
2079 2080 0 2045 1985
2080 2081 0 2046 1986
2081 2082 0 2047 1987
2082 2083 0 2048 1988
2083 2084 0 2049 1989
2084 2085 0 2050 1990
2085 2086 0 2051 1991
2086 2087 0 2052 1992
2087 2088 0 2053 1993
2088 2089 0 2054 1994
2089 2090 0 2055 1995
2090 2091 0 2056 1996
2091 2092 0 2057 1997
2092 2093 0 2058 1998
2093 2094 0 2059 1999
2094 2095 0 2060 2000
2095 2096 0 2061 2001
2096 2097 0 2062 2002
2097 2098 0 2063 2003
2098 2099 0 2064 2004
2099 2100 0 2065 2005
2100 2101 0 2066 2006
2101 2102 0 2067 2007
2102 2103 0 2068 2008
2103 2104 0 2069 2009
2104 2105 0 2070 2010
2105 2106 0 2071 2011
2106 2107 0 2072 2012
2107 2108 0 2073 2013
2108 2109 0 2074 2014
2109 2110 0 2075 2015
2110 2111 0 2076 2016
2111 2112 0 2077 2017
2112 2113 0 2078 2018
2113 2114 0 2079 2019
2114 2115 0 2080 2020
2115 2116 0 2081 2021
2116 2117 0 2082 2022
2117 2118 0 2083 2023
2118 2119 0 2084 2024
2119 2120 0 2085 2025
2120 2121 0 2086 2026
2121 2122 0 2087 2027
2122 2123 0 2088 2028
2123 2124 0 2089 2029
2124 2125 0 2090 2030
2125 2126 0 2091 2031
2126 2127 0 2092 2032
2127 2128 0 2093 2033
2128 2129 0 2094 2034
2129 2130 0 2095 2035
2130 2131 0 2096 2036
2131 2132 0 2097 2037
2132 2133 0 2098 2038
2133 2134 0 2099 2039
2135 2136 0 2100 2040
2136 2137 0 2101 2041
2137 2138 0 2102 2042
2138 2139 0 2103 2043
2139 2140 0 2104 2044
2140 2141 0 2105 2045
2141 2142 0 2106 2046
2142 2143 0 2107 2047
2143 2144 0 2108 2048
2144 2145 0 2109 2049
2145 2146 0 2110 2050
2146 2147 0 2111 2051
2147 2148 0 2112 2052
2148 2149 0 2113 2053
2149 2150 0 2114 2054
2150 2151 0 2115 2055
2151 2152 0 2116 2056
2152 2153 0 2117 2057
2153 2154 0 2118 2058
2154 2155 0 2119 2059
2155 2156 0 2120 2060
2156 2157 0 2121 2061
2157 2158 0 2122 2062
2158 2159 0 2123 2063
2159 2160 0 2124 2064
2160 2161 0 2125 2065
2161 2162 0 2126 2066
2162 2163 0 2127 2067
2163 2164 0 2128 2068
2164 2165 0 2129 2069
2165 2166 0 2130 2070
2166 2167 0 2131 2071
2167 2168 0 2132 2072
2168 2169 0 2133 2073
2169 2170 0 2134 2074
2170 2171 0 2135 2075
2171 2172 0 2136 2076
2172 2173 0 2137 2077
2173 2174 0 2138 2078
2174 2175 0 2139 2079
2175 2176 0 2140 2080
2176 2177 0 2141 2081
2177 2178 0 2142 2082
2178 2179 0 2143 2083
2179 2180 0 2144 2084
2180 2181 0 2145 2085
2181 2182 0 2146 2086
2182 2183 0 2147 2087
2183 2184 0 2148 2088
2184 2185 0 2149 2089
2185 2186 0 2150 2090
2186 2187 0 2151 2091
2187 2188 0 2152 2092
2188 2189 0 2153 2093
2189 2190 0 2154 2094
2190 2191 0 2155 2095
2191 2192 0 2156 2096
2192 2193 0 2157 2097
2193 2194 0 2158 2098
2194 2195 0 2159 2099
2196 2197 0 2160 2100
2197 2198 0 2161 2101
2198 2199 0 2162 2102
2199 2200 0 2163 2103
2200 2201 0 2164 2104
2201 2202 0 2165 2105
2202 2203 0 2166 2106
2203 2204 0 2167 2107
2204 2205 0 2168 2108
2205 2206 0 2169 2109
2206 2207 0 2170 2110
2207 2208 0 2171 2111
2208 2209 0 2172 2112
2209 2210 0 2173 2113
2210 2211 0 2174 2114
2211 2212 0 2175 2115
2212 2213 0 2176 2116
2213 2214 0 2177 2117
2214 2215 0 2178 2118
2215 2216 0 2179 2119
2216 2217 0 2180 2120
2217 2218 0 2181 2121
2218 2219 0 2182 2122
2219 2220 0 2183 2123
2220 2221 0 2184 2124
2221 2222 0 2185 2125
2222 2223 0 2186 2126
2223 2224 0 2187 2127
2224 2225 0 2188 2128
2225 2226 0 2189 2129
2226 2227 0 2190 2130
2227 2228 0 2191 2131
2228 2229 0 2192 2132
2229 2230 0 2193 2133
2230 2231 0 2194 2134
2231 2232 0 2195 2135
2232 2233 0 2196 2136
2233 2234 0 2197 2137
2234 2235 0 2198 2138
2235 2236 0 2199 2139
2236 2237 0 2200 2140
2237 2238 0 2201 2141
2238 2239 0 2202 2142
2239 2240 0 2203 2143
2240 2241 0 2204 2144
2241 2242 0 2205 2145
2242 2243 0 2206 2146
2243 2244 0 2207 2147
2244 2245 0 2208 2148
2245 2246 0 2209 2149
2246 2247 0 2210 2150
2247 2248 0 2211 2151
2248 2249 0 2212 2152
2249 2250 0 2213 2153
2250 2251 0 2214 2154
2251 2252 0 2215 2155
2252 2253 0 2216 2156
2253 2254 0 2217 2157
2254 2255 0 2218 2158
2255 2256 0 2219 2159
2257 2258 0 2220 2160
2258 2259 0 2221 2161
2259 2260 0 2222 2162
2260 2261 0 2223 2163
2261 2262 0 2224 2164
2262 2263 0 2225 2165
2263 2264 0 2226 2166
2264 2265 0 2227 2167
2265 2266 0 2228 2168
2266 2267 0 2229 2169
2267 2268 0 2230 2170
2268 2269 0 2231 2171
2269 2270 0 2232 2172
2270 2271 0 2233 2173
2271 2272 0 2234 2174
2272 2273 0 2235 2175
2273 2274 0 2236 2176
2274 2275 0 2237 2177
2275 2276 0 2238 2178
2276 2277 0 2239 2179
2277 2278 0 2240 2180
2278 2279 0 2241 2181
2279 2280 0 2242 2182
2280 2281 0 2243 2183
2281 2282 0 2244 2184
2282 2283 0 2245 2185
2283 2284 0 2246 2186
2284 2285 0 2247 2187
2285 2286 0 2248 2188
2286 2287 0 2249 2189
2287 2288 0 2250 2190
2288 2289 0 2251 2191
2289 2290 0 2252 2192
2290 2291 0 2253 2193
2291 2292 0 2254 2194
2292 2293 0 2255 2195
2293 2294 0 2256 2196
2294 2295 0 2257 2197
2295 2296 0 2258 2198
2296 2297 0 2259 2199
2297 2298 0 2260 2200
2298 2299 0 2261 2201
2299 2300 0 2262 2202
2300 2301 0 2263 2203
2301 2302 0 2264 2204
2302 2303 0 2265 2205
2303 2304 0 2266 2206
2304 2305 0 2267 2207
2305 2306 0 2268 2208
2306 2307 0 2269 2209
2307 2308 0 2270 2210
2308 2309 0 2271 2211
2309 2310 0 2272 2212
2310 2311 0 2273 2213
2311 2312 0 2274 2214
2312 2313 0 2275 2215
2313 2314 0 2276 2216
2314 2315 0 2277 2217
2315 2316 0 2278 2218
2316 2317 0 2279 2219
2318 2319 0 2280 2220
2319 2320 0 2281 2221
2320 2321 0 2282 2222
2321 2322 0 2283 2223
2322 2323 0 2284 2224
2323 2324 0 2285 2225
2324 2325 0 2286 2226
2325 2326 0 2287 2227
2326 2327 0 2288 2228
2327 2328 0 2289 2229
2328 2329 0 2290 2230
2329 2330 0 2291 2231
2330 2331 0 2292 2232
2331 2332 0 2293 2233
2332 2333 0 2294 2234
2333 2334 0 2295 2235
2334 2335 0 2296 2236
2335 2336 0 2297 2237
2336 2337 0 2298 2238
2337 2338 0 2299 2239
2338 2339 0 2300 2240
2339 2340 0 2301 2241
2340 2341 0 2302 2242
2341 2342 0 2303 2243
2342 2343 0 2304 2244
2343 2344 0 2305 2245
2344 2345 0 2306 2246
2345 2346 0 2307 2247
2346 2347 0 2308 2248
2347 2348 0 2309 2249
2348 2349 0 2310 2250
2349 2350 0 2311 2251
2350 2351 0 2312 2252
2351 2352 0 2313 2253
2352 2353 0 2314 2254
2353 2354 0 2315 2255
2354 2355 0 2316 2256
2355 2356 0 2317 2257
2356 2357 0 2318 2258
2357 2358 0 2319 2259
2358 2359 0 2320 2260
2359 2360 0 2321 2261
2360 2361 0 2322 2262
2361 2362 0 2323 2263
2362 2363 0 2324 2264
2363 2364 0 2325 2265
2364 2365 0 2326 2266
2365 2366 0 2327 2267
2366 2367 0 2328 2268
2367 2368 0 2329 2269
2368 2369 0 2330 2270
2369 2370 0 2331 2271
2370 2371 0 2332 2272
2371 2372 0 2333 2273
2372 2373 0 2334 2274
2373 2374 0 2335 2275
2374 2375 0 2336 2276
2375 2376 0 2337 2277
2376 2377 0 2338 2278
2377 2378 0 2339 2279
2379 2380 0 2340 2280
2380 2381 0 2341 2281
2381 2382 0 2342 2282
2382 2383 0 2343 2283
2383 2384 0 2344 2284
2384 2385 0 2345 2285
2385 2386 0 2346 2286
2386 2387 0 2347 2287
2387 2388 0 2348 2288
2388 2389 0 2349 2289
2389 2390 0 2350 2290
2390 2391 0 2351 2291
2391 2392 0 2352 2292
2392 2393 0 2353 2293
2393 2394 0 2354 2294
2394 2395 0 2355 2295
2395 2396 0 2356 2296
2396 2397 0 2357 2297
2397 2398 0 2358 2298
2398 2399 0 2359 2299
2399 2400 0 2360 2300
2400 2401 0 2361 2301
2401 2402 0 2362 2302
2402 2403 0 2363 2303
2403 2404 0 2364 2304
2404 2405 0 2365 2305
2405 2406 0 2366 2306
2406 2407 0 2367 2307
2407 2408 0 2368 2308
2408 2409 0 2369 2309
2409 2410 0 2370 2310
2410 2411 0 2371 2311
2411 2412 0 2372 2312
2412 2413 0 2373 2313
2413 2414 0 2374 2314
2414 2415 0 2375 2315
2415 2416 0 2376 2316
2416 2417 0 2377 2317
2417 2418 0 2378 2318
2418 2419 0 2379 2319
2419 2420 0 2380 2320
2420 2421 0 2381 2321
2421 2422 0 2382 2322
2422 2423 0 2383 2323
2423 2424 0 2384 2324
2424 2425 0 2385 2325
2425 2426 0 2386 2326
2426 2427 0 2387 2327
2427 2428 0 2388 2328
2428 2429 0 2389 2329
2429 2430 0 2390 2330
2430 2431 0 2391 2331
2431 2432 0 2392 2332
2432 2433 0 2393 2333
2433 2434 0 2394 2334
2434 2435 0 2395 2335
2435 2436 0 2396 2336
2436 2437 0 2397 2337
2437 2438 0 2398 2338
2438 2439 0 2399 2339
2440 2441 1 2340 -1
2441 2442 1 2341 -1
2442 2443 1 2342 -1
2443 2444 1 2343 -1
2444 2445 1 2344 -1
2445 2446 1 2345 -1
2446 2447 1 2346 -1
2447 2448 1 2347 -1
2448 2449 1 2348 -1
2449 2450 1 2349 -1
2450 2451 1 2350 -1
2451 2452 1 2351 -1
2452 2453 1 2352 -1
2453 2454 1 2353 -1
2454 2455 1 2354 -1
2455 2456 1 2355 -1
2456 2457 1 2356 -1
2457 2458 1 2357 -1
2458 2459 1 2358 -1
2459 2460 1 2359 -1
2460 2461 1 2360 -1
2461 2462 1 2361 -1
2462 2463 1 2362 -1
2463 2464 1 2363 -1
2464 2465 1 2364 -1
2465 2466 1 2365 -1
2466 2467 1 2366 -1
2467 2468 1 2367 -1
2468 2469 1 2368 -1
2469 2470 1 2369 -1
2470 2471 1 2370 -1
2471 2472 1 2371 -1
2472 2473 1 2372 -1
2473 2474 1 2373 -1
2474 2475 1 2374 -1
2475 2476 1 2375 -1
2476 2477 1 2376 -1
2477 2478 1 2377 -1
2478 2479 1 2378 -1
2479 2480 1 2379 -1
2480 2481 1 2380 -1
2481 2482 1 2381 -1
2482 2483 1 2382 -1
2483 2484 1 2383 -1
2484 2485 1 2384 -1
2485 2486 1 2385 -1
2486 2487 1 2386 -1
2487 2488 1 2387 -1
2488 2489 1 2388 -1
2489 2490 1 2389 -1
2490 2491 1 2390 -1
2491 2492 1 2391 -1
2492 2493 1 2392 -1
2493 2494 1 2393 -1
2494 2495 1 2394 -1
2495 2496 1 2395 -1
2496 2497 1 2396 -1
2497 2498 1 2397 -1
2498 2499 1 2398 -1
2499 2500 1 2399 -1
